/*--------------------------------*- C++ -*----------------------------------*\
| =========                 |                                                 |
| \\      /  F ield         | OpenFOAM: The Open Source CFD Toolbox           |
|  \\    /   O peration     | Version:  2206                                  |
|   \\  /    A nd           | Website:  www.openfoam.com                      |
|    \\/     M anipulation  |                                                 |
\*---------------------------------------------------------------------------*/
FoamFile
{
    version     2.0;
    format      ascii;
    arch        "LSB;label=32;scalar=64";
    class       surfaceVectorField;
    location    "0.2";
    object      Uf;
}
// * * * * * * * * * * * * * * * * * * * * * * * * * * * * * * * * * * * * * //

dimensions      [0 1 -1 0 0 0 0];

internalField   nonuniform List<vector> 
3650
(
(0.85981 0.0516415 0)
(0.902548 0.14019 0)
(0.705403 0.0819304 0)
(0.900875 0.154407 0)
(0.577318 0.0641067 0)
(0.846181 0.128085 0)
(0.482482 0.0346641 0)
(0.762094 0.0948366 0)
(0.418693 0.0161625 0)
(0.693334 0.0637884 0)
(0.379224 0.00741634 0)
(0.643941 0.0394694 0)
(0.35602 0.00311264 0)
(0.610483 0.0232038 0)
(0.343093 0.00103508 0)
(0.588311 0.0129277 0)
(0.336236 0.000121022 0)
(0.574398 0.00685682 0)
(0.332751 -0.000238177 0)
(0.566024 0.00348444 0)
(0.331079 -0.000366211 0)
(0.561049 0.00167265 0)
(0.330369 -0.00041045 0)
(0.558097 0.000709731 0)
(0.330178 -0.000438885 0)
(0.556344 0.000191929 0)
(0.330286 -0.000484086 0)
(0.5553 -0.000108673 0)
(0.33059 -0.0005515 0)
(0.554665 -0.000302992 0)
(0.331063 -0.00063993 0)
(0.554301 -0.000473491 0)
(0.331693 -0.00075264 0)
(0.554106 -0.00062939 0)
(0.332469 -0.000889674 0)
(0.554009 -0.000776598 0)
(0.333376 -0.00104774 0)
(0.553946 -0.000906841 0)
(0.334397 -0.00121833 0)
(0.553843 -0.00102081 0)
(0.33549 -0.00138702 0)
(0.553609 -0.00109262 0)
(0.336595 -0.00153429 0)
(0.553134 -0.00110483 0)
(0.337673 -0.00165162 0)
(0.552293 -0.00107898 0)
(0.338649 -0.00173503 0)
(0.550979 -0.000976426 0)
(0.339512 -0.0017668 0)
(0.549181 -0.000863126 0)
(0.340299 -0.00171943 0)
(0.547023 -0.000788181 0)
(0.341069 -0.00156594 0)
(0.544741 -0.000769726 0)
(0.341861 -0.00129197 0)
(0.542714 -0.00079252 0)
(0.342667 -0.000891178 0)
(0.541297 -0.000806852 0)
(0.343401 -0.000379436 0)
(0.540704 -0.000733745 0)
(0.343891 0.000179908 0)
(0.540919 -0.000490589 0)
(0.344061 0.000728399 0)
(0.541605 -0.000169991 0)
(0.343872 0.00120799 0)
(0.54274 0.000188892 0)
(0.343353 0.00156381 0)
(0.544179 0.000518056 0)
(0.342554 0.0017809 0)
(0.545792 0.000800748 0)
(0.341518 0.00186695 0)
(0.547439 0.00103621 0)
(0.340313 0.00184479 0)
(0.548987 0.00120546 0)
(0.339019 0.00174118 0)
(0.550323 0.00129363 0)
(0.337706 0.00158692 0)
(0.55142 0.00131331 0)
(0.33643 0.00140734 0)
(0.552258 0.00127652 0)
(0.335225 0.00121613 0)
(0.552843 0.00120495 0)
(0.334095 0.00102682 0)
(0.5532 0.0011299 0)
(0.333064 0.000855421 0)
(0.553367 0.00103122 0)
(0.332142 0.000707083 0)
(0.553383 0.000921984 0)
(0.33133 0.000580068 0)
(0.553292 0.000812927 0)
(0.330621 0.000471972 0)
(0.553128 0.000708499 0)
(0.33001 0.00038187 0)
(0.552922 0.000611162 0)
(0.329489 0.000308254 0)
(0.552698 0.00052047 0)
(0.329051 0.000247277 0)
(0.552478 0.000438793 0)
(0.328686 0.000197091 0)
(0.55227 0.000365241 0)
(0.328385 0.000156457 0)
(0.55208 0.000301172 0)
(0.328138 0.000123753 0)
(0.551911 0.000246638 0)
(0.327937 9.75865e-05 0)
(0.551765 0.000201012 0)
(0.327774 7.68155e-05 0)
(0.551639 0.000162936 0)
(0.327643 6.04193e-05 0)
(0.551533 0.000131558 0)
(0.327537 4.7428e-05 0)
(0.551444 0.00010573 0)
(0.327452 3.71726e-05 0)
(0.551371 8.47674e-05 0)
(0.327385 2.90446e-05 0)
(0.551311 6.77327e-05 0)
(0.327331 2.26068e-05 0)
(0.551261 5.39766e-05 0)
(0.327288 1.75246e-05 0)
(0.551221 4.27576e-05 0)
(0.327254 1.3528e-05 0)
(0.551188 3.38132e-05 0)
(0.327228 1.04117e-05 0)
(0.551162 2.66241e-05 0)
(0.327207 8.00157e-06 0)
(0.551141 2.09434e-05 0)
(0.32719 6.12394e-06 0)
(0.551124 1.6385e-05 0)
(0.327178 4.65707e-06 0)
(0.55111 1.28089e-05 0)
(0.327168 3.51951e-06 0)
(0.5511 9.90704e-06 0)
(0.32716 2.64737e-06 0)
(0.551092 7.65263e-06 0)
(0.327154 1.98413e-06 0)
(0.551085 5.84515e-06 0)
(0.32715 1.47371e-06 0)
(0.55108 4.47069e-06 0)
(0.327146 1.06774e-06 0)
(0.551077 3.34499e-06 0)
(0.327144 7.36602e-07 0)
(0.551074 2.46103e-06 0)
(0.327142 4.62085e-07 0)
(0.551072 1.68618e-06 0)
(0.327141 2.43248e-07 0)
(0.55107 1.05836e-06 0)
(0.327141 3.21187e-08 0)
(0.55107 5.39046e-07 0)
(0.55107 -4.82436e-08 0)
(1.05114 0.152593 0)
(1.01333 0.0890475 0)
(1.04705 0.176037 0)
(1.05501 0.158499 0)
(1.01417 0.155962 0)
(1.06547 0.160967 0)
(0.967634 0.124379 0)
(1.05074 0.141372 0)
(0.917947 0.0884558 0)
(1.02172 0.113476 0)
(0.874483 0.0567288 0)
(0.990001 0.0829331 0)
(0.841622 0.0339518 0)
(0.961875 0.0560646 0)
(0.818868 0.0193015 0)
(0.938741 0.0356821 0)
(0.803829 0.0105768 0)
(0.921361 0.0218955 0)
(0.794141 0.00564182 0)
(0.909063 0.0131726 0)
(0.787969 0.00292584 0)
(0.900584 0.00784473 0)
(0.784018 0.001448 0)
(0.894795 0.00466112 0)
(0.781417 0.000632521 0)
(0.890829 0.0027925 0)
(0.77962 0.00015229 0)
(0.888032 0.00168889 0)
(0.778304 -0.000162833 0)
(0.885963 0.00101325 0)
(0.777249 -0.000392141 0)
(0.88435 0.000581437 0)
(0.776306 -0.000566654 0)
(0.882976 0.000313983 0)
(0.775347 -0.000691981 0)
(0.881669 0.000182496 0)
(0.774249 -0.000760742 0)
(0.880276 0.000191144 0)
(0.772874 -0.000752716 0)
(0.878641 0.000354022 0)
(0.771069 -0.000638775 0)
(0.876585 0.000712931 0)
(0.76866 -0.000403346 0)
(0.873881 0.00130382 0)
(0.765469 -7.89886e-05 0)
(0.870264 0.00211204 0)
(0.761447 0.000240844 0)
(0.865509 0.00304483 0)
(0.756717 0.000436227 0)
(0.859571 0.00386638 0)
(0.751618 0.000411235 0)
(0.852751 0.00431031 0)
(0.746685 0.000137909 0)
(0.845582 0.0041625 0)
(0.742552 -0.000316612 0)
(0.838896 0.00334031 0)
(0.73982 -0.000773358 0)
(0.83365 0.00192578 0)
(0.738766 -0.00101648 0)
(0.830587 0.000319709 0)
(0.739174 -0.00103872 0)
(0.829771 -0.000899328 0)
(0.740763 -0.000928382 0)
(0.83049 -0.00175881 0)
(0.743358 -0.000725223 0)
(0.832604 -0.00240646 0)
(0.746766 -0.000470337 0)
(0.835917 -0.00288969 0)
(0.750703 -0.000165112 0)
(0.840243 -0.00313593 0)
(0.754833 0.000166925 0)
(0.845281 -0.00309396 0)
(0.758857 0.000474984 0)
(0.850656 -0.00281729 0)
(0.76255 0.000722268 0)
(0.855991 -0.0023998 0)
(0.765788 0.000903226 0)
(0.861011 -0.00192392 0)
(0.768496 0.0010232 0)
(0.865508 -0.00143109 0)
(0.770659 0.00108364 0)
(0.869352 -0.00095881 0)
(0.772331 0.00109152 0)
(0.872513 -0.000541806 0)
(0.773566 0.00106001 0)
(0.875029 -0.000202992 0)
(0.774432 0.00100045 0)
(0.87697 5.59087e-05 0)
(0.775006 0.000922534 0)
(0.878421 0.000239045 0)
(0.775359 0.000834668 0)
(0.879475 0.000355281 0)
(0.775553 0.000740223 0)
(0.880221 0.000416893 0)
(0.775641 0.000643754 0)
(0.880734 0.000433116 0)
(0.775659 0.000551719 0)
(0.881079 0.000420704 0)
(0.775633 0.000466517 0)
(0.881304 0.000390901 0)
(0.775582 0.000390249 0)
(0.881443 0.000352495 0)
(0.775518 0.00032383 0)
(0.881523 0.000310383 0)
(0.775451 0.000266777 0)
(0.881564 0.00026824 0)
(0.775386 0.000218143 0)
(0.881581 0.00022839 0)
(0.775325 0.000177271 0)
(0.881581 0.000192378 0)
(0.775271 0.00014349 0)
(0.881571 0.00016004 0)
(0.775223 0.00011577 0)
(0.881558 0.000132322 0)
(0.775182 9.31185e-05 0)
(0.881542 0.000108893 0)
(0.775147 7.45988e-05 0)
(0.881525 8.89976e-05 0)
(0.775118 5.9525e-05 0)
(0.881509 7.22683e-05 0)
(0.775093 4.72972e-05 0)
(0.881495 5.83836e-05 0)
(0.775073 3.7437e-05 0)
(0.881482 4.6946e-05 0)
(0.775056 2.95348e-05 0)
(0.881471 3.75646e-05 0)
(0.775043 2.32084e-05 0)
(0.881461 2.98931e-05 0)
(0.775032 1.81425e-05 0)
(0.881453 2.36689e-05 0)
(0.775023 1.40928e-05 0)
(0.881446 1.86005e-05 0)
(0.775017 1.08812e-05 0)
(0.881441 1.45307e-05 0)
(0.775011 8.34303e-06 0)
(0.881437 1.12676e-05 0)
(0.775007 6.33317e-06 0)
(0.881433 8.65589e-06 0)
(0.775004 4.71466e-06 0)
(0.88143 6.53558e-06 0)
(0.775001 3.3806e-06 0)
(0.881428 4.77691e-06 0)
(0.775 2.23978e-06 0)
(0.881427 3.29514e-06 0)
(0.774999 1.29213e-06 0)
(0.881426 1.99301e-06 0)
(0.774999 4.11877e-07 0)
(0.881425 9.35699e-07 0)
(0.881426 -2.01601e-07 0)
(1.03966 0.109892 0)
(1.00932 0.049385 0)
(1.07958 0.150525 0)
(1.04737 0.11858 0)
(1.09932 0.150071 0)
(1.0838 0.141226 0)
(1.1027 0.134036 0)
(1.10433 0.137997 0)
(1.09352 0.110498 0)
(1.10906 0.122655 0)
(1.07704 0.0839748 0)
(1.10499 0.0994156 0)
(1.05817 0.0592407 0)
(1.09414 0.0749362 0)
(1.04067 0.0393981 0)
(1.08127 0.0531742 0)
(1.02632 0.0251955 0)
(1.06894 0.0362525 0)
(1.01532 0.0157475 0)
(1.05855 0.024166 0)
(1.00729 0.00976037 0)
(1.05027 0.0158725 0)
(1.00154 0.00609355 0)
(1.04396 0.0104138 0)
(0.997392 0.00389393 0)
(1.03926 0.00694304 0)
(0.994313 0.0025694 0)
(1.03572 0.00476799 0)
(0.991941 0.00176342 0)
(1.03301 0.00338604 0)
(0.989991 0.00129152 0)
(1.03086 0.00253078 0)
(0.988233 0.00106775 0)
(1.02905 0.00207227 0)
(0.986468 0.00106911 0)
(1.02738 0.0019478 0)
(0.984509 0.00131136 0)
(1.02565 0.00215038 0)
(0.982168 0.00183153 0)
(1.0237 0.00269528 0)
(0.979201 0.0026717 0)
(1.02127 0.00367984 0)
(0.975296 0.00383952 0)
(1.01807 0.0052087 0)
(0.970138 0.00525212 0)
(1.01369 0.00726947 0)
(0.963519 0.00665739 0)
(1.0077 0.00966366 0)
(0.955569 0.00767476 0)
(0.999926 0.0118164 3.50156e-34)
(0.94682 0.00794583 0)
(0.9909 0.0130578 -3.50813e-34)
(0.938085 0.00720914 0)
(0.981502 0.0128983 0)
(0.930406 0.00538611 0)
(0.972904 0.0110185 0)
(0.924912 0.00282421 0)
(0.96646 0.00741974 0)
(0.922195 0.000353431 0)
(0.963182 0.0030364 0)
(0.921733 -0.00154018 0)
(0.962636 -0.000437536 0)
(0.922881 -0.00305366 0)
(0.96328 -0.00290721 0)
(0.925469 -0.00435677 0)
(0.964531 -0.0049941 0)
(0.929513 -0.00534865 0)
(0.966594 -0.00693428 0)
(0.934809 -0.00588629 0)
(0.96989 -0.00843114 0)
(0.940984 -0.00595111 0)
(0.974508 -0.00926846 0)
(0.947605 -0.00562541 0)
(0.980194 -0.00943767 0)
(0.954243 -0.00502259 0)
(0.986575 -0.00903822 0)
(0.960532 -0.00425497 0)
(0.993161 -0.00821252 0)
(0.966186 -0.00341908 0)
(0.999512 -0.00708432 0)
(0.971045 -0.00259512 0)
(1.00526 -0.00581831 0)
(0.975076 -0.00184506 0)
(1.01019 -0.00457274 0)
(0.978325 -0.00120911 0)
(1.01427 -0.00345137 0)
(0.98087 -0.000703532 0)
(1.01754 -0.00248899 0)
(0.982816 -0.000325717 0)
(1.02009 -0.00170725 0)
(0.984276 -6.06655e-05 0)
(1.02204 -0.00110443 0)
(0.985353 0.000111309 0)
(1.02352 -0.000659763 0)
(0.986133 0.000211485 0)
(1.02462 -0.000347423 0)
(0.986692 0.000261084 0)
(1.02543 -0.00013807 0)
(0.987087 0.000277161 0)
(1.02602 -4.11284e-06 0)
(0.987363 0.000271883 0)
(1.02645 7.68288e-05 0)
(0.987552 0.000253722 0)
(1.02676 0.000120925 0)
(0.98768 0.000228837 0)
(1.02697 0.000140168 0)
(0.987765 0.00020202 0)
(1.02713 0.00014377 0)
(0.987819 0.000175019 0)
(1.02723 0.000138646 0)
(0.987852 0.000149054 0)
(1.0273 0.000127364 0)
(0.987871 0.000125634 0)
(1.02735 0.00011315 0)
(0.98788 0.00010484 0)
(1.02738 9.93529e-05 0)
(0.987884 8.67587e-05 0)
(1.02741 8.53736e-05 0)
(0.987884 7.1249e-05 0)
(1.02742 7.23679e-05 0)
(0.987882 5.81576e-05 0)
(1.02743 6.06558e-05 0)
(0.987878 4.72056e-05 0)
(1.02743 5.03726e-05 0)
(0.987875 3.80611e-05 0)
(1.02743 4.1506e-05 0)
(0.987871 3.04838e-05 0)
(1.02743 3.38573e-05 0)
(0.987867 2.42484e-05 0)
(1.02743 2.73809e-05 0)
(0.987864 1.91475e-05 0)
(1.02743 2.19403e-05 0)
(0.987861 1.50114e-05 0)
(1.02743 1.74502e-05 0)
(0.987858 1.16598e-05 0)
(1.02743 1.37433e-05 0)
(0.987856 8.92715e-06 0)
(1.02743 1.06866e-05 0)
(0.987855 6.66078e-06 0)
(1.02742 8.12123e-06 0)
(0.987853 4.7532e-06 0)
(1.02742 5.93891e-06 0)
(0.987853 3.10599e-06 0)
(1.02742 4.06374e-06 0)
(0.987852 1.68818e-06 0)
(1.02742 2.39584e-06 0)
(0.987852 3.63027e-07 0)
(1.02742 9.6801e-07 0)
(1.02742 -5.50984e-07 0)
(1.0199 0.0664392 0)
(1.00421 0.0294893 0)
(1.05781 0.109765 0)
(1.02722 0.080668 0)
(1.08955 0.126836 0)
(1.06182 0.109486 0)
(1.11009 0.12462 0)
(1.08941 0.117457 0)
(1.12055 0.110707 0)
(1.10727 0.112188 0)
(1.12179 0.0904432 0)
(1.11681 0.0981835 0)
(1.11682 0.0691328 0)
(1.11867 0.0799007 0)
(1.10917 0.0502545 0)
(1.11563 0.0608231 0)
(1.10097 0.0354723 0)
(1.11049 0.0444522 0)
(1.09332 0.0245644 0)
(1.10465 0.0318168 0)
(1.08682 0.0168044 0)
(1.0991 0.0223751 0)
(1.08161 0.0115086 0)
(1.09432 0.0156201 0)
(1.07754 0.00800169 0)
(1.09046 0.0110176 0)
(1.07435 0.00571219 0)
(1.08743 0.00795569 0)
(1.07186 0.00424752 0)
(1.08501 0.00587945 0)
(1.06985 0.00338973 0)
(1.08308 0.00454259 0)
(1.0681 0.00302276 0)
(1.0815 0.00381565 0)
(1.06644 0.00309292 0)
(1.08011 0.00360797 0)
(1.06468 0.00358767 0)
(1.07876 0.0039093 0)
(1.06261 0.00457762 0)
(1.0773 0.00476876 0)
(1.05993 0.00621945 0)
(1.07549 0.00635977 0)
(1.05624 0.00860075 0)
(1.07298 0.00890102 0)
(1.05104 0.0115981 0)
(1.06924 0.0124709 0)
(1.04391 0.01468 3.50156e-34)
(1.06357 0.0167894 0)
(1.03512 0.0169938 -4.65325e-37)
(1.05574 0.0206072 3.50156e-34)
(1.02563 0.0177708 -3.50813e-34)
(1.04728 0.0225453 -3.50813e-34)
(1.0166 0.0164479 0)
(1.03981 0.0219257 0)
(1.00936 0.0127902 0)
(1.0347 0.0182594 0)
(1.0052 0.0074158 0)
(1.0334 0.011581 0)
(1.00443 0.00216056 0)
(1.03624 0.0038113 0)
(1.00511 -0.00166727 0)
(1.04019 -0.00111806 0)
(1.0056 -0.00448719 0)
(1.04148 -0.00339811 0)
(1.00594 -0.00712012 0)
(1.0398 -0.00533837 0)
(1.00706 -0.00961111 0)
(1.0363 -0.00805162 0)
(1.00951 -0.0114739 0)
(1.03338 -0.0108768 0)
(1.01351 -0.0125036 0)
(1.03241 -0.013276 0)
(1.0189 -0.0127251 0)
(1.03382 -0.0148249 0)
(1.02523 -0.0122169 0)
(1.03732 -0.0153626 0)
(1.03191 -0.0111033 0)
(1.04243 -0.0148948 0)
(1.03838 -0.00957948 0)
(1.04825 -0.0135608 0)
(1.04424 -0.00791071 0)
(1.05407 -0.0116774 0)
(1.04925 -0.00630331 0)
(1.05936 -0.00958343 0)
(1.05338 -0.00485255 0)
(1.06384 -0.00757551 0)
(1.05667 -0.00359961 0)
(1.06748 -0.0057844 0)
(1.05925 -0.0025714 0)
(1.07036 -0.00428335 0)
(1.06123 -0.0017666 0)
(1.07259 -0.00308865 0)
(1.06275 -0.00116338 0)
(1.07431 -0.00217027 0)
(1.06388 -0.000728718 0)
(1.07561 -0.00148416 0)
(1.06473 -0.000425866 0)
(1.07659 -0.000987153 0)
(1.06536 -0.000220981 0)
(1.07732 -0.000633805 0)
(1.06582 -8.66347e-05 0)
(1.07787 -0.000386506 0)
(1.06616 -2.21091e-06 0)
(1.07827 -0.000216926 0)
(1.06641 4.7659e-05 0)
(1.07857 -0.000104308 0)
(1.06658 7.44888e-05 0)
(1.07878 -3.22201e-05 0)
(1.06671 8.6244e-05 0)
(1.07894 1.22206e-05 0)
(1.0668 8.83493e-05 0)
(1.07906 3.75711e-05 0)
(1.06686 8.4653e-05 0)
(1.07914 5.0339e-05 0)
(1.06691 7.76965e-05 0)
(1.0792 5.52197e-05 0)
(1.06694 6.92712e-05 0)
(1.07924 5.49439e-05 0)
(1.06696 6.04566e-05 0)
(1.07927 5.16809e-05 0)
(1.06697 5.19029e-05 0)
(1.07929 4.68615e-05 0)
(1.06698 4.39351e-05 0)
(1.0793 4.12112e-05 0)
(1.06699 3.66973e-05 0)
(1.07931 3.57626e-05 0)
(1.06699 3.02882e-05 0)
(1.07932 3.03461e-05 0)
(1.06699 2.47195e-05 0)
(1.07933 2.53591e-05 0)
(1.06699 1.99753e-05 0)
(1.07933 2.08903e-05 0)
(1.06699 1.59809e-05 0)
(1.07933 1.70252e-05 0)
(1.06699 1.26204e-05 0)
(1.07933 1.36771e-05 0)
(1.06699 9.77249e-06 0)
(1.07933 1.07938e-05 0)
(1.06699 7.32444e-06 0)
(1.07933 8.26436e-06 0)
(1.06699 5.20129e-06 0)
(1.07933 6.03969e-06 0)
(1.06699 3.32653e-06 0)
(1.07933 4.06579e-06 0)
(1.06699 1.66389e-06 0)
(1.07933 2.27378e-06 0)
(1.06699 5.22195e-08 0)
(1.07933 6.67738e-07 0)
(1.07933 -1.06425e-06 0)
(1.01049 0.0444735 0)
(1.00228 0.0189975 0)
(1.0354 0.0795683 0)
(1.01544 0.0557627 0)
(1.06305 0.099279 0)
(1.03975 0.0818349 0)
(1.08647 0.104478 0)
(1.06457 0.0940388 0)
(1.10355 0.0992162 0)
(1.08461 0.0951036 0)
(1.11354 0.0871468 0)
(1.09887 0.0881923 0)
(1.11737 0.0712693 0)
(1.10781 0.0760756 0)
(1.11675 0.0548994 0)
(1.11135 0.0614417 0)
(1.11397 0.0408119 0)
(1.11174 0.0472347 0)
(1.11029 0.029735 0)
(1.11013 0.0354952 0)
(1.10652 0.0212966 0)
(1.10775 0.0261485 0)
(1.10312 0.0151935 0)
(1.10529 0.0190111 0)
(1.1003 0.0110206 0)
(1.10299 0.0138469 0)
(1.098 0.00820352 0)
(1.10108 0.0102489 0)
(1.09616 0.00628993 0)
(1.09949 0.00772574 0)
(1.09467 0.00509372 0)
(1.09821 0.00603067 0)
(1.09341 0.00451735 0)
(1.09723 0.00507016 0)
(1.09229 0.00452795 0)
(1.09645 0.00472737 0)
(1.09122 0.00517413 0)
(1.0958 0.00498677 0)
(1.08998 0.00660168 0)
(1.09521 0.00600136 0)
(1.0883 0.00905307 0)
(1.09451 0.00804747 0)
(1.08569 0.0127367 0)
(1.09339 0.0115061 0)
(1.08151 0.0175841 0)
(1.09126 0.0166509 0)
(1.07507 0.0225419 0)
(1.08699 0.0232339 0)
(1.06759 0.0258706 0)
(1.08123 0.028082 0)
(1.06148 0.0262318 0)
(1.07718 0.0286547 0)
(1.05815 0.0230905 0)
(1.07796 0.0252623 0)
(1.0591 0.0164172 0)
(1.08521 0.0173052 0)
(1.06479 0.00766844 0)
(1.0997 0.00589534 0)
(1.07332 0.000759945 0)
(1.11691 -0.00471877 0)
(1.07796 -0.0023254 0)
(1.12634 -0.00576273 0)
(1.07661 -0.00372988 0)
(1.12634 -0.00204279 0)
(1.07032 -0.00583083 0)
(1.1188 0.000943432 0)
(1.06263 -0.00904881 0)
(1.10541 -0.000363494 0)
(1.05614 -0.012559 0)
(1.09051 -0.00438181 0)
(1.05234 -0.0154774 0)
(1.07784 -0.0094755 0)
(1.05183 -0.0173579 0)
(1.06923 -0.0143167 0)
(1.05417 -0.0180051 0)
(1.06535 -0.0177025 0)
(1.05851 -0.0174003 0)
(1.0656 -0.0192279 0)
(1.0637 -0.0157574 0)
(1.06854 -0.0187565 0)
(1.06902 -0.0134635 0)
(1.07263 -0.016994 0)
(1.07383 -0.0109795 0)
(1.07695 -0.0143913 0)
(1.07785 -0.00863005 0)
(1.08087 -0.0116026 0)
(1.0811 -0.00658195 0)
(1.08413 -0.00902778 0)
(1.08365 -0.00490347 0)
(1.08673 -0.00683443 0)
(1.08562 -0.0035837 0)
(1.08875 -0.0050651 0)
(1.08714 -0.00256932 0)
(1.0903 -0.00368541 0)
(1.08829 -0.00180669 0)
(1.09149 -0.00263506 0)
(1.08916 -0.00124496 0)
(1.09238 -0.00185625 0)
(1.08981 -0.000836295 0)
(1.09306 -0.00128812 0)
(1.0903 -0.000543602 0)
(1.09357 -0.000876764 0)
(1.09067 -0.000338425 0)
(1.09395 -0.000581628 0)
(1.09094 -0.00019819 0)
(1.09424 -0.000374532 0)
(1.09114 -0.000104666 0)
(1.09445 -0.000232015 0)
(1.09129 -4.3924e-05 0)
(1.09461 -0.0001352 0)
(1.09139 -5.84537e-06 0)
(1.09472 -7.05229e-05 0)
(1.09147 1.68602e-05 0)
(1.09481 -2.83873e-05 0)
(1.09153 2.92847e-05 0)
(1.09487 -1.99099e-06 0)
(1.09157 3.49129e-05 0)
(1.09492 1.35923e-05 0)
(1.0916 3.62324e-05 0)
(1.09496 2.19479e-05 0)
(1.09162 3.49558e-05 0)
(1.09498 2.5606e-05 0)
(1.09164 3.21779e-05 0)
(1.095 2.62344e-05 0)
(1.09165 2.86236e-05 0)
(1.09501 2.51066e-05 0)
(1.09166 2.48157e-05 0)
(1.09502 2.28984e-05 0)
(1.09166 2.10877e-05 0)
(1.09503 2.02006e-05 0)
(1.09166 1.76127e-05 0)
(1.09503 1.73302e-05 0)
(1.09167 1.44671e-05 0)
(1.09504 1.46292e-05 0)
(1.09167 1.1658e-05 0)
(1.09504 1.20647e-05 0)
(1.09167 9.14285e-06 0)
(1.09504 9.68133e-06 0)
(1.09167 6.87666e-06 0)
(1.09504 7.47226e-06 0)
(1.09167 4.83203e-06 0)
(1.09504 5.43003e-06 0)
(1.09167 2.96807e-06 0)
(1.09504 3.55348e-06 0)
(1.09167 1.25229e-06 0)
(1.09504 1.80205e-06 0)
(1.09167 -4.63141e-07 0)
(1.09504 1.5755e-07 0)
(1.09504 -1.64159e-06 0)
(1.0059 0.0311238 0)
(1.00134 0.0130944 0)
(1.02194 0.0582168 0)
(1.00937 0.0397308 0)
(1.04258 0.0763866 0)
(1.026 0.061195 0)
(1.06282 0.0843653 0)
(1.04552 0.0737948 0)
(1.08007 0.0838002 0)
(1.06352 0.077853 0)
(1.09314 0.0769363 0)
(1.07845 0.0751243 0)
(1.10177 0.0661111 0)
(1.08985 0.0674394 0)
(1.10626 0.0536998 0)
(1.09738 0.0569538 0)
(1.10772 0.0418705 0)
(1.10156 0.0457743 0)
(1.10753 0.0318364 0)
(1.1034 0.0356886 0)
(1.10649 0.02378 0)
(1.10386 0.0271843 0)
(1.10512 0.0176324 0)
(1.10363 0.0203849 0)
(1.10372 0.0131138 0)
(1.103 0.0152477 0)
(1.1025 0.00983527 0)
(1.1023 0.01147 0)
(1.10149 0.00752789 0)
(1.10168 0.00873762 0)
(1.10072 0.00606729 0)
(1.10118 0.00679708 0)
(1.10018 0.00534991 0)
(1.10089 0.0056107 0)
(1.09983 0.00527271 0)
(1.10081 0.00507954 0)
(1.09964 0.0059122 0)
(1.10097 0.00517481 0)
(1.09953 0.00754358 0)
(1.10143 0.00610632 0)
(1.09933 0.0105739 0)
(1.10219 0.00825561 0)
(1.09858 0.0154435 0)
(1.10308 0.0122542 0)
(1.09651 0.0221606 0)
(1.10359 0.0187199 0)
(1.09249 0.0284602 0)
(1.10256 0.0272499 0)
(1.09041 0.0304005 0)
(1.10211 0.0301643 0)
(1.09348 0.0269257 0)
(1.10525 0.0255862 0)
(1.10519 0.0178781 0)
(1.11928 0.0135501 0)
(1.12596 0.00331604 0)
(1.13911 -0.00346073 0)
(1.15213 -0.0110763 0)
(1.16611 -0.0202711 0)
(1.17225 -0.0143478 0)
(1.17505 -0.024838 -3.74208e-17)
(1.17656 -0.00572324 0)
(1.16771 -0.0100784 0)
(1.16984 0.00491057 0)
(1.16312 0.00467282 0)
(1.15389 0.0106145 0)
(1.16318 0.0168966 0)
(1.13293 0.00841307 0)
(1.15542 0.0205971 0)
(1.11217 0.000911664 0)
(1.14378 0.0163805 0)
(1.09415 -0.00756985 0)
(1.1256 0.00854614 0)
(1.08208 -0.0145743 0)
(1.10638 -0.00224964 0)
(1.07628 -0.0189937 0)
(1.09248 -0.0119038 0)
(1.07529 -0.020695 0)
(1.08521 -0.0182391 0)
(1.07725 -0.0201327 0)
(1.08328 -0.0207139 0)
(1.08038 -0.0180677 0)
(1.08423 -0.0201243 0)
(1.08389 -0.0151312 0)
(1.08638 -0.017897 0)
(1.08708 -0.0120967 0)
(1.08891 -0.0147941 0)
(1.08971 -0.00935821 0)
(1.09122 -0.0116588 0)
(1.09179 -0.00706248 0)
(1.09311 -0.00891353 0)
(1.0934 -0.00522667 0)
(1.09457 -0.00667388 0)
(1.09463 -0.00380543 0)
(1.0957 -0.00491559 0)
(1.09556 -0.00273309 0)
(1.09656 -0.00357057 0)
(1.09627 -0.00194217 0)
(1.09722 -0.00256394 0)
(1.09681 -0.00136558 0)
(1.09771 -0.00182258 0)
(1.09721 -0.000945691 0)
(1.09809 -0.00128009 0)
(1.09751 -0.000642634 0)
(1.09837 -0.000885397 0)
(1.09774 -0.000427834 0)
(1.09858 -0.000602973 0)
(1.09791 -0.000277387 0)
(1.09875 -0.000403915 0)
(1.09804 -0.000172921 0)
(1.09887 -0.000264371 0)
(1.09814 -0.00010141 0)
(1.09896 -0.00016716 0)
(1.09821 -5.35113e-05 0)
(1.09903 -0.000100313 0)
(1.09826 -2.23538e-05 0)
(1.09909 -5.54904e-05 0)
(1.0983 -2.84959e-06 0)
(1.09913 -2.61872e-05 0)
(1.09833 8.72439e-06 0)
(1.09916 -7.54634e-06 0)
(1.09836 1.49719e-05 0)
(1.09918 3.82817e-06 0)
(1.09837 1.77241e-05 0)
(1.0992 1.02705e-05 0)
(1.09838 1.82494e-05 0)
(1.09921 1.33901e-05 0)
(1.09839 1.74105e-05 0)
(1.09922 1.43437e-05 0)
(1.0984 1.58319e-05 0)
(1.09922 1.39646e-05 0)
(1.0984 1.39026e-05 0)
(1.09923 1.28532e-05 0)
(1.09841 1.18494e-05 0)
(1.09923 1.13684e-05 0)
(1.09841 9.79427e-06 0)
(1.09924 9.7023e-06 0)
(1.09841 7.78891e-06 0)
(1.09924 7.94305e-06 0)
(1.09841 5.86183e-06 0)
(1.09924 6.17081e-06 0)
(1.09841 4.03611e-06 0)
(1.09924 4.43077e-06 0)
(1.09841 2.30634e-06 0)
(1.09924 2.76149e-06 0)
(1.09841 6.52043e-07 0)
(1.09924 1.14785e-06 0)
(1.09841 -1.04911e-06 0)
(1.09924 -4.363e-07 0)
(1.09924 -2.19002e-06 0)
(1.00366 0.0223662 0)
(1.00088 0.00943176 0)
(1.01451 0.0430154 0)
(1.00623 0.028886 0)
(1.02988 0.0585445 0)
(1.01808 0.0458183 0)
(1.04648 0.0670623 0)
(1.03332 0.0572041 0)
(1.06202 0.0689024 0)
(1.04875 0.0623046 0)
(1.07525 0.0653579 0)
(1.06276 0.0618989 0)
(1.08549 0.0580746 0)
(1.07459 0.0571977 0)
(1.09266 0.0488852 0)
(1.08373 0.0497836 0)
(1.09713 0.0394904 0)
(1.0902 0.0413012 0)
(1.0997 0.0309912 0)
(1.09445 0.0331184 0)
(1.10098 0.0238185 0)
(1.09712 0.0259072 0)
(1.10145 0.0180689 0)
(1.0987 0.0199128 0)
(1.10153 0.0136701 0)
(1.09958 0.0151703 0)
(1.10145 0.0104252 0)
(1.10008 0.0115517 0)
(1.10134 0.00805967 0)
(1.10039 0.00884642 0)
(1.1013 0.00641985 0)
(1.10066 0.00683453 0)
(1.10144 0.00545742 0)
(1.10101 0.00547532 0)
(1.10185 0.0051221 0)
(1.10157 0.00466996 0)
(1.10262 0.00552294 0)
(1.10252 0.00440005 0)
(1.10387 0.00698849 0)
(1.10405 0.00485567 0)
(1.10563 0.010118 0)
(1.10647 0.00649692 0)
(1.10767 0.0156782 0)
(1.10992 0.0102196 0)
(1.10943 0.0238416 0)
(1.11412 0.0169596 0)
(1.11107 0.0285249 0)
(1.1183 0.0256142 0)
(1.11672 0.0237863 0)
(1.12171 0.0245148 6.0521e-33)
(1.1308 0.0106871 0)
(1.12457 0.0115056 -6.05614e-33)
(1.15426 -0.00891147 0)
(1.13867 -0.00991544 0)
(1.1776 -0.0222706 0)
(1.14123 -0.0268007 0)
(1.18914 -0.0236209 -3.74208e-17)
(0.596735 0.533228 0)
(1.17349 -0.0151061 -3.74208e-17)
(0.592493 0.379122 -3.74208e-17)
(1.15506 -0.000848398 0)
(0.579505 0.27258 0)
(1.15714 0.0106693 0)
(0.575771 0.23714 0)
(1.16608 0.0163676 0)
(0.581441 0.249091 0)
(1.16458 0.021245 0)
(0.583243 0.1581 0)
(1.15724 0.0236582 0)
(1.15076 0.0237201 0)
(1.13704 0.0151928 0)
(1.15038 0.0287449 0)
(1.11605 0.0011667 0)
(1.13575 0.0187475 0)
(1.10077 -0.0111179 0)
(1.11801 0.00337228 0)
(1.09279 -0.0184531 0)
(1.10483 -0.0102538 0)
(1.09006 -0.0209205 0)
(1.098 -0.0179881 0)
(1.09006 -0.020151 0)
(1.09541 -0.0201253 0)
(1.0913 -0.0177422 0)
(1.09497 -0.0191343 0)
(1.09301 -0.0145087 0)
(1.09545 -0.0165054 0)
(1.09459 -0.0113386 0)
(1.09636 -0.0132386 0)
(1.09587 -0.00862054 0)
(1.09721 -0.0101903 0)
(1.09686 -0.00643223 0)
(1.0979 -0.00766935 0)
(1.09763 -0.0047306 0)
(1.09843 -0.00567925 0)
(1.09821 -0.00343813 0)
(1.09884 -0.00415347 0)
(1.09865 -0.00247296 0)
(1.09916 -0.00300723 0)
(1.09899 -0.00176088 0)
(1.0994 -0.0021584 0)
(1.09924 -0.00124013 0)
(1.09959 -0.00153524 0)
(1.09944 -0.000863173 0)
(1.09974 -0.00108072 0)
(1.09959 -0.000594051 0)
(1.09985 -0.000752675 0)
(1.0997 -0.000403653 0)
(1.09994 -0.000518481 0)
(1.09979 -0.000269174 0)
(1.10001 -0.00035202 0)
(1.09986 -0.000174547 0)
(1.10007 -0.000234223 0)
(1.09991 -0.000108903 0)
(1.10011 -0.000151671 0)
(1.09995 -6.44069e-05 0)
(1.10014 -9.49288e-05 0)
(1.09998 -3.47847e-05 0)
(1.10017 -5.64278e-05 0)
(1.1 -1.54273e-05 0)
(1.10019 -3.06776e-05 0)
(1.10002 -3.16635e-06 0)
(1.10021 -1.38278e-05 0)
(1.10003 4.18262e-06 0)
(1.10022 -3.17283e-06 0)
(1.10004 8.16567e-06 0)
(1.10023 3.1668e-06 0)
(1.10005 9.91471e-06 0)
(1.10024 6.59202e-06 0)
(1.10006 1.02641e-05 0)
(1.10024 8.10317e-06 0)
(1.10006 9.78115e-06 0)
(1.10025 8.44013e-06 0)
(1.10006 8.8066e-06 0)
(1.10025 8.03818e-06 0)
(1.10007 7.53681e-06 0)
(1.10025 7.17308e-06 0)
(1.10007 6.09025e-06 0)
(1.10025 6.00975e-06 0)
(1.10007 4.5637e-06 0)
(1.10026 4.67802e-06 0)
(1.10007 3.02605e-06 0)
(1.10026 3.273e-06 0)
(1.10007 1.51006e-06 0)
(1.10026 1.85635e-06 0)
(1.10007 -1.59127e-09 0)
(1.10026 4.44424e-07 0)
(1.10007 -1.6099e-06 0)
(1.10026 -1.00891e-06 0)
(1.10026 -2.6364e-06 0)
(1.00256 0.0163377 0)
(1.00065 0.00687593 0)
(1.01036 0.0318984 0)
(1.00455 0.0210846 0)
(1.02217 0.0444849 0)
(1.01345 0.0340041 0)
(1.03586 0.052347 0)
(1.02568 0.0435156 0)
(1.04961 0.0551606 0)
(1.03894 0.0485527 0)
(1.06221 0.0535945 0)
(1.0518 0.0493008 0)
(1.07288 0.0487832 0)
(1.0634 0.046528 0)
(1.08129 0.0421054 0)
(1.07314 0.0413769 0)
(1.08749 0.0348731 0)
(1.0808 0.0350999 0)
(1.09186 0.0280126 0)
(1.08654 0.028743 0)
(1.09484 0.0220033 0)
(1.0907 0.0229294 0)
(1.09681 0.0170284 0)
(1.09365 0.0179459 0)
(1.09811 0.0130826 0)
(1.09572 0.0138721 0)
(1.099 0.0100374 0)
(1.09719 0.0106552 0)
(1.0997 0.00772161 0)
(1.09829 0.00814737 0)
(1.10034 0.0060137 0)
(1.09921 0.00619743 0)
(1.1011 0.00482838 0)
(1.10009 0.00471902 0)
(1.10218 0.00411283 0)
(1.10114 0.00358894 0)
(1.10383 0.00393539 0)
(1.10264 0.00275006 0)
(1.10644 0.00461025 0)
(1.10497 0.00224266 0)
(1.11043 0.00690776 0)
(1.10886 0.00250875 0)
(1.116 0.0119181 0)
(1.11455 0.00464492 0)
(1.12291 0.0196698 0)
(1.12243 0.0100585 0)
(1.12823 0.0231703 6.0521e-33)
(1.12871 0.0202954 0)
(1.13174 0.0132058 -7.05499e-35)
(1.1276 0.0209974 6.0521e-33)
(1.14049 -0.00819158 -6.05614e-33)
(1.10957 0.00276351 2.59523e-18)
(1.14942 -0.0173718 0)
(1.01071 -0.0115837 0)
(1.53733 -0.00709554 0)
(0.55872 0.404218 0)
(0.839642 0 0)
(0 -0.00238827 0)
(0.405846 0 0)
(0 0.00128406 0)
(0.374634 0 0)
(0 0.0055716 0)
(0.443271 0 0)
(0 0.0124988 0)
(0.526769 0 0)
(0 0.0214272 0)
(0.864137 0.00839992 0)
(0 0.0616548 0)
(1.14447 0.0234571 0)
(0.568065 0.091143 0)
(1.14748 0.0286854 0)
(1.13948 0.0241823 -7.68214e-18)
(1.13667 0.0198155 0)
(1.1433 0.0295574 -1.32104e-18)
(1.12151 0.00372134 0)
(1.13304 0.018536 0)
(1.1097 -0.0102713 0)
(1.12049 0.00155878 0)
(1.10319 -0.0175982 0)
(1.11144 -0.0114834 0)
(1.10023 -0.019409 0)
(1.10642 -0.0171684 0)
(1.09904 -0.0181176 0)
(1.10367 -0.0179419 0)
(1.09881 -0.015399 0)
(1.10211 -0.0162727 0)
(1.09899 -0.0122264 0)
(1.10135 -0.0134162 0)
(1.09924 -0.00934786 0)
(1.10098 -0.0104452 0)
(1.09947 -0.00700098 0)
(1.10076 -0.00789665 0)
(1.09965 -0.0051679 0)
(1.10061 -0.00586405 0)
(1.0998 -0.00377334 0)
(1.10051 -0.00430094 0)
(1.09992 -0.00273084 0)
(1.10044 -0.00312498 0)
(1.10001 -0.00196062 0)
(1.1004 -0.00225301 0)
(1.10009 -0.00139611 0)
(1.10038 -0.00161237 0)
(1.10015 -0.000985264 0)
(1.10037 -0.00114483 0)
(1.10021 -0.000688594 0)
(1.10037 -0.000806094 0)
(1.10025 -0.000475981 0)
(1.10038 -0.000562535 0)
(1.10029 -0.000324525 0)
(1.10039 -0.000388325 0)
(1.10032 -0.00021748 0)
(1.1004 -0.000264279 0)
(1.10034 -0.000142772 0)
(1.10041 -0.000176663 0)
(1.10036 -9.11518e-05 0)
(1.10042 -0.000115554 0)
(1.10038 -5.57447e-05 0)
(1.10043 -7.32381e-05 0)
(1.10039 -3.18034e-05 0)
(1.10044 -4.43036e-05 0)
(1.10041 -1.59482e-05 0)
(1.10045 -2.48807e-05 0)
(1.10041 -5.81392e-06 0)
(1.10046 -1.2157e-05 0)
(1.10042 3.32278e-07 0)
(1.10046 -4.08542e-06 0)
(1.10043 3.79996e-06 0)
(1.10047 7.52074e-07 0)
(1.10043 5.5173e-06 0)
(1.10047 3.45179e-06 0)
(1.10044 6.10846e-06 0)
(1.10047 4.76608e-06 0)
(1.10044 5.95718e-06 0)
(1.10048 5.13905e-06 0)
(1.10044 5.31022e-06 0)
(1.10048 4.86148e-06 0)
(1.10044 4.34761e-06 0)
(1.10048 4.166e-06 0)
(1.10044 3.20221e-06 0)
(1.10048 3.21298e-06 0)
(1.10045 1.96782e-06 0)
(1.10048 2.12426e-06 0)
(1.10045 6.95696e-07 0)
(1.10049 9.67197e-07 0)
(1.10045 -6.24277e-07 0)
(1.10049 -2.20619e-07 0)
(1.10045 -2.06869e-06 0)
(1.10049 -1.48905e-06 0)
(1.10049 -2.92388e-06 0)
(1.00195 0.0118579 0)
(1.00051 0.0049211 0)
(1.00796 0.0233427 0)
(1.0036 0.0150845 0)
(1.0174 0.0330698 0)
(1.0107 0.0245572 0)
(1.02898 0.0396832 0)
(1.02084 0.0319369 0)
(1.04125 0.042622 0)
(1.03248 0.0362831 0)
(1.0531 0.0421529 0)
(1.04434 0.0374546 0)
(1.06373 0.0390434 0)
(1.05554 0.0358938 0)
(1.0727 0.034307 0)
(1.06544 0.0324126 0)
(1.07987 0.0289282 0)
(1.07372 0.0279296 0)
(1.08539 0.023641 0)
(1.08034 0.0232218 0)
(1.08952 0.0188725 0)
(1.08548 0.0187926 0)
(1.09257 0.0148128 0)
(1.08938 0.0149016 0)
(1.0948 0.011492 0)
(1.09231 0.011638 0)
(1.09648 0.00883452 0)
(1.09452 0.00897858 0)
(1.0978 0.0067177 0)
(1.09621 0.00682194 0)
(1.09895 0.00502638 0)
(1.09758 0.00505069 0)
(1.10012 0.00363659 0)
(1.09878 0.00354697 0)
(1.10158 0.00242408 0)
(1.10003 0.00213212 0)
(1.10371 0.0012971 0)
(1.1016 0.000622328 0)
(1.10717 0.000393396 0)
(1.10399 -0.00121787 0)
(1.11273 0.000442777 0)
(1.10801 -0.00305373 0)
(1.12079 0.00326062 0)
(1.11361 -0.00341513 0)
(1.12962 0.012312 0)
(1.12218 0.00123421 0)
(1.1318 0.0221815 0)
(1.12213 0.0181163 0)
(1.12395 0.0163948 2.59523e-18)
(1.11592 0.028846 8.01688e-34)
(1.1218 0.0100382 2.59523e-18)
(1.08496 0.00900988 2.40215e-17)
(1.30709 0.00635163 0)
(0.442794 0.289296 0)
(0.369815 0 0)
(0 -0.00108261 0)
(0.0146197 0 0)
(0 -5.08087e-05 0)
(0.020705 0 0)
(0 -0.000145469 0)
(0.0477212 0 0)
(0 0.00210928 0)
(0.0990301 0 0)
(0 0.0059561 0)
(0.200188 0 0)
(0 0.00580328 0)
(0.446741 0 0)
(0 0.0119886 0)
(0.877988 0.0068475 -7.68214e-18)
(0 0.0388602 0)
(1.13286 0.0210314 -9.00318e-18)
(0.563654 0.0685263 -7.68214e-18)
(1.13735 0.0258626 -1.32104e-18)
(1.13331 0.0238881 -1.32104e-18)
(1.13139 0.0152394 0)
(1.13541 0.0245018 0)
(1.12211 -0.000399006 0)
(1.12837 0.0108333 0)
(1.11473 -0.0115588 0)
(1.12108 -0.00410501 0)
(1.10983 -0.0160728 0)
(1.11577 -0.0122618 0)
(1.10671 -0.0163685 0)
(1.11157 -0.0148275 0)
(1.1047 -0.0144943 0)
(1.10847 -0.0142579 0)
(1.1034 -0.0117751 0)
(1.10619 -0.0121174 0)
(1.10253 -0.00910028 0)
(1.10461 -0.00957823 0)
(1.10192 -0.00684348 0)
(1.10346 -0.00728665 0)
(1.10148 -0.00506168 0)
(1.10261 -0.00542407 0)
(1.10116 -0.00370216 0)
(1.10198 -0.00398306 0)
(1.10094 -0.00268538 0)
(1.10153 -0.00289778 0)
(1.10078 -0.00193429 0)
(1.10121 -0.00209327 0)
(1.10067 -0.00138391 0)
(1.10098 -0.00150246 0)
(1.10059 -0.000983175 0)
(1.10082 -0.00107143 0)
(1.10055 -0.000693227 0)
(1.10071 -0.000758756 0)
(1.10052 -0.00048463 0)
(1.10063 -0.000533286 0)
(1.1005 -0.000335284 0)
(1.10058 -0.000371465 0)
(1.10049 -0.0002289 0)
(1.10055 -0.000255881 0)
(1.10049 -0.000153663 0)
(1.10053 -0.000173798 0)
(1.10049 -0.000100955 0)
(1.10052 -0.000116009 0)
(1.10049 -6.44208e-05 0)
(1.10052 -7.5644e-05 0)
(1.1005 -3.9478e-05 0)
(1.10051 -4.77446e-05 0)
(1.1005 -2.27816e-05 0)
(1.10051 -2.8792e-05 0)
(1.1005 -1.17841e-05 0)
(1.10051 -1.61449e-05 0)
(1.10051 -4.73046e-06 0)
(1.10052 -7.87312e-06 0)
(1.10051 -4.24431e-07 0)
(1.10052 -2.68193e-06 0)
(1.10051 2.057e-06 0)
(1.10052 4.059e-07 0)
(1.10052 3.29897e-06 0)
(1.10052 2.13116e-06 0)
(1.10052 3.66027e-06 0)
(1.10053 2.89852e-06 0)
(1.10052 3.42243e-06 0)
(1.10053 2.96307e-06 0)
(1.10052 2.80464e-06 0)
(1.10053 2.574e-06 0)
(1.10052 1.96253e-06 0)
(1.10053 1.90878e-06 0)
(1.10052 9.95059e-07 0)
(1.10053 1.08967e-06 0)
(1.10053 -4.08665e-08 0)
(1.10053 1.80889e-07 0)
(1.10053 -1.14421e-06 0)
(1.10053 -7.801e-07 0)
(1.10053 -2.37509e-06 0)
(1.10053 -1.82852e-06 0)
(1.10053 -3.02344e-06 0)
(1.0016 0.00829234 0)
(1.00044 0.00331822 0)
(1.00653 0.0164078 0)
(1.00303 0.0101597 0)
(1.01444 0.0234679 0)
(1.00905 0.0166452 0)
(1.02452 0.0285264 0)
(1.01784 0.0218547 0)
(1.03568 0.0310761 0)
(1.02831 0.0251243 0)
(1.04688 0.0311471 0)
(1.0394 0.0262523 0)
(1.05733 0.0292152 0)
(1.05023 0.0254446 0)
(1.06652 0.0259943 0)
(1.06013 0.0232219 0)
(1.07423 0.0221958 0)
(1.0687 0.0202243 0)
(1.08046 0.0183624 0)
(1.07584 0.0169927 0)
(1.08536 0.0148275 0)
(1.08159 0.0138897 0)
(1.08915 0.0117508 0)
(1.08613 0.0111127 0)
(1.09205 0.00916914 0)
(1.08965 0.00873575 0)
(1.09428 0.00703459 0)
(1.09236 0.0067479 0)
(1.09603 0.00525247 0)
(1.09445 0.00507878 0)
(1.09745 0.00370463 0)
(1.09606 0.00362913 0)
(1.09873 0.00222141 0)
(1.09733 0.00226852 0)
(1.10008 0.000559796 0)
(1.09842 0.000774593 0)
(1.10188 -0.00163923 0)
(1.09944 -0.00117645 0)
(1.10465 -0.00429853 0)
(1.10075 -0.00398731 0)
(1.10893 -0.00632147 0)
(1.1027 -0.00733248 0)
(1.11499 -0.00506978 0)
(1.10607 -0.00947002 0)
(1.12216 0.00635418 0)
(1.10963 -0.0059404 0)
(1.12133 0.0260662 8.01688e-34)
(1.09436 0.0189557 0)
(1.10862 0.0247309 2.14263e-17)
(1.08628 0.0415489 8.01688e-34)
(1.6347 0.00660152 2.14263e-17)
(1.04513 0.0169463 2.14263e-17)
(0.516975 0 0)
(0 0.0167047 0)
(0.0109426 0 0)
(0 -3.96094e-05 0)
(0.011024 0 0)
(0 0 0)
(0.0115329 0 0)
(0 3.21381e-08 0)
(0.0256027 0 0)
(0 0.0038771 0)
(0.0444386 0 0)
(0 0.00312942 0)
(0.0955249 0 0)
(0 0.00425537 0)
(0.233515 0 0)
(0 0.00614155 0)
(0.449682 0 0)
(0 0.01546 0)
(0.876232 0.00806942 0)
(0 0.0159609 0)
(1.12781 0.0202683 0)
(1.12007 0.0135571 0)
(1.13051 0.0190584 0)
(1.12998 0.0217954 0)
(1.12764 0.00639246 0)
(1.12861 0.0137092 0)
(1.12253 -0.00535754 0)
(1.12603 0.00100155 0)
(1.11757 -0.0114111 0)
(1.12225 -0.00730472 0)
(1.11339 -0.0130009 0)
(1.11795 -0.0106477 0)
(1.11005 -0.0120809 0)
(1.11379 -0.010919 0)
(1.1075 -0.0100636 0)
(1.11041 -0.00956611 0)
(1.1056 -0.00786871 0)
(1.10779 -0.00767074 0)
(1.10418 -0.00594411 0)
(1.10582 -0.00587418 0)
(1.10314 -0.00440346 0)
(1.10434 -0.00438356 0)
(1.10238 -0.0032227 0)
(1.10325 -0.00322155 0)
(1.10183 -0.00233925 0)
(1.10246 -0.00234471 0)
(1.10143 -0.00168718 0)
(1.10188 -0.00169489 0)
(1.10115 -0.00120978 0)
(1.10147 -0.00121808 0)
(1.10094 -0.000862291 0)
(1.10118 -0.000870464 0)
(1.1008 -0.000610654 0)
(1.10097 -0.000618291 0)
(1.10071 -0.000429307 0)
(1.10082 -0.000436255 0)
(1.10064 -0.000299179 0)
(1.10072 -0.000305408 0)
(1.1006 -0.000206243 0)
(1.10065 -0.000211758 0)
(1.10057 -0.000140264 0)
(1.10061 -0.000145053 0)
(1.10055 -9.37736e-05 0)
(1.10058 -9.78546e-05 0)
(1.10054 -6.12857e-05 0)
(1.10056 -6.47323e-05 0)
(1.10053 -3.88414e-05 0)
(1.10055 -4.17175e-05 0)
(1.10053 -2.35567e-05 0)
(1.10054 -2.59662e-05 0)
(1.10053 -1.33433e-05 0)
(1.10053 -1.5339e-05 0)
(1.10053 -6.69988e-06 0)
(1.10053 -8.31534e-06 0)
(1.10053 -2.53905e-06 0)
(1.10053 -3.80138e-06 0)
(1.10053 -5.35223e-08 0)
(1.10053 -1.04698e-06 0)
(1.10053 1.3181e-06 0)
(1.10053 5.48994e-07 0)
(1.10054 1.88164e-06 0)
(1.10054 1.3312e-06 0)
(1.10054 1.86904e-06 0)
(1.10054 1.50885e-06 0)
(1.10054 1.49157e-06 0)
(1.10054 1.28136e-06 0)
(1.10054 8.98005e-07 0)
(1.10054 8.14303e-07 0)
(1.10054 1.77191e-07 0)
(1.10054 2.12409e-07 0)
(1.10054 -6.25917e-07 0)
(1.10054 -4.70195e-07 0)
(1.10054 -1.50968e-06 0)
(1.10054 -1.21004e-06 0)
(1.10054 -2.50289e-06 0)
(1.10054 -2.01672e-06 0)
(1.10054 -2.94679e-06 0)
(1.0014 0.00527328 0)
(1.00039 0.00191927 0)
(1.00569 0.0104668 0)
(1.00271 0.00587255 0)
(1.01267 0.0150664 0)
(1.00811 0.00965978 0)
(1.02177 0.0184578 0)
(1.0161 0.0127584 0)
(1.03212 0.020285 0)
(1.02582 0.0147677 0)
(1.04283 0.02052 0)
(1.03636 0.0155435 0)
(1.0531 0.0194198 0)
(1.04693 0.015177 0)
(1.06237 0.0174263 0)
(1.05678 0.013948 0)
(1.07037 0.0150043 0)
(1.0655 0.0122283 0)
(1.07702 0.0125141 0)
(1.07292 0.0103419 0)
(1.0824 0.0101814 0)
(1.07904 0.0085065 0)
(1.08667 0.00811832 0)
(1.08396 0.00684345 0)
(1.09001 0.00635302 0)
(1.08784 0.0053999 0)
(1.09259 0.00485433 0)
(1.09086 0.00417069 0)
(1.09456 0.00355046 0)
(1.09317 0.00311111 0)
(1.09604 0.00233449 0)
(1.09487 0.00214931 0)
(1.09713 0.00102687 0)
(1.09605 0.00117165 0)
(1.09791 -0.000678985 0)
(1.09672 1.05284e-06 0)
(1.09835 -0.00324619 0)
(1.09683 -0.00161577 0)
(1.0988 -0.00682572 0)
(1.09617 -0.0044384 0)
(1.09983 -0.0105259 0)
(1.09428 -0.00836848 0)
(1.10181 -0.00969592 0)
(1.09135 -0.0114491 0)
(1.10067 0.00518717 0)
(1.07996 -0.00479232 0)
(1.10354 0.0273284 0)
(1.06466 0.016088 0)
(1.10689 0.0336858 0)
(1.01715 0.0381934 2.24461e-48)
(1.14335 0.0151337 0)
(0.505272 0.289976 0)
(0.222366 0 0)
(0 0.00590407 0)
(0.010897 0 0)
(0 0 0)
(0.0104781 0 0)
(0 0 0)
(0.0125568 0 0)
(0 0 0)
(0.0121871 0 0)
(0 -4.08079e-05 0)
(0.02737 0 0)
(0 -0.000501095 0)
(0.0607307 0 0)
(0 -0.00025191 0)
(0.134219 0 0)
(0 0.00537211 0)
(0.268016 0 0)
(0 -0.000431627 0)
(0.66684 0.00260806 0)
(0 -1.6681e-05 0)
(1.11538 0.0110961 0)
(0.557245 0.033147 0)
(1.12432 0.0147917 0)
(1.12495 0.012857 0)
(1.12778 0.00739804 0)
(1.12665 0.0102484 0)
(1.12652 -0.00155085 0)
(1.12772 0.00225825 0)
(1.12283 -0.00691969 0)
(1.12597 -0.00360977 0)
(1.11845 -0.00880897 0)
(1.12225 -0.00626658 0)
(1.1143 -0.00857673 0)
(1.11758 -0.00677219 0)
(1.11083 -0.00730298 0)
(1.11349 -0.00609599 0)
(1.1081 -0.00576676 0)
(1.11015 -0.00494063 0)
(1.10603 -0.00437858 0)
(1.10757 -0.00380384 0)
(1.10449 -0.00324935 0)
(1.10562 -0.00284492 0)
(1.10336 -0.00237906 0)
(1.10418 -0.00209254 0)
(1.10254 -0.00172704 0)
(1.10313 -0.00152325 0)
(1.10195 -0.00124604 0)
(1.10237 -0.00110123 0)
(1.10152 -0.000894229 0)
(1.10183 -0.000791743 0)
(1.10122 -0.000638325 0)
(1.10144 -0.000566216 0)
(1.101 -0.000453027 0)
(1.10116 -0.00040268 0)
(1.10085 -0.000319412 0)
(1.10096 -0.000284603 0)
(1.10074 -0.000223441 0)
(1.10082 -0.000199696 0)
(1.10067 -0.000154786 0)
(1.10072 -0.00013886 0)
(1.10062 -0.000105919 0)
(1.10066 -9.54616e-05 0)
(1.10059 -7.13669e-05 0)
(1.10061 -6.46773e-05 0)
(1.10057 -4.71514e-05 0)
(1.10058 -4.30312e-05 0)
(1.10055 -3.03712e-05 0)
(1.10056 -2.79812e-05 0)
(1.10054 -1.89024e-05 0)
(1.10055 -1.76545e-05 0)
(1.10054 -1.11808e-05 0)
(1.10054 -1.06757e-05 0)
(1.10054 -6.08327e-06 0)
(1.10054 -6.02708e-06 0)
(1.10054 -2.82893e-06 0)
(1.10054 -3.02062e-06 0)
(1.10054 -8.56003e-07 0)
(1.10054 -1.17532e-06 0)
(1.10054 2.35156e-07 0)
(1.10054 -1.37169e-07 0)
(1.10054 6.99063e-07 0)
(1.10054 3.57831e-07 0)
(1.10054 7.19036e-07 0)
(1.10054 4.37225e-07 0)
(1.10054 4.51426e-07 0)
(1.10054 2.46547e-07 0)
(1.10054 1.44732e-08 0)
(1.10054 -9.63187e-08 0)
(1.10054 -5.18603e-07 0)
(1.10054 -5.27172e-07 0)
(1.10054 -1.10975e-06 0)
(1.10054 -1.007e-06 0)
(1.10054 -1.74551e-06 0)
(1.10054 -1.51389e-06 0)
(1.10054 -2.46767e-06 0)
(1.10054 -2.07664e-06 0)
(1.10054 -2.73931e-06 0)
(1.00128 0.00256733 0)
(1.00037 0.00063646 0)
(1.00523 0.00510541 0)
(1.00252 0.00192842 0)
(1.01171 0.00737422 0)
(1.00765 0.00317487 0)
(1.02026 0.00907378 0)
(1.01528 0.00420656 0)
(1.03015 0.0100189 0)
(1.02465 0.00487976 0)
(1.04055 0.0101854 0)
(1.03492 0.0051489 0)
(1.05068 0.00968798 0)
(1.04535 0.00504253 0)
(1.05998 0.0087357 0)
(1.05516 0.00464845 0)
(1.06812 0.00755688 0)
(1.06394 0.00408721 0)
(1.075 0.00633159 0)
(1.07149 0.00346679 0)
(1.08064 0.00517328 0)
(1.07777 0.00285976 0)
(1.08518 0.00413891 0)
(1.08287 0.00230677 0)
(1.08876 0.00324332 0)
(1.08693 0.00182377 0)
(1.09152 0.00247004 0)
(1.09009 0.0014093 0)
(1.09358 0.00177862 0)
(1.09249 0.00104798 0)
(1.09502 0.00109932 0)
(1.09421 0.000714336 0)
(1.09583 0.000334699 0)
(1.09531 0.000358875 0)
(1.0959 -0.000717093 0)
(1.09564 -6.58672e-05 0)
(1.09495 -0.00235534 0)
(1.09514 -0.000667101 0)
(1.09216 -0.00482178 0)
(1.09312 -0.00164542 0)
(1.0867 -0.00694087 0)
(1.08883 -0.00291527 0)
(1.07874 -0.00458912 0)
(1.08047 -0.0034886 0)
(1.07388 0.00858921 0)
(1.05974 6.86554e-05 0)
(1.08127 0.0219895 2.24461e-48)
(1.06055 0.00870016 0)
(1.74756 0.0126096 -1.90079e-32)
(0.993548 0.0102715 2.24461e-48)
(0.485073 0 0)
(0 0.0143425 0)
(0.0108381 0 0)
(0 0 0)
(0.0108573 0 0)
(0 0 0)
(0.0107328 0 0)
(0 0 0)
(0.0114181 0 0)
(0 0 0)
(0.0108274 0 0)
(0 -1.50126e-06 0)
(0.0220239 0 0)
(0 -8.39157e-05 0)
(0.0538155 0 0)
(0 0.00323351 0)
(0.0979995 0 0)
(0 -0.000164466 0)
(0.219589 0 0)
(0 -3.1032e-05 0)
(0.551856 0 0)
(0 0.0134324 0)
(0.87252 0.00412257 0)
(0 0.00210411 0)
(1.12081 0.0077526 0)
(1.12264 0.00448556 0)
(1.12724 0.00467095 0)
(1.12546 0.00382379 0)
(1.12838 -2.42573e-05 0)
(1.12796 0.00111677 0)
(1.12577 -0.00314658 0)
(1.12745 -0.000997138 0)
(1.1215 -0.00438977 0)
(1.12434 -0.00199497 0)
(1.11699 -0.00441066 0)
(1.11954 -0.00226204 0)
(1.11297 -0.00381838 0)
(1.11508 -0.00207773 0)
(1.10973 -0.00304018 0)
(1.11139 -0.00169884 0)
(1.10723 -0.00231531 0)
(1.10849 -0.00131266 0)
(1.10537 -0.00172071 0)
(1.1063 -0.000982659 0)
(1.104 -0.00126056 0)
(1.10468 -0.00072298 0)
(1.103 -0.000915062 0)
(1.10349 -0.000526008 0)
(1.10228 -0.00066012 0)
(1.10263 -0.000379948 0)
(1.10176 -0.000473703 0)
(1.10202 -0.000272859 0)
(1.10139 -0.000338167 0)
(1.10157 -0.000194839 0)
(1.10113 -0.000240074 0)
(1.10126 -0.00013832 0)
(1.10094 -0.000169359 0)
(1.10103 -9.75695e-05 0)
(1.10081 -0.00011856 0)
(1.10087 -6.82962e-05 0)
(1.10072 -8.21983e-05 0)
(1.10076 -4.73348e-05 0)
(1.10066 -5.62902e-05 0)
(1.10068 -3.23754e-05 0)
(1.10061 -3.79552e-05 0)
(1.10063 -2.17687e-05 0)
(1.10058 -2.51189e-05 0)
(1.1006 -1.43424e-05 0)
(1.10056 -1.62437e-05 0)
(1.10057 -9.24202e-06 0)
(1.10055 -1.01912e-05 0)
(1.10056 -5.78508e-06 0)
(1.10055 -6.11664e-06 0)
(1.10055 -3.48968e-06 0)
(1.10054 -3.42705e-06 0)
(1.10054 -1.96627e-06 0)
(1.10054 -1.72353e-06 0)
(1.10054 -1.0126e-06 0)
(1.10054 -7.31386e-07 0)
(1.10054 -4.59883e-07 0)
(1.10054 -2.28618e-07 0)
(1.10054 -2.33569e-07 0)
(1.10054 -6.58186e-08 0)
(1.10054 -2.23167e-07 0)
(1.10054 -1.56853e-07 0)
(1.10054 -3.68357e-07 0)
(1.10054 -3.94256e-07 0)
(1.10054 -6.02011e-07 0)
(1.10054 -7.0968e-07 0)
(1.10054 -8.71696e-07 0)
(1.10054 -1.07012e-06 0)
(1.10054 -1.15497e-06 0)
(1.10054 -1.4537e-06 0)
(1.10054 -1.44468e-06 0)
(1.10054 -1.87681e-06 0)
(1.10054 -1.7401e-06 0)
(1.10054 -2.36734e-06 0)
(1.10054 -2.07296e-06 0)
(1.10054 -2.43175e-06 0)
(1.00124 1.64158e-05 0)
(1.00036 -0.000600951 0)
(1.00506 1.58581e-05 0)
(1.00252 -0.00189711 0)
(1.01138 1.39625e-05 0)
(1.00765 -0.00314384 0)
(1.01977 1.01483e-05 0)
(1.01529 -0.00418196 0)
(1.02951 5.46536e-06 0)
(1.02465 -0.00486386 0)
(1.03981 9.72021e-07 0)
(1.03492 -0.00514272 0)
(1.04989 -2.51172e-06 0)
(1.04535 -0.00504455 0)
(1.0592 -4.73402e-06 0)
(1.05516 -0.00465623 0)
(1.06738 -5.76591e-06 0)
(1.06394 -0.00409816 0)
(1.07433 -5.81036e-06 0)
(1.07149 -0.00347873 0)
(1.08006 -5.04632e-06 0)
(1.07777 -0.00287092 0)
(1.08468 -3.64746e-06 0)
(1.08287 -0.00231571 0)
(1.08833 -1.70969e-06 0)
(1.08693 -0.00182938 0)
(1.09115 7.03502e-07 0)
(1.09009 -0.00141068 0)
(1.09325 3.77194e-06 0)
(1.09249 -0.00104408 0)
(1.09467 7.98178e-06 0)
(1.09422 -0.000703993 0)
(1.09536 1.32045e-05 0)
(1.09532 -0.000339008 0)
(1.0952 2.00134e-05 0)
(1.09564 9.58057e-05 0)
(1.09382 3.19819e-05 0)
(1.09516 0.000719425 0)
(1.09045 2.79472e-05 0)
(1.09314 0.00172285 0)
(1.08455 -3.83252e-06 0)
(1.08887 0.00298816 0)
(1.07753 7.49196e-06 0)
(1.08049 0.00353246 0)
(1.0776 1.23207e-05 0)
(1.05977 -7.95724e-06 0)
(1.09521 -0.00012498 0)
(1.06018 -0.00890115 0)
(1.67642 -0.000117985 0)
(0.993503 -0.0107356 0)
(0.43195 0 0)
(0 -0.0146258 0)
(0.0108383 0 0)
(0 0 0)
(0.0108552 0 0)
(0 0 0)
(0.010741 0 0)
(0 0 0)
(0.0114206 0 0)
(0 0 0)
(0.00991396 0 0)
(0 1.5001e-06 0)
(0.0246621 0 0)
(0 8.41041e-05 0)
(0.039907 0 0)
(0 -0.00323224 0)
(0.0859073 0 0)
(0 0.000166204 0)
(0.217699 0 0)
(0 8.21031e-05 0)
(0.410301 0 0)
(0 -0.0167848 0)
(0.839794 -3.76179e-05 0)
(0 -0.00223097 0)
(1.1187 -6.00918e-05 0)
(1.12261 -0.0046235 0)
(1.12641 -1.43337e-05 0)
(1.12537 -0.00389105 0)
(1.1286 3.15986e-05 0)
(1.12783 -0.00107524 0)
(1.12653 4.91835e-05 0)
(1.12736 0.00107619 0)
(1.12246 4.36779e-05 0)
(1.12427 0.0020741 0)
(1.11788 2.8164e-05 0)
(1.11951 0.00232113 0)
(1.11369 1.40014e-05 0)
(1.11506 0.00210984 0)
(1.11028 5.8847e-06 0)
(1.11138 0.00171089 0)
(1.10765 4.07859e-06 0)
(1.10849 0.00132035 0)
(1.10567 3.7611e-06 0)
(1.1063 0.000989679 0)
(1.10422 3.36901e-06 0)
(1.10468 0.00072928 0)
(1.10316 3.01927e-06 0)
(1.10349 0.000531789 0)
(1.1024 2.73528e-06 0)
(1.10263 0.000385313 0)
(1.10185 2.53301e-06 0)
(1.10201 0.000277904 0)
(1.10145 2.35926e-06 0)
(1.10157 0.000199653 0)
(1.10117 2.15952e-06 0)
(1.10125 0.000142817 0)
(1.10097 1.93939e-06 0)
(1.10103 0.000101657 0)
(1.10083 1.72996e-06 0)
(1.10087 7.19523e-05 0)
(1.10073 1.55906e-06 0)
(1.10076 5.06103e-05 0)
(1.10067 1.41806e-06 0)
(1.10068 3.53665e-05 0)
(1.10062 1.26871e-06 0)
(1.10063 2.44872e-05 0)
(1.10059 1.08154e-06 0)
(1.1006 1.67382e-05 0)
(1.10057 8.61073e-07 0)
(1.10057 1.12066e-05 0)
(1.10056 6.37492e-07 0)
(1.10056 7.29823e-06 0)
(1.10055 4.40178e-07 0)
(1.10055 4.56161e-06 0)
(1.10054 2.70088e-07 0)
(1.10054 2.69525e-06 0)
(1.10054 9.87156e-08 0)
(1.10054 1.40681e-06 0)
(1.10054 -8.91731e-08 0)
(1.10054 5.11486e-07 0)
(1.10054 -3.19649e-07 0)
(1.10054 -1.44849e-07 0)
(1.10054 -5.91194e-07 0)
(1.10054 -6.67661e-07 0)
(1.10054 -8.65703e-07 0)
(1.10054 -1.08024e-06 0)
(1.10054 -1.12113e-06 0)
(1.10054 -1.38116e-06 0)
(1.10054 -1.34861e-06 0)
(1.10054 -1.59031e-06 0)
(1.10054 -1.55368e-06 0)
(1.10054 -1.7335e-06 0)
(1.10054 -1.74853e-06 0)
(1.10054 -1.83572e-06 0)
(1.10054 -1.94595e-06 0)
(1.10054 -1.92778e-06 0)
(1.10054 -2.14228e-06 0)
(1.10054 -2.00823e-06 0)
(1.10054 -2.03614e-06 0)
(1.00128 -0.00253418 0)
(1.00038 -0.00187663 0)
(1.00523 -0.00507506 0)
(1.0027 -0.00584868 0)
(1.01171 -0.00734648 0)
(1.00811 -0.00962999 0)
(1.02027 -0.0090536 0)
(1.0161 -0.0127349 0)
(1.03015 -0.0100078 0)
(1.02582 -0.014752 0)
(1.04055 -0.0101833 0)
(1.03637 -0.0155372 0)
(1.05068 -0.00969288 0)
(1.04694 -0.0151789 0)
(1.05998 -0.00874507 0)
(1.05678 -0.0139555 0)
(1.06812 -0.00756835 0)
(1.06551 -0.0122391 0)
(1.075 -0.00634318 0)
(1.07293 -0.0103537 0)
(1.08064 -0.00518343 0)
(1.07904 -0.00851761 0)
(1.08518 -0.00414635 0)
(1.08396 -0.00685253 0)
(1.08876 -0.00324712 0)
(1.08784 -0.00540595 0)
(1.09152 -0.00246922 0)
(1.09086 -0.00417287 0)
(1.09359 -0.00177233 0)
(1.09317 -0.00310869 0)
(1.09502 -0.00108576 0)
(1.09488 -0.00214143 0)
(1.09584 -0.000312006 0)
(1.09606 -0.00115699 0)
(1.09592 0.000752181 0)
(1.09673 2.15264e-05 0)
(1.09498 0.00241134 0)
(1.09686 0.00165158 0)
(1.09222 0.00491629 0)
(1.09621 0.00449091 0)
(1.08677 0.00706941 0)
(1.09438 0.00843775 0)
(1.07875 0.00471897 0)
(1.09147 0.0115539 0)
(1.0737 -0.0085833 0)
(1.08016 0.00503799 0)
(1.08069 -0.0220839 0)
(1.06439 -0.0158867 0)
(1.74686 -0.0126487 0)
(1.01959 -0.0391363 0)
(0.485309 0 0)
(0.506533 -0.293221 0)
(0.0108381 0 0)
(0 -0.00612807 0)
(0.0108573 0 0)
(0 0 0)
(0.0107328 0 0)
(0 0 0)
(0.0114182 0 0)
(0 0 0)
(0.0108282 0 0)
(0 4.08342e-05 0)
(0.022023 0 0)
(0 0.0005013 0)
(0.0537552 0 0)
(0 0.000252271 0)
(0.0973714 0 0)
(0 -0.00536152 0)
(0.216584 0 0)
(0 0.000472896 0)
(0.551116 0 0)
(0 0.000155774 0)
(0.87246 -0.00415806 0)
(0.557246 -0.0331683 0)
(1.12068 -0.00779972 0)
(1.12487 -0.0128316 0)
(1.127 -0.0046543 0)
(1.12649 -0.0102155 0)
(1.12816 8.34881e-05 0)
(1.12752 -0.00223012 0)
(1.12561 0.00320506 0)
(1.12584 0.00362476 0)
(1.1214 0.0044383 0)
(1.12216 0.00628279 0)
(1.11693 0.0044415 0)
(1.11753 0.00678878 0)
(1.11294 0.00383154 0)
(1.11347 0.00610341 0)
(1.10971 0.00304642 0)
(1.11013 0.00494118 0)
(1.10722 0.00232096 0)
(1.10756 0.00380619 0)
(1.10536 0.00172602 0)
(1.10561 0.00284833 0)
(1.104 0.00126564 0)
(1.10418 0.00209658 0)
(1.103 0.000920011 0)
(1.10313 0.00152761 0)
(1.10228 0.000664939 0)
(1.10237 0.00110573 0)
(1.10176 0.000478387 0)
(1.10183 0.000796257 0)
(1.10139 0.000342662 0)
(1.10143 0.000570683 0)
(1.10113 0.00024426 0)
(1.10116 0.000406944 0)
(1.10094 0.000173161 0)
(1.10096 0.000288554 0)
(1.10081 0.000121976 0)
(1.10082 0.000203264 0)
(1.10072 8.52871e-05 0)
(1.10072 0.000142089 0)
(1.10065 5.90943e-05 0)
(1.10066 9.8395e-05 0)
(1.10061 4.04565e-05 0)
(1.10061 6.73312e-05 0)
(1.10058 2.72419e-05 0)
(1.10058 4.53404e-05 0)
(1.10056 1.79312e-05 0)
(1.10056 2.98734e-05 0)
(1.10055 1.1439e-05 0)
(1.10055 1.91023e-05 0)
(1.10055 6.97492e-06 0)
(1.10054 1.17068e-05 0)
(1.10054 3.94673e-06 0)
(1.10054 6.70434e-06 0)
(1.10054 1.90962e-06 0)
(1.10054 3.369e-06 0)
(1.10054 5.27961e-07 0)
(1.10054 1.17186e-06 0)
(1.10054 -4.4664e-07 0)
(1.10054 -2.96858e-07 0)
(1.10054 -1.13132e-06 0)
(1.10054 -1.2857e-06 0)
(1.10054 -1.57848e-06 0)
(1.10054 -1.89341e-06 0)
(1.10054 -1.84114e-06 0)
(1.10054 -2.21953e-06 0)
(1.10054 -1.97208e-06 0)
(1.10054 -2.33515e-06 0)
(1.10054 -2.01422e-06 0)
(1.10054 -2.3223e-06 0)
(1.10054 -2.01226e-06 0)
(1.10054 -2.22845e-06 0)
(1.10054 -1.98456e-06 0)
(1.10054 -2.1022e-06 0)
(1.10054 -1.89468e-06 0)
(1.10054 -1.93141e-06 0)
(1.10054 -1.64833e-06 0)
(1.00139 -0.00523994 0)
(1.00043 -0.00326919 0)
(1.00569 -0.0104438 0)
(1.00303 -0.0101434 0)
(1.01267 -0.015041 0)
(1.00906 -0.0166174 0)
(1.02177 -0.018439 0)
(1.01784 -0.0218326 0)
(1.03213 -0.0202743 0)
(1.02831 -0.0251092 0)
(1.04284 -0.0205179 0)
(1.0394 -0.0262461 0)
(1.05311 -0.0194245 0)
(1.05024 -0.0254462 0)
(1.06238 -0.0174354 0)
(1.06013 -0.0232291 0)
(1.07037 -0.0150155 0)
(1.06871 -0.0202346 0)
(1.07703 -0.0125256 0)
(1.07584 -0.0170041 0)
(1.08241 -0.0101916 0)
(1.0816 -0.0139006 0)
(1.08668 -0.00812618 0)
(1.08613 -0.0111219 0)
(1.09001 -0.00635766 0)
(1.08966 -0.00874249 0)
(1.09259 -0.00485518 0)
(1.09237 -0.00675129 0)
(1.09456 -0.00354678 0)
(1.09446 -0.00507895 0)
(1.09605 -0.00232564 0)
(1.09607 -0.00362482 0)
(1.09715 -0.00101202 0)
(1.09735 -0.00226007 0)
(1.09793 0.00070201 0)
(1.09844 -0.00076122 0)
(1.09839 0.00327738 0)
(1.09947 0.00119566 0)
(1.09887 0.00685146 0)
(1.1008 0.0040091 0)
(1.09997 0.010558 0)
(1.10281 0.00733568 0)
(1.10206 0.00979179 0)
(1.10625 0.00947017 0)
(1.10112 -0.00517467 0)
(1.10994 0.00597705 0)
(1.10425 -0.0283978 0)
(1.09457 -0.0190123 0)
(1.10737 -0.0351657 0)
(1.08911 -0.0422568 0)
(1.14809 -0.0156039 0)
(1.0465 -0.0151946 -1.87145e-17)
(0.223677 0 0)
(0 -0.0165275 0)
(0.010897 0 0)
(0 4.00733e-05 0)
(0.0104782 0 0)
(0 0 0)
(0.012558 0 0)
(0 -3.43509e-08 0)
(0.0121892 0 0)
(0 -0.00387758 0)
(0.0273725 0 0)
(0 -0.00312916 0)
(0.0607205 0 0)
(0 -0.00425448 0)
(0.134179 0 0)
(0 -0.00614156 0)
(0.268028 0 0)
(0 -0.0154542 0)
(0.666758 -0.00259339 0)
(0 -0.0158924 0)
(1.11537 -0.0110398 0)
(1.12005 -0.0135062 -3.72674e-19)
(1.12422 -0.0147195 0)
(1.12989 -0.0216797 0)
(1.12764 -0.00736968 0)
(1.12851 -0.0136369 0)
(1.12641 0.0015372 0)
(1.12596 -0.00100761 0)
(1.12275 0.00690011 0)
(1.1222 0.00728688 0)
(1.11841 0.00879961 0)
(1.11792 0.0106282 0)
(1.11429 0.00857511 0)
(1.11378 0.0109098 0)
(1.11082 0.00730113 0)
(1.11041 0.00956697 0)
(1.10809 0.00576532 0)
(1.10779 0.00766902 0)
(1.10603 0.00437948 0)
(1.10581 0.00587518 0)
(1.10449 0.0032517 0)
(1.10433 0.00438595 0)
(1.10336 0.00238234 0)
(1.10325 0.00322474 0)
(1.10254 0.00173084 0)
(1.10245 0.00234839 0)
(1.10195 0.00125012 0)
(1.10188 0.0016988 0)
(1.10152 0.000898413 0)
(1.10147 0.00122215 0)
(1.10122 0.000642465 0)
(1.10117 0.000874552 0)
(1.101 0.000456978 0)
(1.10097 0.000622274 0)
(1.10085 0.000323067 0)
(1.10082 0.000440015 0)
(1.10074 0.000226765 0)
(1.10072 0.000308862 0)
(1.10067 0.000157801 0)
(1.10065 0.000214904 0)
(1.10062 0.000108637 0)
(1.10061 0.000147892 0)
(1.10059 7.37592e-05 0)
(1.10058 0.000100378 0)
(1.10057 4.91608e-05 0)
(1.10056 6.6883e-05 0)
(1.10055 3.19592e-05 0)
(1.10054 4.34693e-05 0)
(1.10054 2.00731e-05 0)
(1.10054 2.72961e-05 0)
(1.10054 1.19743e-05 0)
(1.10053 1.62911e-05 0)
(1.10054 6.53383e-06 0)
(1.10053 8.90339e-06 0)
(1.10054 2.93361e-06 0)
(1.10053 4.05338e-06 0)
(1.10054 5.66956e-07 0)
(1.10053 9.25871e-07 0)
(1.10054 -9.74655e-07 0)
(1.10053 -1.08393e-06 0)
(1.10054 -1.92772e-06 0)
(1.10054 -2.32343e-06 0)
(1.10054 -2.44651e-06 0)
(1.10054 -2.97343e-06 0)
(1.10054 -2.6513e-06 0)
(1.10054 -3.22294e-06 0)
(1.10054 -2.64062e-06 0)
(1.10054 -3.19048e-06 0)
(1.10054 -2.50025e-06 0)
(1.10054 -2.98517e-06 0)
(1.10054 -2.29166e-06 0)
(1.10054 -2.67171e-06 0)
(1.10054 -2.03696e-06 0)
(1.10054 -2.30087e-06 0)
(1.10054 -1.68556e-06 0)
(1.10054 -1.86567e-06 0)
(1.10054 -1.28475e-06 0)
(1.0016 -0.00826028 0)
(1.00051 -0.00487271 0)
(1.00653 -0.0163872 0)
(1.0036 -0.0150707 0)
(1.01444 -0.0234439 0)
(1.0107 -0.0245313 0)
(1.02453 -0.0285085 0)
(1.02085 -0.0319164 0)
(1.03569 -0.0310659 0)
(1.03248 -0.0362693 0)
(1.04689 -0.031145 0)
(1.04435 -0.037449 0)
(1.05734 -0.0292195 0)
(1.05555 -0.0358954 0)
(1.06653 -0.0260029 0)
(1.06545 -0.0324193 0)
(1.07424 -0.0222065 0)
(1.07373 -0.0279393 0)
(1.08046 -0.0183735 0)
(1.08034 -0.0232326 0)
(1.08537 -0.0148375 0)
(1.08548 -0.0188031 0)
(1.08916 -0.0117591 0)
(1.08939 -0.0149108 0)
(1.09206 -0.00917477 0)
(1.09232 -0.0116452 0)
(1.09429 -0.00703747 0)
(1.09452 -0.00898345 0)
(1.09604 -0.00525211 0)
(1.09622 -0.00682446 0)
(1.09746 -0.00370078 0)
(1.09759 -0.00505068 0)
(1.09875 -0.00221456 0)
(1.09879 -0.00354432 0)
(1.10011 -0.000550363 0)
(1.10005 -0.00212847 0)
(1.10193 0.00164795 0)
(1.10163 -0.000619782 0)
(1.10473 0.00429145 0)
(1.10404 0.0012119 0)
(1.10905 0.00628602 0)
(1.10808 0.00301343 0)
(1.11519 0.00504806 0)
(1.1137 0.00333127 0)
(1.12249 -0.00640118 0)
(1.12234 -0.0013276 0)
(1.12178 -0.0262472 0)
(1.12225 -0.0182982 0)
(1.10874 -0.0243084 -1.87145e-17)
(1.11615 -0.029219 0)
(1.63567 -0.00604821 -1.87145e-17)
(1.0848 -0.00829429 -2.13118e-17)
(0.517152 0 0)
(0.442806 -0.288204 1.02959e-17)
(0.0109344 0 0)
(0 0.00124676 0)
(0.0110244 0 0)
(0 5.08928e-05 0)
(0.0115341 0 0)
(0 0.000145573 0)
(0.0256075 0 0)
(0 -0.00210978 0)
(0.0444476 0 0)
(0 -0.00595529 0)
(0.0956189 0 0)
(0 -0.005807 0)
(0.233949 0 0)
(0 -0.0120134 0)
(0.44993 0 0)
(0 -0.0388461 0)
(0.876286 -0.0080387 -3.72674e-19)
(0.563655 -0.0684856 2.51493e-17)
(1.12775 -0.020179 -3.72674e-19)
(1.13328 -0.0238 9.47879e-19)
(1.13045 -0.0189553 0)
(1.13537 -0.0243849 0)
(1.12759 -0.00635403 0)
(1.12834 -0.0107781 0)
(1.12251 0.00534028 0)
(1.1211 0.00407364 0)
(1.11758 0.0113834 0)
(1.11579 0.0122207 0)
(1.11341 0.0129754 0)
(1.1116 0.0147998 0)
(1.11007 0.0120724 0)
(1.10848 0.01425 0)
(1.10751 0.0100636 0)
(1.10621 0.0121223 0)
(1.1056 0.00786898 0)
(1.10461 0.00958179 0)
(1.10418 0.00594632 0)
(1.10346 0.00729021 0)
(1.10314 0.00440656 0)
(1.10261 0.00542776 0)
(1.10238 0.00322623 0)
(1.10198 0.00398679 0)
(1.10183 0.00234299 0)
(1.10153 0.00290159 0)
(1.10143 0.00169104 0)
(1.10121 0.00209712 0)
(1.10114 0.0012137 0)
(1.10098 0.00150635 0)
(1.10094 0.000866162 0)
(1.10082 0.00107526 0)
(1.1008 0.000614389 0)
(1.10071 0.000762511 0)
(1.1007 0.000432813 0)
(1.10063 0.000536858 0)
(1.10064 0.000302401 0)
(1.10058 0.000374803 0)
(1.10059 0.000209157 0)
(1.10055 0.000258921 0)
(1.10057 0.00014285 0)
(1.10053 0.000176511 0)
(1.10055 9.59955e-05 0)
(1.10052 0.000118345 0)
(1.10054 6.312e-05 0)
(1.10051 7.75892e-05 0)
(1.10053 4.0277e-05 0)
(1.10051 4.92942e-05 0)
(1.10053 2.46105e-05 0)
(1.10051 2.99742e-05 0)
(1.10053 1.40342e-05 0)
(1.10051 1.69771e-05 0)
(1.10053 7.03513e-06 0)
(1.10052 8.34595e-06 0)
(1.10053 2.51211e-06 0)
(1.10052 2.78797e-06 0)
(1.10053 -3.60996e-07 0)
(1.10052 -6.85451e-07 0)
(1.10053 -2.14554e-06 0)
(1.10052 -2.80588e-06 0)
(1.10053 -3.14493e-06 0)
(1.10053 -3.96846e-06 0)
(1.10054 -3.57904e-06 0)
(1.10053 -4.43914e-06 0)
(1.10054 -3.63699e-06 0)
(1.10053 -4.46103e-06 0)
(1.10054 -3.44832e-06 0)
(1.10053 -4.19081e-06 0)
(1.10054 -3.09857e-06 0)
(1.10053 -3.74544e-06 0)
(1.10054 -2.64546e-06 0)
(1.10053 -3.19293e-06 0)
(1.10054 -2.11328e-06 0)
(1.10053 -2.57229e-06 0)
(1.10054 -1.46115e-06 0)
(1.10053 -1.86182e-06 0)
(1.10053 -9.77515e-07 0)
(1.00196 -0.0118282 0)
(1.00065 -0.00683222 0)
(1.00796 -0.0233235 0)
(1.00456 -0.021071 0)
(1.01741 -0.0330474 0)
(1.01346 -0.0339799 0)
(1.02899 -0.0396669 0)
(1.02569 -0.0434973 0)
(1.04126 -0.0426129 0)
(1.03895 -0.0485406 0)
(1.05311 -0.0421511 0)
(1.05181 -0.0492959 0)
(1.06374 -0.0390474 0)
(1.06341 -0.0465294 0)
(1.0727 -0.034315 0)
(1.07315 -0.0413829 0)
(1.07987 -0.0289382 0)
(1.08081 -0.0351088 0)
(1.08539 -0.0236514 0)
(1.08655 -0.0287529 0)
(1.08953 -0.0188823 0)
(1.09071 -0.0229392 0)
(1.09257 -0.0148211 0)
(1.09366 -0.0179548 0)
(1.09481 -0.0114986 0)
(1.09573 -0.0138796 0)
(1.09649 -0.00883901 0)
(1.09719 -0.0106611 0)
(1.09781 -0.00672041 0)
(1.0983 -0.0081515 0)
(1.09896 -0.00502737 0)
(1.09922 -0.00620067 0)
(1.10014 -0.00363669 0)
(1.1001 -0.00472097 0)
(1.1016 -0.00242607 0)
(1.10116 -0.00359205 0)
(1.10374 -0.001306 0)
(1.10266 -0.00275744 0)
(1.10721 -0.000423954 0)
(1.105 -0.00226009 0)
(1.11278 -0.000510779 0)
(1.10889 -0.00255406 0)
(1.12084 -0.0033556 0)
(1.11455 -0.0047289 0)
(1.12967 -0.0123471 0)
(1.12243 -0.0101555 0)
(1.13168 -0.0222296 0)
(1.1287 -0.0203085 0)
(1.12362 -0.01603 -2.5973e-18)
(1.12742 -0.0211576 0)
(1.12163 -0.00918662 7.69857e-18)
(1.10921 -0.00237722 -2.5973e-18)
(1.30678 -0.00592828 1.02959e-17)
(1.01067 0.0113968 1.55669e-17)
(0.369873 0 0)
(0.558704 -0.404044 0)
(0.0146247 0 0)
(0 0.00236179 0)
(0.0207106 0 0)
(0 -0.0012761 0)
(0.0477439 0 0)
(0 -0.00557267 0)
(0.0991363 0 0)
(0 -0.0125049 0)
(0.200366 0 0)
(0 -0.0214323 0)
(0.446882 0 0)
(0 -0.0616724 0)
(0.878077 -0.00684313 2.51493e-17)
(0.568089 -0.0911572 0)
(1.13285 -0.0209653 2.64699e-17)
(1.13947 -0.024169 3.78407e-17)
(1.13734 -0.0257283 1.32055e-18)
(1.14327 -0.0294797 1.32055e-18)
(1.1314 -0.0151531 0)
(1.13305 -0.0184423 0)
(1.12216 0.000388948 0)
(1.12053 -0.00153702 0)
(1.11479 0.0115078 0)
(1.1115 0.0114444 0)
(1.10987 0.0160366 0)
(1.10646 0.0171346 0)
(1.10674 0.0163599 0)
(1.10369 0.0179301 0)
(1.10471 0.0144998 0)
(1.10212 0.0162779 0)
(1.10341 0.0117839 0)
(1.10136 0.0134285 0)
(1.10254 0.00910692 0)
(1.10099 0.0104533 0)
(1.10192 0.00684851 0)
(1.10076 0.00790261 0)
(1.10148 0.00506606 0)
(1.10061 0.00586907 0)
(1.10116 0.00370621 0)
(1.10051 0.00430541 0)
(1.10093 0.00268929 0)
(1.10044 0.00312917 0)
(1.10077 0.00193814 0)
(1.1004 0.00225704 0)
(1.10066 0.00138768 0)
(1.10038 0.00161626 0)
(1.10059 0.000986857 0)
(1.10037 0.00114855 0)
(1.10054 0.000696777 0)
(1.10037 0.000809684 0)
(1.10052 0.000487989 0)
(1.10038 0.000565939 0)
(1.1005 0.00033839 0)
(1.10039 0.000391533 0)
(1.10049 0.000231687 0)
(1.1004 0.000267185 0)
(1.10049 0.000156072 0)
(1.10041 0.000179211 0)
(1.10049 0.000102965 0)
(1.10042 0.000117678 0)
(1.10049 6.60312e-05 0)
(1.10043 7.49417e-05 0)
(1.10049 4.0722e-05 0)
(1.10044 4.56294e-05 0)
(1.1005 2.36917e-05 0)
(1.10045 2.589e-05 0)
(1.1005 1.23498e-05 0)
(1.10045 1.28347e-05 0)
(1.10051 4.92986e-06 0)
(1.10046 4.40671e-06 0)
(1.10051 2.39744e-07 0)
(1.10047 -8.21889e-07 0)
(1.10051 -2.63111e-06 0)
(1.10047 -3.91193e-06 0)
(1.10052 -4.24923e-06 0)
(1.10047 -5.58993e-06 0)
(1.10052 -4.97567e-06 0)
(1.10048 -6.28966e-06 0)
(1.10052 -5.10678e-06 0)
(1.10048 -6.33883e-06 0)
(1.10052 -4.8583e-06 0)
(1.10048 -5.97892e-06 0)
(1.10052 -4.383e-06 0)
(1.10048 -5.36986e-06 0)
(1.10052 -3.7676e-06 0)
(1.10048 -4.61252e-06 0)
(1.10052 -3.06324e-06 0)
(1.10048 -3.80059e-06 0)
(1.10052 -2.27909e-06 0)
(1.10048 -2.92195e-06 0)
(1.10052 -1.35028e-06 0)
(1.10049 -1.94641e-06 0)
(1.10049 -7.76148e-07 0)
(1.00257 -0.0163103 0)
(1.00089 -0.00939856 0)
(1.01036 -0.0318805 0)
(1.00624 -0.0288697 0)
(1.02218 -0.044465 0)
(1.01809 -0.0457956 0)
(1.03587 -0.0523329 0)
(1.03334 -0.0571874 0)
(1.04962 -0.0551528 0)
(1.04876 -0.062294 0)
(1.06222 -0.053593 0)
(1.06278 -0.0618946 0)
(1.07289 -0.0487867 0)
(1.0746 -0.0571989 0)
(1.0813 -0.0421125 0)
(1.08375 -0.0497889 0)
(1.0875 -0.034882 0)
(1.09021 -0.041309 0)
(1.09187 -0.0280221 0)
(1.09446 -0.0331272 0)
(1.09485 -0.0220124 0)
(1.09713 -0.0259161 0)
(1.09682 -0.0170365 0)
(1.09871 -0.0199211 0)
(1.09811 -0.0130895 0)
(1.09959 -0.0151776 0)
(1.09901 -0.0100429 0)
(1.10008 -0.0115578 0)
(1.09971 -0.0077262 0)
(1.1004 -0.00885159 0)
(1.10035 -0.00601771 0)
(1.10067 -0.00683934 0)
(1.10111 -0.00483292 0)
(1.10102 -0.00547996 0)
(1.10219 -0.00412045 0)
(1.10159 -0.00467628 0)
(1.10385 -0.00395002 0)
(1.10253 -0.00441031 0)
(1.10646 -0.00463991 0)
(1.10406 -0.00487409 0)
(1.11043 -0.00696251 0)
(1.10648 -0.00652931 0)
(1.11597 -0.0120085 0)
(1.1099 -0.010268 0)
(1.12283 -0.0197719 0)
(1.11408 -0.017017 0)
(1.12817 -0.0232969 0)
(1.11827 -0.0256421 0)
(1.13155 -0.0132635 0)
(1.12163 -0.0245414 0)
(1.14055 0.00820677 5.27107e-18)
(1.12446 -0.0113763 0)
(1.1493 0.0173361 5.27107e-18)
(1.13859 0.00993278 5.27107e-18)
(1.53771 0.00706706 0)
(1.14123 0.0267223 0)
(0.840312 0 0)
(0.596717 -0.533221 0)
(0.406135 0 0)
(0.592474 -0.379093 3.65183e-17)
(0.374742 0 0)
(0.579495 -0.272567 0)
(0.443394 0 0)
(0.575766 -0.237153 0)
(0.526932 0 0)
(0.581438 -0.24907 -2.18023e-17)
(0.864235 -0.00840971 0)
(0.583236 -0.158136 0)
(1.14449 -0.0234521 1.26913e-17)
(1.15078 -0.0237353 0)
(1.14745 -0.0286498 1.26913e-17)
(1.15037 -0.0286937 1.26913e-17)
(1.13666 -0.019769 0)
(1.13574 -0.0186882 0)
(1.12156 -0.00368903 0)
(1.11806 -0.00334324 0)
(1.10976 0.0102624 0)
(1.10489 0.010265 0)
(1.10324 0.0175729 0)
(1.09804 0.0179706 0)
(1.10026 0.0193962 0)
(1.09543 0.0201145 0)
(1.09905 0.0181196 0)
(1.09498 0.0191356 0)
(1.09881 0.0154109 0)
(1.09545 0.0165163 0)
(1.09899 0.0122378 0)
(1.09636 0.0132512 0)
(1.09924 0.00935541 0)
(1.09721 0.0101994 0)
(1.09947 0.00700683 0)
(1.0979 0.00767621 0)
(1.09965 0.00517289 0)
(1.09843 0.005685 0)
(1.0998 0.00377785 0)
(1.09884 0.00415853 0)
(1.09992 0.00273505 0)
(1.09916 0.00301184 0)
(1.10001 0.00196463 0)
(1.0994 0.00216268 0)
(1.10009 0.0013999 0)
(1.09959 0.00153923 0)
(1.10015 0.000988853 0)
(1.09974 0.00108442 0)
(1.10021 0.000691998 0)
(1.09985 0.000756136 0)
(1.10025 0.000479186 0)
(1.09994 0.000521735 0)
(1.10029 0.000327477 0)
(1.10001 0.000355051 0)
(1.10032 0.000220095 0)
(1.10006 0.00023696 0)
(1.10034 0.000144992 0)
(1.10011 0.000154012 0)
(1.10036 9.29314e-05 0)
(1.10014 9.68284e-05 0)
(1.10038 5.7125e-05 0)
(1.10017 5.78832e-05 0)
(1.10039 3.28538e-05 0)
(1.10019 3.17875e-05 0)
(1.1004 1.66841e-05 0)
(1.1002 1.46314e-05 0)
(1.10041 6.2095e-06 0)
(1.10022 3.67007e-06 0)
(1.10042 -3.12458e-07 0)
(1.10023 -3.031e-06 0)
(1.10043 -4.17336e-06 0)
(1.10024 -6.84627e-06 0)
(1.10043 -6.25551e-06 0)
(1.10024 -8.73921e-06 0)
(1.10044 -7.16221e-06 0)
(1.10025 -9.39223e-06 0)
(1.10044 -7.29713e-06 0)
(1.10025 -9.25534e-06 0)
(1.10044 -6.9425e-06 0)
(1.10025 -8.6269e-06 0)
(1.10044 -6.29405e-06 0)
(1.10025 -7.73577e-06 0)
(1.10044 -5.47201e-06 0)
(1.10026 -6.67384e-06 0)
(1.10044 -4.55373e-06 0)
(1.10026 -5.58522e-06 0)
(1.10045 -3.58124e-06 0)
(1.10026 -4.46628e-06 0)
(1.10045 -2.54001e-06 0)
(1.10026 -3.33069e-06 0)
(1.10045 -1.34794e-06 0)
(1.10026 -2.11887e-06 0)
(1.10026 -7.062e-07 0)
(1.00368 -0.0223439 0)
(1.00136 -0.0130736 0)
(1.01452 -0.0429944 0)
(1.00937 -0.0397115 0)
(1.0299 -0.0585252 0)
(1.02601 -0.0611743 0)
(1.04649 -0.0670493 0)
(1.04553 -0.0737797 0)
(1.06204 -0.0688953 0)
(1.06354 -0.0778437 0)
(1.07526 -0.0653564 0)
(1.07846 -0.0751205 0)
(1.0855 -0.0580776 0)
(1.08987 -0.0674404 0)
(1.09267 -0.0488914 0)
(1.0974 -0.0569585 0)
(1.09715 -0.0394982 0)
(1.10158 -0.045781 0)
(1.09972 -0.0309994 0)
(1.10341 -0.0356961 0)
(1.10099 -0.0238266 0)
(1.10387 -0.0271918 0)
(1.10146 -0.0180764 0)
(1.10363 -0.0203921 0)
(1.10154 -0.0136766 0)
(1.103 -0.0152543 0)
(1.10146 -0.010431 0)
(1.10231 -0.0114757 0)
(1.10135 -0.00806501 0)
(1.10169 -0.00874273 0)
(1.10131 -0.00642515 0)
(1.10119 -0.00680218 0)
(1.10145 -0.00546372 0)
(1.1009 -0.005616 0)
(1.10186 -0.00513116 0)
(1.10081 -0.00508714 0)
(1.10263 -0.00553731 0)
(1.10098 -0.0051854 0)
(1.10388 -0.00701154 0)
(1.10143 -0.00612201 0)
(1.10563 -0.0101526 0)
(1.10219 -0.00828048 0)
(1.10765 -0.0157146 0)
(1.10307 -0.0122913 0)
(1.10939 -0.0238766 0)
(1.10356 -0.018756 0)
(1.11103 -0.0285355 0)
(1.10252 -0.0272769 0)
(1.11663 -0.0237249 0)
(1.10204 -0.0301453 -2.86451e-33)
(1.13077 -0.0106381 0)
(1.10521 -0.025515 2.86563e-33)
(1.15425 0.00884828 0)
(1.11925 -0.013553 0)
(1.17759 0.0222143 0)
(1.13911 0.00338615 0)
(1.18912 0.0236251 3.65183e-17)
(1.16607 0.0202708 0)
(1.17346 0.0151101 3.65183e-17)
(1.17501 0.0248359 3.65183e-17)
(1.15504 0.000848022 0)
(1.16768 0.0100743 0)
(1.15714 -0.0106719 -2.18023e-17)
(1.1631 -0.0046788 0)
(1.16605 -0.0163799 -2.18023e-17)
(1.16316 -0.0168817 -2.18023e-17)
(1.16458 -0.0212629 0)
(1.1554 -0.0206119 0)
(1.15724 -0.0236249 0)
(1.14376 -0.016397 0)
(1.13705 -0.0151187 0)
(1.12559 -0.0084964 0)
(1.11608 -0.00113174 0)
(1.1064 0.00228187 0)
(1.10082 0.011121 0)
(1.09253 0.011916 0)
(1.09282 0.0184541 0)
(1.08524 0.0182585 0)
(1.09008 0.0209183 0)
(1.0833 0.0207159 0)
(1.09007 0.0201549 0)
(1.08423 0.0201275 0)
(1.0913 0.0177515 0)
(1.08637 0.0179048 0)
(1.09301 0.0145204 0)
(1.0889 0.0148054 0)
(1.09459 0.0113487 0)
(1.09122 0.0116699 0)
(1.09587 0.00862852 0)
(1.0931 0.0089222 0)
(1.09686 0.00643882 0)
(1.09457 0.00668103 0)
(1.09762 0.00473628 0)
(1.0957 0.00492171 0)
(1.09821 0.00344319 0)
(1.09656 0.003576 0)
(1.09865 0.00247757 0)
(1.09721 0.00256881 0)
(1.09898 0.00176509 0)
(1.09771 0.00182699 0)
(1.09924 0.00124398 0)
(1.09808 0.00128413 0)
(1.09944 0.000866701 0)
(1.09837 0.000889056 0)
(1.09958 0.000597317 0)
(1.09858 0.000606298 0)
(1.0997 0.000406683 0)
(1.09874 0.000406982 0)
(1.09979 0.000271942 0)
(1.09887 0.000267186 0)
(1.09985 0.000176966 0)
(1.09896 0.000169675 0)
(1.09991 0.00011089 0)
(1.09903 0.000102425 0)
(1.09995 6.59544e-05 0)
(1.09908 5.7159e-05 0)
(1.09998 3.59439e-05 0)
(1.09912 2.74244e-05 0)
(1.1 1.62666e-05 0)
(1.09915 8.43642e-06 0)
(1.10002 3.70534e-06 0)
(1.09918 -3.2421e-06 0)
(1.10003 -3.97194e-06 0)
(1.09919 -9.98169e-06 0)
(1.10004 -8.3286e-06 0)
(1.09921 -1.34513e-05 0)
(1.10005 -1.04542e-05 0)
(1.09922 -1.47735e-05 0)
(1.10006 -1.11365e-05 0)
(1.09922 -1.47414e-05 0)
(1.10006 -1.09221e-05 0)
(1.09923 -1.39064e-05 0)
(1.10006 -1.01744e-05 0)
(1.09923 -1.26311e-05 0)
(1.10007 -9.11991e-06 0)
(1.09924 -1.10932e-05 0)
(1.10007 -7.91022e-06 0)
(1.09924 -9.57412e-06 0)
(1.10007 -6.64539e-06 0)
(1.09924 -8.01839e-06 0)
(1.10007 -5.38044e-06 0)
(1.09924 -6.52594e-06 0)
(1.10007 -4.13242e-06 0)
(1.09924 -5.11608e-06 0)
(1.10007 -2.85826e-06 0)
(1.09924 -3.7457e-06 0)
(1.10007 -1.45244e-06 0)
(1.09924 -2.35152e-06 0)
(1.09924 -7.60293e-07 0)
(1.00591 -0.0311059 0)
(1.00229 -0.0189846 0)
(1.02194 -0.0581974 0)
(1.01545 -0.0557441 0)
(1.04259 -0.07637 0)
(1.03976 -0.0818175 0)
(1.06283 -0.084354 0)
(1.06459 -0.0940262 0)
(1.08009 -0.0837941 0)
(1.08463 -0.0950959 0)
(1.09315 -0.076935 0)
(1.09889 -0.0881892 0)
(1.10179 -0.0661137 0)
(1.10783 -0.0760764 0)
(1.10628 -0.053705 0)
(1.11137 -0.0614457 0)
(1.10774 -0.041877 0)
(1.11176 -0.0472401 0)
(1.10754 -0.0318432 0)
(1.11015 -0.0355011 0)
(1.1065 -0.0237867 0)
(1.10776 -0.0261546 0)
(1.10513 -0.0176388 0)
(1.1053 -0.019017 0)
(1.10373 -0.0131195 0)
(1.103 -0.0138523 0)
(1.1025 -0.00984023 0)
(1.10108 -0.0102533 0)
(1.10149 -0.00753266 0)
(1.0995 -0.00772998 0)
(1.10072 -0.00607238 0)
(1.09821 -0.00603496 0)
(1.10018 -0.00535649 0)
(1.09724 -0.00507523 0)
(1.09983 -0.00528156 0)
(1.09645 -0.00473405 0)
(1.09964 -0.00592423 0)
(1.0958 -0.00499544 0)
(1.09953 -0.00756128 0)
(1.0952 -0.0060144 0)
(1.09932 -0.0105989 0)
(1.0945 -0.0080651 0)
(1.09855 -0.0154717 0)
(1.09337 -0.0115279 0)
(1.09646 -0.022177 0)
(1.09123 -0.0166695 0)
(1.09243 -0.0284489 -2.86451e-33)
(1.08694 -0.0232417 0)
(1.09035 -0.0303653 -2.00637e-36)
(1.08118 -0.0280726 -2.86451e-33)
(1.09348 -0.0269089 2.86563e-33)
(1.07716 -0.0286357 2.86563e-33)
(1.10519 -0.0178962 0)
(1.07795 -0.0252697 0)
(1.12591 -0.00333675 0)
(1.08519 -0.0173324 0)
(1.15208 0.0110707 0)
(1.09966 -0.00590277 0)
(1.1722 0.0143445 0)
(1.11687 0.00472569 0)
(1.17651 0.00571341 0)
(1.1263 0.00575685 0)
(1.16981 -0.00490286 0)
(1.1263 0.00202657 0)
(1.15386 -0.0106085 0)
(1.11876 -0.000933139 0)
(1.1329 -0.00843041 0)
(1.10538 0.000348919 0)
(1.11214 -0.000911795 0)
(1.09048 0.0043639 0)
(1.09415 0.00757658 0)
(1.07781 0.00948798 0)
(1.08211 0.0145834 0)
(1.06924 0.0143209 0)
(1.0763 0.019023 0)
(1.06537 0.0177255 0)
(1.07531 0.0207174 0)
(1.0656 0.0192553 0)
(1.07725 0.0201414 0)
(1.06854 0.0187698 0)
(1.08038 0.0180754 0)
(1.07263 0.0170026 0)
(1.08388 0.0151415 0)
(1.07694 0.0144013 0)
(1.08707 0.0121071 0)
(1.08087 0.0116127 0)
(1.08971 0.00936755 0)
(1.08413 0.00903731 0)
(1.09179 0.00707041 0)
(1.08672 0.0068425 0)
(1.09339 0.00523339 0)
(1.08875 0.00507202 0)
(1.09463 0.00381131 0)
(1.0903 0.00369136 0)
(1.09556 0.00273833 0)
(1.09148 0.00264049 0)
(1.09627 0.00194683 0)
(1.09238 0.00186102 0)
(1.0968 0.0013698 0)
(1.09306 0.00129248 0)
(1.09721 0.000949519 0)
(1.09357 0.000880671 0)
(1.09751 0.000646068 0)
(1.09395 0.000585138 0)
(1.09774 0.000430937 0)
(1.09423 0.000377661 0)
(1.09791 0.000280211 0)
(1.09445 0.000234856 0)
(1.09804 0.000175455 0)
(1.09461 0.000137769 0)
(1.09814 0.000103589 0)
(1.09472 7.27725e-05 0)
(1.09821 5.52803e-05 0)
(1.09481 3.02686e-05 0)
(1.09826 2.36952e-05 0)
(1.09487 3.43362e-06 0)
(1.0983 3.80398e-06 0)
(1.09492 -1.25435e-05 0)
(1.09833 -8.10262e-06 0)
(1.09495 -2.12781e-05 0)
(1.09835 -1.46501e-05 0)
(1.09498 -2.52313e-05 0)
(1.09837 -1.77219e-05 0)
(1.095 -2.61666e-05 0)
(1.09838 -1.8593e-05 0)
(1.09501 -2.53636e-05 0)
(1.09839 -1.80918e-05 0)
(1.09502 -2.34837e-05 0)
(1.0984 -1.679e-05 0)
(1.09503 -2.10669e-05 0)
(1.0984 -1.50716e-05 0)
(1.09503 -1.84626e-05 0)
(1.0984 -1.31919e-05 0)
(1.09504 -1.58977e-05 0)
(1.09841 -1.12938e-05 0)
(1.09504 -1.34393e-05 0)
(1.09841 -9.45719e-06 0)
(1.09504 -1.11902e-05 0)
(1.09841 -7.73177e-06 0)
(1.09504 -9.14635e-06 0)
(1.09841 -6.13623e-06 0)
(1.09504 -7.28685e-06 0)
(1.09841 -4.64217e-06 0)
(1.09504 -5.63696e-06 0)
(1.09841 -3.1847e-06 0)
(1.09504 -4.08213e-06 0)
(1.09841 -1.63058e-06 0)
(1.09504 -2.57874e-06 0)
(1.09504 -8.90601e-07 0)
(1.0105 -0.0444601 0)
(1.00422 -0.0294812 0)
(1.03541 -0.0795516 0)
(1.02722 -0.0806529 0)
(1.06306 -0.0992655 0)
(1.06183 -0.109473 0)
(1.08648 -0.104469 0)
(1.08942 -0.117448 0)
(1.10357 -0.0992113 0)
(1.10728 -0.112182 0)
(1.11356 -0.0871458 0)
(1.11682 -0.098181 0)
(1.11738 -0.0712715 0)
(1.11869 -0.0799015 0)
(1.11677 -0.0549036 0)
(1.11565 -0.0608264 0)
(1.11398 -0.0408168 0)
(1.11051 -0.0444562 0)
(1.1103 -0.0297402 0)
(1.10467 -0.0318213 0)
(1.10653 -0.021302 0)
(1.09911 -0.0223795 0)
(1.10313 -0.0151985 0)
(1.09433 -0.0156245 0)
(1.1003 -0.0110247 0)
(1.09047 -0.0110213 0)
(1.09801 -0.00820715 0)
(1.08743 -0.00795858 0)
(1.09616 -0.00629365 0)
(1.08501 -0.00588217 0)
(1.09467 -0.00509788 0)
(1.08308 -0.00454531 0)
(1.09341 -0.00452252 0)
(1.0815 -0.00381903 0)
(1.09229 -0.00453479 0)
(1.0801 -0.00361254 0)
(1.09121 -0.00518388 0)
(1.07875 -0.0039161 0)
(1.08997 -0.00661466 0)
(1.07729 -0.004778 0)
(1.08828 -0.0090693 0)
(1.07547 -0.00637215 0)
(1.08567 -0.0127526 0)
(1.07296 -0.00891647 0)
(1.08148 -0.0175941 0)
(1.06921 -0.0124822 0)
(1.07503 -0.0225441 0)
(1.06354 -0.0167955 0)
(1.06757 -0.025865 0)
(1.05571 -0.0206079 0)
(1.06147 -0.0262328 0)
(1.04726 -0.0225409 0)
(1.05814 -0.0231076 0)
(1.0398 -0.0219315 0)
(1.05907 -0.0164326 0)
(1.03468 -0.0182715 0)
(1.06476 -0.00767034 0)
(1.03338 -0.0115869 0)
(1.07329 -0.000759775 0)
(1.03622 -0.00380441 0)
(1.07793 0.00231572 0)
(1.04017 0.00111818 0)
(1.07657 0.00372192 0)
(1.04145 0.00338544 0)
(1.0703 0.00582626 0)
(1.03977 0.00533685 0)
(1.0626 0.00903519 0)
(1.03628 0.00804323 0)
(1.05611 0.0125497 0)
(1.03335 0.010862 0)
(1.05232 0.0154823 0)
(1.03238 0.0132759 0)
(1.05181 0.0173736 0)
(1.03379 0.0148304 0)
(1.05416 0.0180268 0)
(1.0373 0.0153775 0)
(1.0585 0.017418 0)
(1.04242 0.0149138 0)
(1.06369 0.0157694 0)
(1.04824 0.0135744 0)
(1.06901 0.0134736 0)
(1.05406 0.0116872 0)
(1.07382 0.010989 0)
(1.05935 0.00959228 0)
(1.07785 0.00863939 0)
(1.06383 0.00758417 0)
(1.08109 0.00659038 0)
(1.06748 0.00579245 0)
(1.08364 0.00491066 0)
(1.07035 0.0042904 0)
(1.08562 0.00358994 0)
(1.07259 0.00309479 0)
(1.08714 0.00257491 0)
(1.0743 0.00217568 0)
(1.08829 0.00181171 0)
(1.07561 0.00148905 0)
(1.08916 0.00124946 0)
(1.07659 0.000991505 0)
(1.08981 0.000840363 0)
(1.07732 0.00063782 0)
(1.0903 0.000547211 0)
(1.07787 0.000390078 0)
(1.09067 0.000341649 0)
(1.07827 0.00022017 0)
(1.09094 0.000201057 0)
(1.07857 0.000107144 0)
(1.09114 0.000107241 0)
(1.07878 3.4811e-05 0)
(1.09129 4.61876e-05 0)
(1.07894 -9.93395e-06 0)
(1.09139 7.77865e-06 0)
(1.07906 -3.55763e-05 0)
(1.09147 -1.5314e-05 0)
(1.07914 -4.87183e-05 0)
(1.09153 -2.81361e-05 0)
(1.0792 -5.39679e-05 0)
(1.09157 -3.41488e-05 0)
(1.07924 -5.4093e-05 0)
(1.0916 -3.5816e-05 0)
(1.07927 -5.11978e-05 0)
(1.09162 -3.48541e-05 0)
(1.07929 -4.67084e-05 0)
(1.09164 -3.23834e-05 0)
(1.0793 -4.13302e-05 0)
(1.09165 -2.91255e-05 0)
(1.07931 -3.62147e-05 0)
(1.09166 -2.56065e-05 0)
(1.07932 -3.10631e-05 0)
(1.09166 -2.21133e-05 0)
(1.07933 -2.63335e-05 0)
(1.09166 -1.8803e-05 0)
(1.07933 -2.20333e-05 0)
(1.09167 -1.57728e-05 0)
(1.07933 -1.82962e-05 0)
(1.09167 -1.30545e-05 0)
(1.07933 -1.49879e-05 0)
(1.09167 -1.06573e-05 0)
(1.07933 -1.2189e-05 0)
(1.09167 -8.53586e-06 0)
(1.07933 -9.73821e-06 0)
(1.09167 -6.668e-06 0)
(1.07933 -7.65905e-06 0)
(1.09167 -4.99535e-06 0)
(1.07933 -5.84663e-06 0)
(1.09167 -3.42377e-06 0)
(1.07933 -4.22424e-06 0)
(1.09167 -1.8125e-06 0)
(1.07933 -2.68999e-06 0)
(1.07933 -1.02469e-06 0)
(1.0199 -0.0664296 0)
(1.00933 -0.0493798 0)
(1.05782 -0.109753 0)
(1.04737 -0.11857 0)
(1.08956 -0.126826 0)
(1.08381 -0.141216 0)
(1.1101 -0.124613 0)
(1.10434 -0.13799 0)
(1.12057 -0.110703 0)
(1.10908 -0.122651 0)
(1.1218 -0.0904427 0)
(1.10501 -0.0994144 0)
(1.11684 -0.0691347 0)
(1.09416 -0.0749368 0)
(1.10919 -0.0502577 0)
(1.08128 -0.0531765 0)
(1.10099 -0.035476 0)
(1.06896 -0.0362552 0)
(1.09333 -0.0245681 0)
(1.05857 -0.0241691 0)
(1.08683 -0.0168079 0)
(1.05028 -0.0158752 0)
(1.08162 -0.0115118 0)
(1.04397 -0.0104163 0)
(1.07755 -0.00800417 0)
(1.03926 -0.00694486 0)
(1.07436 -0.00571421 0)
(1.03573 -0.0047692 0)
(1.07186 -0.00424929 0)
(1.03301 -0.00338672 0)
(1.06985 -0.00339176 0)
(1.03086 -0.0025314 0)
(1.0681 -0.0030257 0)
(1.02905 -0.00207333 0)
(1.06644 -0.00309764 0)
(1.02738 -0.00195005 0)
(1.06467 -0.00359459 0)
(1.02565 -0.00215459 0)
(1.0626 -0.00458703 0)
(1.02369 -0.00270191 0)
(1.05991 -0.00623111 0)
(1.02126 -0.00368869 0)
(1.05622 -0.0086122 0)
(1.01805 -0.0052189 0)
(1.05101 -0.0116067 0)
(1.01367 -0.00727962 0)
(1.04389 -0.0146852 0)
(1.00767 -0.00967033 0)
(1.0351 -0.0169954 0)
(0.999903 -0.0118203 0)
(1.02562 -0.0177714 0)
(0.990881 -0.0130599 0)
(1.01659 -0.0164526 0)
(0.981483 -0.0129021 0)
(1.00934 -0.0127956 0)
(0.972882 -0.0110254 0)
(1.00518 -0.00741412 0)
(0.966436 -0.00742369 0)
(1.00441 -0.00215646 0)
(0.963157 -0.00303273 0)
(1.00509 0.00166304 0)
(0.962615 0.00043844 0)
(1.00557 0.00447917 0)
(0.963258 0.00289922 0)
(1.00592 0.00711401 0)
(0.964506 0.00498824 0)
(1.00704 0.00960335 0)
(0.966571 0.0069285 0)
(1.00947 0.0114691 0)
(0.969862 0.00842349 0)
(1.01348 0.0125065 0)
(0.974474 0.00926717 0)
(1.01887 0.0127333 0)
(0.980162 0.00944195 0)
(1.0252 0.0122293 0)
(0.986547 0.00904708 0)
(1.03189 0.011117 0)
(0.993137 0.00822447 0)
(1.03837 0.00959073 0)
(0.999493 0.00709455 0)
(1.04423 0.0079197 0)
(1.00524 0.00582628 0)
(1.04924 0.00631154 0)
(1.01018 0.00457977 0)
(1.05337 0.00486026 0)
(1.01426 0.00345819 0)
(1.05667 0.0036066 0)
(1.01753 0.0024952 0)
(1.05924 0.00257759 0)
(1.02008 0.0017129 0)
(1.06123 0.00177205 0)
(1.02204 0.00110931 0)
(1.06274 0.00116823 0)
(1.02351 0.000664209 0)
(1.06388 0.000733048 0)
(1.02461 0.000351342 0)
(1.06473 0.000429829 0)
(1.02542 0.000141639 0)
(1.06536 0.000224584 0)
(1.02602 7.39145e-06 0)
(1.06582 8.99006e-05 0)
(1.02645 -7.3736e-05 0)
(1.06616 5.10195e-06 0)
(1.02675 -0.000118148 0)
(1.06641 -4.50783e-05 0)
(1.02697 -0.000137661 0)
(1.06658 -7.21804e-05 0)
(1.02712 -0.000141519 0)
(1.06671 -8.42224e-05 0)
(1.02723 -0.000136637 0)
(1.0668 -8.6658e-05 0)
(1.0273 -0.0001257 0)
(1.06686 -8.33208e-05 0)
(1.02735 -0.000111793 0)
(1.06691 -7.67407e-05 0)
(1.02738 -9.83164e-05 0)
(1.06694 -6.8699e-05 0)
(1.0274 -8.46983e-05 0)
(1.06696 -6.02372e-05 0)
(1.02742 -7.20665e-05 0)
(1.06697 -5.20088e-05 0)
(1.02743 -6.06753e-05 0)
(1.06698 -4.43319e-05 0)
(1.02743 -5.0702e-05 0)
(1.06699 -3.73576e-05 0)
(1.02743 -4.21017e-05 0)
(1.06699 -3.11944e-05 0)
(1.02743 -3.46988e-05 0)
(1.06699 -2.58108e-05 0)
(1.02743 -2.83994e-05 0)
(1.06699 -2.11939e-05 0)
(1.02743 -2.30867e-05 0)
(1.06699 -1.72603e-05 0)
(1.02743 -1.86575e-05 0)
(1.06699 -1.39372e-05 0)
(1.02743 -1.49601e-05 0)
(1.06699 -1.11377e-05 0)
(1.02742 -1.19221e-05 0)
(1.06699 -8.76873e-06 0)
(1.02742 -9.38144e-06 0)
(1.06699 -6.77506e-06 0)
(1.02742 -7.28259e-06 0)
(1.06699 -5.03341e-06 0)
(1.02742 -5.52187e-06 0)
(1.06699 -3.46456e-06 0)
(1.02742 -3.96027e-06 0)
(1.06699 -1.88881e-06 0)
(1.02742 -2.55702e-06 0)
(1.02742 -1.05325e-06 0)
(1.03966 -0.109886 0)
(1.01333 -0.0890449 0)
(1.07959 -0.150518 0)
(1.05502 -0.158493 0)
(1.09933 -0.150065 0)
(1.06548 -0.160962 0)
(1.10271 -0.134032 0)
(1.05075 -0.141368 0)
(1.09353 -0.110496 0)
(1.02174 -0.113473 0)
(1.07705 -0.0839747 0)
(0.990016 -0.0829323 0)
(1.05818 -0.0592419 0)
(0.961889 -0.0560653 0)
(1.04069 -0.0394001 0)
(0.938754 -0.0356834 0)
(1.02633 -0.0251979 0)
(0.921374 -0.0218973 0)
(1.01533 -0.0157498 0)
(0.909075 -0.0131742 0)
(1.00731 -0.00976227 0)
(0.900594 -0.00784598 0)
(1.00155 -0.00609492 0)
(0.894804 -0.00466175 0)
(0.997399 -0.00389464 0)
(0.890836 -0.00279257 0)
(0.994318 -0.00256946 0)
(0.888037 -0.00168834 0)
(0.991943 -0.00176315 0)
(0.885968 -0.00101228 0)
(0.989991 -0.00129137 0)
(0.884353 -0.000580165 0)
(0.98823 -0.00106836 0)
(0.882977 -0.000312963 0)
(0.986462 -0.00107114 0)
(0.881667 -0.000182661 0)
(0.9845 -0.00131541 0)
(0.880271 -0.000193034 0)
(0.982155 -0.00183782 0)
(0.878634 -0.000357911 0)
(0.979185 -0.00267997 0)
(0.876574 -0.000719193 0)
(0.975277 -0.00384856 0)
(0.873867 -0.00131176 0)
(0.970116 -0.00526003 0)
(0.870247 -0.00211941 0)
(0.963496 -0.00666346 0)
(0.865489 -0.00305123 0)
(0.955547 -0.00767917 0)
(0.85955 -0.00387187 0)
(0.9468 -0.00794985 0)
(0.852729 -0.00431335 0)
(0.938063 -0.00721377 0)
(0.84556 -0.00416563 0)
(0.930382 -0.00539036 0)
(0.838871 -0.00334408 0)
(0.924887 -0.00282511 0)
(0.833624 -0.00192898 0)
(0.922173 -0.000351884 0)
(0.83056 -0.000318727 0)
(0.921712 0.00153803 0)
(0.829747 0.000899046 0)
(0.922857 0.00304783 0)
(0.830467 0.00175412 0)
(0.925444 0.00435134 0)
(0.832577 0.00240165 0)
(0.929486 0.00534404 0)
(0.835888 0.00288636 0)
(0.934777 0.00588348 0)
(0.840211 0.00313277 0)
(0.940951 0.00595169 0)
(0.845246 0.00309356 0)
(0.947573 0.00562982 0)
(0.850621 0.00281984 0)
(0.954214 0.00503079 0)
(0.855958 0.00240498 0)
(0.960508 0.00426416 0)
(0.860982 0.00193058 0)
(0.966165 0.00342689 0)
(0.865483 0.00143724 0)
(0.971027 0.00260164 0)
(0.869331 0.000963976 0)
(0.975061 0.001851 0)
(0.872493 0.000546455 0)
(0.978311 0.00121462 0)
(0.875012 0.000207509 0)
(0.980859 0.00070853 0)
(0.876956 -5.19139e-05 0)
(0.982807 0.000330197 0)
(0.878408 -0.00023534 0)
(0.984268 6.46583e-05 0)
(0.879465 -0.000352067 0)
(0.985346 -0.000107705 0)
(0.880212 -0.000413957 0)
(0.986128 -0.000208238 0)
(0.880727 -0.000430397 0)
(0.986688 -0.000258091 0)
(0.881073 -0.000418483 0)
(0.987084 -0.000274332 0)
(0.881299 -0.00038861 0)
(0.98736 -0.000269233 0)
(0.881439 -0.000350188 0)
(0.98755 -0.000251288 0)
(0.881519 -0.000308254 0)
(0.987679 -0.000226632 0)
(0.881562 -0.000266304 0)
(0.987764 -0.000200053 0)
(0.881578 -0.000226601 0)
(0.987818 -0.000173352 0)
(0.881579 -0.000190824 0)
(0.987851 -0.00014768 0)
(0.88157 -0.00015881 0)
(0.987871 -0.000124542 0)
(0.881557 -0.000131292 0)
(0.98788 -0.000104096 0)
(0.881541 -0.000108164 0)
(0.987884 -8.63695e-05 0)
(0.881525 -8.85294e-05 0)
(0.987884 -7.12028e-05 0)
(0.881509 -7.2152e-05 0)
(0.987882 -5.84257e-05 0)
(0.881495 -5.85429e-05 0)
(0.987879 -4.77616e-05 0)
(0.881482 -4.74305e-05 0)
(0.987875 -3.88622e-05 0)
(0.881471 -3.82467e-05 0)
(0.987871 -3.14652e-05 0)
(0.881461 -3.07726e-05 0)
(0.987867 -2.5349e-05 0)
(0.881453 -2.46132e-05 0)
(0.987864 -2.03096e-05 0)
(0.881446 -1.96312e-05 0)
(0.98786 -1.61809e-05 0)
(0.88144 -1.55443e-05 0)
(0.987858 -1.28189e-05 0)
(0.881435 -1.22843e-05 0)
(0.987855 -1.00791e-05 0)
(0.881431 -9.62549e-06 0)
(0.987853 -7.83771e-06 0)
(0.881428 -7.51405e-06 0)
(0.987852 -5.99481e-06 0)
(0.881426 -5.76055e-06 0)
(0.987851 -4.42814e-06 0)
(0.881424 -4.36158e-06 0)
(0.98785 -3.03884e-06 0)
(0.881422 -3.07561e-06 0)
(0.987849 -1.71098e-06 0)
(0.881421 -2.0158e-06 0)
(0.881421 -8.55155e-07 0)
(1.05114 -0.152591 0)
(0.902549 -0.140189 0)
(1.04706 -0.176034 0)
(0.900877 -0.154405 0)
(1.01418 -0.155959 0)
(0.846186 -0.128084 0)
(0.967644 -0.124376 0)
(0.762102 -0.0948353 0)
(0.917959 -0.0884546 0)
(0.693343 -0.0637877 0)
(0.874496 -0.0567288 0)
(0.643951 -0.0394695 0)
(0.841635 -0.0339525 0)
(0.610492 -0.0232044 0)
(0.81888 -0.0193026 0)
(0.58832 -0.0129283 0)
(0.80384 -0.0105778 0)
(0.574406 -0.00685752 0)
(0.794151 -0.00564244 0)
(0.566031 -0.00348483 0)
(0.787978 -0.00292594 0)
(0.561056 -0.00167264 0)
(0.784025 -0.00144749 0)
(0.558102 -0.00070925 0)
(0.781423 -0.000631564 0)
(0.556349 -0.000190982 0)
(0.779625 -0.000150951 0)
(0.555305 0.000109656 0)
(0.778308 0.000164507 0)
(0.55467 0.000304342 0)
(0.777253 0.0003939 0)
(0.554306 0.000474849 0)
(0.776308 0.000567995 0)
(0.554111 0.000631236 0)
(0.775347 0.000692364 0)
(0.554015 0.00077731 0)
(0.774247 0.000759623 0)
(0.55395 0.000906376 0)
(0.77287 0.000749593 0)
(0.553845 0.00101876 0)
(0.771061 0.000633608 0)
(0.553608 0.00108897 0)
(0.768647 0.000397133 0)
(0.553129 0.00110124 0)
(0.765453 7.30905e-05 0)
(0.552284 0.00107416 0)
(0.761428 -0.000245787 0)
(0.550967 0.000972522 0)
(0.756695 -0.000439877 0)
(0.549164 0.000860295 0)
(0.751595 -0.000413922 0)
(0.547004 0.000785869 0)
(0.746661 -0.000140525 0)
(0.544721 0.000768172 0)
(0.742526 0.000314192 0)
(0.542693 0.000790689 0)
(0.739792 0.000772581 0)
(0.541273 0.000805344 0)
(0.738739 0.00101632 0)
(0.54068 0.000733684 0)
(0.739149 0.00103666 0)
(0.540897 0.000489843 0)
(0.740735 0.000925245 0)
(0.541582 0.000167821 0)
(0.743328 0.000722743 0)
(0.542715 -0.000190842 0)
(0.746733 0.000468666 0)
(0.544151 -0.000519133 0)
(0.750667 0.000164527 0)
(0.545762 -0.00080135 0)
(0.754797 -0.00016575 0)
(0.547407 -0.00103608 0)
(0.758821 -0.000472047 0)
(0.548955 -0.00120421 0)
(0.762517 -0.000718215 0)
(0.550294 -0.00129153 0)
(0.765758 -0.000899134 0)
(0.551392 -0.00131073 0)
(0.768469 -0.00101973 0)
(0.552234 -0.00127434 0)
(0.770636 -0.00108064 0)
(0.552821 -0.00120296 0)
(0.772311 -0.0010886 0)
(0.553181 -0.00112777 0)
(0.773548 -0.00105721 0)
(0.553349 -0.00102944 0)
(0.774416 -0.000997882 0)
(0.553368 -0.000920389 0)
(0.774992 -0.000920199 0)
(0.553278 -0.000811524 0)
(0.775347 -0.000832585 0)
(0.553117 -0.000707241 0)
(0.775543 -0.000738266 0)
(0.552912 -0.000610054 0)
(0.775632 -0.000642155 0)
(0.55269 -0.000519362 0)
(0.775652 -0.000550237 0)
(0.55247 -0.000437965 0)
(0.775627 -0.0004648 0)
(0.552263 -0.000364197 0)
(0.775577 -0.000388596 0)
(0.552074 -0.000300058 0)
(0.775514 -0.000322301 0)
(0.551906 -0.000245594 0)
(0.775448 -0.000265297 0)
(0.551761 -0.00020003 0)
(0.775383 -0.000216756 0)
(0.551636 -0.000162037 0)
(0.775323 -0.000176111 0)
(0.551531 -0.00013083 0)
(0.77527 -0.000142532 0)
(0.551443 -0.000105193 0)
(0.775223 -0.000115015 0)
(0.55137 -8.43174e-05 0)
(0.775182 -9.25695e-05 0)
(0.55131 -6.74214e-05 0)
(0.775147 -7.42936e-05 0)
(0.55126 -5.37925e-05 0)
(0.775118 -5.94973e-05 0)
(0.55122 -4.28106e-05 0)
(0.775093 -4.75478e-05 0)
(0.551187 -3.40408e-05 0)
(0.775073 -3.7918e-05 0)
(0.551161 -2.70643e-05 0)
(0.775056 -3.01717e-05 0)
(0.55114 -2.14666e-05 0)
(0.775042 -2.39345e-05 0)
(0.551122 -1.69761e-05 0)
(0.775031 -1.89111e-05 0)
(0.551108 -1.33851e-05 0)
(0.775022 -1.48814e-05 0)
(0.551097 -1.05015e-05 0)
(0.775014 -1.16604e-05 0)
(0.551089 -8.22468e-06 0)
(0.775008 -9.10004e-06 0)
(0.551082 -6.4088e-06 0)
(0.775004 -7.06504e-06 0)
(0.551076 -4.99255e-06 0)
(0.775 -5.43777e-06 0)
(0.551072 -3.85621e-06 0)
(0.774997 -4.12158e-06 0)
(0.551068 -2.95689e-06 0)
(0.774995 -3.00049e-06 0)
(0.551066 -2.20509e-06 0)
(0.774993 -2.03857e-06 0)
(0.551064 -1.534e-06 0)
(0.774992 -1.15255e-06 0)
(0.551063 -9.68154e-07 0)
(0.551062 -4.04151e-07 0)
(0.859811 -0.0516402 0)
(0.705406 -0.0819289 0)
(0.577323 -0.0641058 0)
(0.482487 -0.0346636 0)
(0.4187 -0.0161621 0)
(0.37923 -0.00741614 0)
(0.356026 -0.00311248 0)
(0.343098 -0.00103476 0)
(0.33624 -0.000120435 0)
(0.332755 0.00023907 0)
(0.331083 0.000367377 0)
(0.330373 0.000411878 0)
(0.330182 0.000440388 0)
(0.330292 0.000485494 0)
(0.330596 0.000552826 0)
(0.331071 0.000640883 0)
(0.331701 0.000752849 0)
(0.332478 0.00088898 0)
(0.333384 0.00104587 0)
(0.334403 0.00121528 0)
(0.335491 0.00138325 0)
(0.336592 0.00153053 0)
(0.337666 0.00164863 0)
(0.338638 0.00173313 0)
(0.339498 0.00176555 0)
(0.340284 0.00171856 0)
(0.341052 0.00156506 0)
(0.341842 0.00129075 0)
(0.342648 0.000890055 0)
(0.343381 0.000378148 0)
(0.343871 -0.000181576 0)
(0.344039 -0.000730014 0)
(0.343848 -0.00120914 0)
(0.343329 -0.00156443 0)
(0.342528 -0.00178112 0)
(0.341492 -0.00186667 0)
(0.340287 -0.00184389 0)
(0.338996 -0.00173978 0)
(0.337685 -0.00158526 0)
(0.33641 -0.00140573 0)
(0.335207 -0.00121469 0)
(0.33408 -0.00102549 0)
(0.33305 -0.00085416 0)
(0.33213 -0.000705954 0)
(0.331318 -0.000579086 0)
(0.330611 -0.000471081 0)
(0.330001 -0.000380988 0)
(0.329482 -0.000307364 0)
(0.329044 -0.000246375 0)
(0.328679 -0.000196159 0)
(0.328379 -0.000155554 0)
(0.328134 -0.000122945 0)
(0.327934 -9.6943e-05 0)
(0.327772 -7.63473e-05 0)
(0.327641 -6.00928e-05 0)
(0.327535 -4.7202e-05 0)
(0.327451 -3.70076e-05 0)
(0.327384 -2.89737e-05 0)
(0.32733 -2.26766e-05 0)
(0.327287 -1.7739e-05 0)
(0.327253 -1.38471e-05 0)
(0.327226 -1.07852e-05 0)
(0.327204 -8.37441e-06 0)
(0.327187 -6.47713e-06 0)
(0.327174 -4.9914e-06 0)
(0.327163 -3.83499e-06 0)
(0.327155 -2.94433e-06 0)
(0.327149 -2.2568e-06 0)
(0.327144 -1.72717e-06 0)
(0.32714 -1.31041e-06 0)
(0.327137 -9.77872e-07 0)
(0.327135 -6.93563e-07 0)
(0.327133 -4.58099e-07 0)
(0.327132 -2.37284e-07 0)
)
;

boundaryField
{
    ibCylinder
    {
        type            immersedBoundary;
        value           nonuniform List<vector> 
42
(
(1.1115 0 0)
(1.1115 0 0)
(1.1115 -1.38243e-17 0)
(1.1115 0 0)
(1.1115 0 0)
(1.1115 5.14553e-17 0)
(1.1115 0 0)
(1.1115 0 0)
(1.1115 0 0)
(1.1115 0 0)
(1.1115 0 0)
(1.1115 -7.37666e-17 0)
(1.1115 7.35063e-17 1.27696e-32)
(1.1115 6.22982e-17 1.09406e-32)
(1.1115 -5.41576e-17 6.436e-33)
(1.1115 5.41557e-17 0)
(1.1115 0 0)
(1.1115 0 0)
(1.1115 0 0)
(1.1115 4.56432e-17 0)
(1.1115 0 0)
(1.1115 0 0)
(1.1115 0 0)
(1.1115 -4.56432e-17 0)
(1.1115 0 0)
(1.1115 0 0)
(1.1115 5.41576e-17 -5.61508e-33)
(1.1115 -5.41557e-17 8.20928e-34)
(1.1115 0 0)
(1.1115 7.37666e-17 7.34379e-33)
(1.1115 -7.35063e-17 -4.18177e-32)
(1.1115 0 0)
(1.1115 -8.32997e-17 -6.36418e-33)
(1.1115 0 0)
(1.1115 0 0)
(1.1115 0 0)
(1.1115 0 0)
(1.1115 5.38329e-17 9.22908e-33)
(1.1115 1.38243e-17 0)
(1.1115 0 0)
(1.1115 0 0)
(1.1115 0 0)
)
;
        value           nonuniform List<vector> 0();
    }
    in
    {
        type            calculated;
        value           uniform (1 0 0);
    }
    out
    {
        type            calculated;
        value           nonuniform List<vector> 
25
(
(0.327141 -8.53206e-08 0)
(0.774999 -4.70637e-08 0)
(0.987853 -3.19689e-07 0)
(1.06699 -7.79913e-07 0)
(1.09167 -1.35728e-06 0)
(1.09841 -1.94163e-06 0)
(1.10007 -2.45799e-06 0)
(1.10045 -2.83493e-06 0)
(1.10053 -3.03159e-06 0)
(1.10054 -3.03122e-06 0)
(1.10054 -2.86101e-06 0)
(1.10054 -2.63021e-06 0)
(1.10054 -2.23772e-06 0)
(1.10054 -1.82607e-06 0)
(1.10054 -1.47436e-06 0)
(1.10054 -1.09691e-06 0)
(1.10052 -8.38441e-07 0)
(1.10045 -7.00078e-07 0)
(1.10007 -6.98546e-07 0)
(1.09841 -8.05435e-07 0)
(1.09167 -9.58441e-07 0)
(1.06699 -1.08578e-06 0)
(0.987849 -1.01531e-06 0)
(0.774992 -6.90845e-07 0)
(0.327132 -1.37189e-07 0)
)
;
    }
    top
    {
        type            calculated;
        value           uniform (0 0 0);
    }
    bottom
    {
        type            calculated;
        value           uniform (0 0 0);
    }
    frontAndBack
    {
        type            empty;
        value           nonuniform List<vector> 0();
    }
}


// ************************************************************************* //
