/*--------------------------------*- C++ -*----------------------------------*\
| =========                 |                                                 |
| \\      /  F ield         | OpenFOAM: The Open Source CFD Toolbox           |
|  \\    /   O peration     | Version:  2206                                  |
|   \\  /    A nd           | Website:  www.openfoam.com                      |
|    \\/     M anipulation  |                                                 |
\*---------------------------------------------------------------------------*/
FoamFile
{
    version     2.0;
    format      ascii;
    arch        "LSB;label=32;scalar=64";
    class       surfaceVectorField;
    location    "0.8";
    object      Uf;
}
// * * * * * * * * * * * * * * * * * * * * * * * * * * * * * * * * * * * * * //

dimensions      [0 1 -1 0 0 0 0];

internalField   nonuniform List<vector> 
3650
(
(0.859767 0.0532955 0)
(0.90322 0.140233 0)
(0.701332 0.0846677 0)
(0.900314 0.158435 0)
(0.56729 0.0660873 0)
(0.843235 0.134042 0)
(0.463876 0.0366224 0)
(0.752291 0.103415 0)
(0.387939 0.018936 0)
(0.672207 0.0759371 0)
(0.33414 0.0102503 0)
(0.606902 0.0537982 0)
(0.296353 0.00548862 0)
(0.554623 0.0377873 0)
(0.26986 0.00282506 0)
(0.512486 0.0264936 0)
(0.251063 0.00137948 0)
(0.479237 0.018797 0)
(0.237547 0.00057305 0)
(0.453311 0.0135166 0)
(0.22785 7.55516e-05 0)
(0.433244 0.00969649 0)
(0.221092 -0.0002911 0)
(0.417958 0.00675877 0)
(0.216792 -0.000631631 0)
(0.406693 0.00429977 0)
(0.214752 -0.000995525 0)
(0.399011 0.00204054 0)
(0.214932 -0.00143604 0)
(0.3948 -0.000180343 0)
(0.217309 -0.00198583 0)
(0.393965 -0.00237634 0)
(0.222077 -0.002652 0)
(0.396428 -0.00476828 0)
(0.229632 -0.00346812 0)
(0.402616 -0.00755432 0)
(0.24045 -0.00448381 0)
(0.412995 -0.0108179 0)
(0.255148 -0.00575779 0)
(0.428145 -0.0146983 0)
(0.27452 -0.00735053 0)
(0.448866 -0.0193722 0)
(0.299555 -0.00932704 0)
(0.476184 -0.0250353 0)
(0.331452 -0.0117535 0)
(0.511356 -0.0318964 0)
(0.371612 -0.0146842 0)
(0.555876 -0.04016 0)
(0.421598 -0.0181397 0)
(0.611454 -0.0499854 0)
(0.483023 -0.0220718 0)
(0.679936 -0.061426 0)
(0.557357 -0.026314 0)
(0.763155 -0.0743333 0)
(0.645589 -0.030516 0)
(0.862674 -0.0882311 0)
(0.747748 -0.0340671 0)
(0.979392 -0.102159 0)
(0.86224 -0.0360483 0)
(1.11297 -0.114492 0)
(0.985119 -0.0352242 0)
(1.26107 -0.122878 0)
(1.10938 -0.0300845 0)
(1.41852 -0.124266 0)
(1.2244 -0.0194326 0)
(1.57686 -0.115013 0)
(1.31663 -0.00403392 0)
(1.72429 -0.0922302 0)
(1.37259 0.0149191 0)
(1.84533 -0.0559654 0)
(1.38166 0.0339484 0)
(1.92268 -0.0090718 0)
(1.34126 0.0503007 0)
(1.94687 0.0404058 0)
(1.2563 0.0626243 0)
(1.91551 0.0849565 0)
(1.13422 0.0674233 0)
(1.83169 0.122085 0)
(0.98906 0.0638729 0)
(1.70371 0.145157 0)
(0.836052 0.0542675 0)
(1.54495 0.15301 0)
(0.688507 0.0420421 0)
(1.36791 0.147545 0)
(0.556347 0.028013 0)
(1.1895 0.132161 0)
(0.445277 0.0152593 0)
(1.01199 0.111071 0)
(0.355731 0.00793965 0)
(0.848499 0.0895463 0)
(0.285016 0.00457701 0)
(0.705954 0.070716 0)
(0.230848 0.00336232 0)
(0.587008 0.0541698 0)
(0.190544 0.00271504 0)
(0.491859 0.0403047 0)
(0.161958 0.0012533 0)
(0.420319 0.0285872 0)
(0.143029 -2.06492e-05 0)
(0.366855 0.0189296 0)
(0.131607 -0.000641548 0)
(0.329861 0.0114233 0)
(0.126124 -0.00112336 0)
(0.305906 0.00548357 0)
(0.124971 -0.0013598 0)
(0.291527 0.00115367 0)
(0.126588 -0.00143175 0)
(0.284372 -0.00161611 0)
(0.130081 -0.00146934 0)
(0.282544 -0.0034924 0)
(0.134732 -0.00142698 0)
(0.284201 -0.00465063 0)
(0.139967 -0.00138024 0)
(0.287997 -0.00523468 0)
(0.14525 -0.00140331 0)
(0.293048 -0.00528292 0)
(0.150339 -0.00143428 0)
(0.298498 -0.00508794 0)
(0.155018 -0.00137785 0)
(0.303917 -0.00467912 0)
(0.159168 -0.00120264 0)
(0.309039 -0.00414903 0)
(0.162743 -0.000988629 0)
(0.313667 -0.00357493 0)
(0.165764 -0.000805995 0)
(0.317711 -0.00302079 0)
(0.168272 -0.000656399 0)
(0.321134 -0.00250775 0)
(0.170326 -0.00052448 0)
(0.324019 -0.0020542 0)
(0.171987 -0.000414175 0)
(0.326394 -0.0016607 0)
(0.173314 -0.000323907 0)
(0.328324 -0.00132708 0)
(0.174364 -0.000251069 0)
(0.329872 -0.00104979 0)
(0.175187 -0.000192818 0)
(0.331101 -0.000822242 0)
(0.175824 -0.000146576 0)
(0.332067 -0.000637833 0)
(0.176314 -0.000110049 0)
(0.332817 -0.000489362 0)
(0.176685 -8.11819e-05 0)
(0.333393 -0.000370715 0)
(0.176961 -5.76204e-05 0)
(0.333829 -0.000275873 0)
(0.17716 -4.4498e-05 0)
(0.334151 -0.000198961 0)
(0.334424 -0.000144252 0)
(1.05176 0.154915 0)
(1.0133 0.0884751 0)
(1.04752 0.183181 0)
(1.05556 0.162677 0)
(1.01069 0.16825 0)
(1.0677 0.17087 0)
(0.955504 0.143342 0)
(1.04943 0.158598 0)
(0.8911 0.113242 0)
(1.01421 0.140341 0)
(0.82695 0.0844988 0)
(0.971684 0.117949 0)
(0.76962 0.0617138 0)
(0.928282 0.0951173 0)
(0.721098 0.0449753 0)
(0.885775 0.0750158 0)
(0.681072 0.0329114 0)
(0.846715 0.0588225 0)
(0.648731 0.0240571 0)
(0.812663 0.0458581 0)
(0.623156 0.0173137 0)
(0.783912 0.0352719 0)
(0.603394 0.0118861 0)
(0.760269 0.0265202 0)
(0.588759 0.00716698 0)
(0.741383 0.0189355 0)
(0.57887 0.0027565 0)
(0.727073 0.0119298 0)
(0.573559 -0.00150264 0)
(0.717313 0.00513045 0)
(0.572784 -0.00585344 0)
(0.712184 -0.00160077 0)
(0.576618 -0.0106894 0)
(0.711624 -0.00860263 0)
(0.585542 -0.0162495 0)
(0.716037 -0.0164776 0)
(0.600119 -0.0227259 0)
(0.725947 -0.025395 0)
(0.621136 -0.030389 0)
(0.741987 -0.0357159 0)
(0.649623 -0.0395522 0)
(0.765024 -0.0478586 0)
(0.686864 -0.0505485 0)
(0.796185 -0.062276 0)
(0.734412 -0.0637104 0)
(0.836849 -0.079445 0)
(0.794082 -0.0793226 0)
(0.888666 -0.0998301 0)
(0.867893 -0.0975405 0)
(0.953565 -0.123796 0)
(0.957959 -0.118271 0)
(1.03369 -0.151492 0)
(1.06629 -0.141004 0)
(1.13131 -0.182663 0)
(1.19447 -0.164602 0)
(1.24859 -0.216411 0)
(1.34319 -0.187041 0)
(1.38731 -0.250881 0)
(1.51152 -0.205221 0)
(1.54826 -0.282823 0)
(1.69608 -0.214925 0)
(1.73047 -0.307439 0)
(1.89018 -0.211034 0)
(1.93031 -0.318366 0)
(2.0829 -0.188491 0)
(2.13991 -0.307731 0)
(2.25945 -0.144047 0)
(2.34666 -0.268787 0)
(2.40258 -0.078663 0)
(2.53204 -0.199093 0)
(2.49419 0.000525061 0)
(2.67552 -0.100681 0)
(2.52408 0.0794687 0)
(2.75876 0.0105166 0)
(2.49033 0.150342 0)
(2.77751 0.118706 0)
(2.39844 0.208182 0)
(2.73406 0.213972 0)
(2.25604 0.245312 0)
(2.63465 0.287563 0)
(2.07414 0.260422 0)
(2.49038 0.334912 0)
(1.8646 0.255736 0)
(2.31153 0.357087 0)
(1.63978 0.235385 0)
(2.1078 0.356978 0)
(1.41259 0.204358 0)
(1.88835 0.338263 0)
(1.19748 0.168159 0)
(1.66297 0.304654 0)
(1.00717 0.131864 0)
(1.44586 0.261028 0)
(0.848054 0.0991686 0)
(1.24658 0.213286 0)
(0.721232 0.0716655 0)
(1.07366 0.167128 0)
(0.624358 0.0493053 0)
(0.930795 0.125462 0)
(0.55339 0.0316736 0)
(0.818114 0.0898986 0)
(0.503865 0.0181039 0)
(0.733453 0.0609493 0)
(0.471034 0.00799661 0)
(0.672554 0.0383154 0)
(0.45088 0.000943236 0)
(0.630521 0.021308 0)
(0.440319 -0.00376435 0)
(0.60342 0.00894501 0)
(0.436688 -0.00680341 0)
(0.587689 0.0001395 0)
(0.437536 -0.00857719 0)
(0.579851 -0.00549829 0)
(0.441207 -0.00926627 0)
(0.577299 -0.00890518 0)
(0.446406 -0.00914594 0)
(0.578452 -0.0104815 0)
(0.452226 -0.00857576 0)
(0.581607 -0.0109076 0)
(0.45809 -0.00772124 0)
(0.585822 -0.010543 0)
(0.463663 -0.00676207 0)
(0.590419 -0.00972241 0)
(0.468727 -0.0057962 0)
(0.594946 -0.00863777 0)
(0.473169 -0.00487725 0)
(0.599183 -0.00746348 0)
(0.476974 -0.00403786 0)
(0.602983 -0.00631241 0)
(0.480165 -0.00329477 0)
(0.60628 -0.00524485 0)
(0.482795 -0.00265471 0)
(0.60907 -0.00429063 0)
(0.484934 -0.00211549 0)
(0.611387 -0.00346548 0)
(0.486651 -0.00166869 0)
(0.613283 -0.00276693 0)
(0.488015 -0.00130328 0)
(0.614812 -0.00218563 0)
(0.489085 -0.00100737 0)
(0.61603 -0.00170838 0)
(0.489916 -0.000769349 0)
(0.616988 -0.00132038 0)
(0.490553 -0.00057856 0)
(0.617733 -0.00100706 0)
(0.491031 -0.00042532 0)
(0.618305 -0.000754075 0)
(0.491384 -0.000301052 0)
(0.618725 -0.000551818 0)
(0.6191 -0.000371855 0)
(1.03953 0.111052 0)
(1.00909 0.0489447 0)
(1.08214 0.157368 0)
(1.04744 0.120072 0)
(1.10325 0.165051 0)
(1.0878 0.149755 0)
(1.10598 0.159197 0)
(1.11094 0.155869 0)
(1.09478 0.147367 0)
(1.11753 0.151546 0)
(1.07288 0.129906 0)
(1.11533 0.139843 0)
(1.0438 0.109352 0)
(1.10325 0.124202 0)
(1.01092 0.0893458 0)
(1.08506 0.107897 0)
(0.97797 0.0718531 0)
(1.06343 0.0917684 0)
(0.947588 0.0570493 0)
(1.04102 0.0762404 0)
(0.92086 0.0445019 0)
(1.01925 0.0619999 0)
(0.898108 0.0335881 0)
(0.999252 0.049273 0)
(0.879539 0.023643 0)
(0.981661 0.0375046 0)
(0.865354 0.0141592 0)
(0.967051 0.0261149 0)
(0.855696 0.0048229 0)
(0.95591 0.014788 0)
(0.850748 -0.00463014 0)
(0.948565 0.00334717 0)
(0.85074 -0.0147669 0)
(0.945235 -0.00859442 0)
(0.856068 -0.0261088 0)
(0.94636 -0.0218053 0)
(0.867317 -0.038987 0)
(0.952517 -0.0366434 0)
(0.885233 -0.0538995 0)
(0.964338 -0.053632 0)
(0.910784 -0.0714141 0)
(0.982645 -0.0734092 0)
(0.945174 -0.0921323 0)
(1.00852 -0.0966661 0)
(0.989873 -0.116664 0)
(1.04323 -0.124144 0)
(1.04666 -0.145558 0)
(1.08837 -0.156618 0)
(1.11761 -0.179177 0)
(1.14593 -0.194746 1.15302e-33)
(1.20506 -0.217514 0)
(1.21828 -0.238938 -1.12303e-33)
(1.31149 -0.259914 0)
(1.30816 -0.289101 0)
(1.43939 -0.304735 0)
(1.41867 -0.344309 0)
(1.59082 -0.348851 0)
(1.55306 -0.402305 0)
(1.76662 -0.387262 0)
(1.71418 -0.458631 0)
(1.96589 -0.412912 0)
(1.90401 -0.506706 0)
(2.18402 -0.416412 0)
(2.12312 -0.536492 0)
(2.40981 -0.388102 0)
(2.36428 -0.533523 0)
(2.62637 -0.321856 0)
(2.60962 -0.485349 0)
(2.81295 -0.218044 0)
(2.82765 -0.385666 0)
(2.94515 -0.0879094 0)
(2.99871 -0.232888 0)
(3.01461 0.0518252 0)
(3.10136 -0.0589442 0)
(3.01943 0.182414 0)
(3.13885 0.113887 0)
(2.96596 0.291659 0)
(3.1102 0.267448 0)
(2.86495 0.375119 0)
(3.03009 0.388573 0)
(2.72495 0.429531 0)
(2.91339 0.474907 0)
(2.55254 0.456089 0)
(2.76881 0.529506 0)
(2.35413 0.457388 0)
(2.60149 0.555388 0)
(2.1372 0.436532 0)
(2.41535 0.555189 0)
(1.91062 0.396964 0)
(2.21451 0.531234 0)
(1.68506 0.343373 0)
(2.00543 0.486589 0)
(1.47224 0.282495 0)
(1.79594 0.426104 0)
(1.28306 0.221471 0)
(1.59585 0.356312 0)
(1.1244 0.165683 0)
(1.41374 0.284127 0)
(0.99802 0.118124 0)
(1.25776 0.216275 0)
(0.901887 0.0796948 0)
(1.13083 0.157083 0)
(0.831809 0.0499484 0)
(1.03208 0.108393 0)
(0.782997 0.0276932 0)
(0.958393 0.07012 0)
(0.750779 0.0116023 0)
(0.905748 0.0411637 0)
(0.730791 0.000496323 0)
(0.869722 0.0201281 0)
(0.719683 -0.00666513 0)
(0.846175 0.00560978 0)
(0.714663 -0.0107922 0)
(0.831736 -0.00388514 0)
(0.713736 -0.0127176 0)
(0.823876 -0.00955369 0)
(0.71534 -0.0131648 0)
(0.820416 -0.0125114 0)
(0.7183 -0.012713 0)
(0.81972 -0.0135034 0)
(0.721804 -0.0116998 0)
(0.820727 -0.0132259 0)
(0.725509 -0.01036 0)
(0.822714 -0.0123424 0)
(0.729094 -0.00892663 0)
(0.825079 -0.0110479 0)
(0.732372 -0.00753226 0)
(0.827576 -0.00959035 0)
(0.735255 -0.0062452 0)
(0.829978 -0.00812756 0)
(0.737719 -0.00510149 0)
(0.832163 -0.00675459 0)
(0.739783 -0.00411399 0)
(0.834067 -0.00552946 0)
(0.741481 -0.00327911 0)
(0.835687 -0.00446476 0)
(0.742857 -0.0025852 0)
(0.837034 -0.00356138 0)
(0.743956 -0.00201576 0)
(0.838136 -0.00280804 0)
(0.744824 -0.00155273 0)
(0.839022 -0.0021876 0)
(0.745498 -0.00117769 0)
(0.839723 -0.00168164 0)
(0.746013 -0.00087661 0)
(0.840275 -0.00126835 0)
(0.746404 -0.000619452 0)
(0.84068 -0.000942908 0)
(0.841067 -0.000626149 0)
(1.01974 0.0663357 0)
(1.00421 0.0292028 0)
(1.05955 0.112966 0)
(1.02717 0.080263 0)
(1.096 0.138145 0)
(1.06428 0.113303 0)
(1.1218 0.14615 0)
(1.09794 0.130067 0)
(1.1381 0.143251 0)
(1.12202 0.135253 0)
(1.14549 0.134336 0)
(1.13999 0.132453 0)
(1.14453 0.12303 0)
(1.14919 0.125163 0)
(1.13725 0.110525 0)
(1.15236 0.115179 0)
(1.12609 0.096535 0)
(1.15149 0.102923 0)
(1.11255 0.0815713 0)
(1.14634 0.0897797 0)
(1.09756 0.0669511 0)
(1.13872 0.0769946 0)
(1.08267 0.0531986 0)
(1.12988 0.0641648 0)
(1.06901 0.0399401 0)
(1.12069 0.0511613 0)
(1.05746 0.0267928 0)
(1.11206 0.03766 0)
(1.0486 0.013506 0)
(1.10472 0.0236514 0)
(1.04281 -0.00029767 0)
(1.09918 0.009136 0)
(1.04061 -0.0152207 0)
(1.09582 -0.00639431 0)
(1.04251 -0.031847 0)
(1.09528 -0.0237022 0)
(1.04913 -0.0507099 0)
(1.0982 -0.0432638 0)
(1.0612 -0.0724654 0)
(1.10523 -0.0657045 0)
(1.07968 -0.0978798 0)
(1.11706 -0.0918826 0)
(1.10568 -0.127797 0)
(1.13477 -0.12267 0)
(1.14057 -0.163124 0)
(1.15952 -0.159033 0)
(1.18619 -0.204767 1.15302e-33)
(1.19297 -0.202236 0)
(1.24481 -0.253487 3.1747e-35)
(1.23722 -0.253363 1.15302e-33)
(1.31923 -0.309652 -1.12303e-33)
(1.29498 -0.313366 -1.12303e-33)
(1.41289 -0.37293 0)
(1.36976 -0.382761 0)
(1.52976 -0.441804 0)
(1.46597 -0.461179 0)
(1.67419 -0.512608 0)
(1.58917 -0.546732 0)
(1.85016 -0.579112 0)
(1.74516 -0.634598 0)
(2.0618 -0.630984 0)
(1.94195 -0.718345 0)
(2.30794 -0.651953 0)
(2.1865 -0.782631 0)
(2.57117 -0.624895 0)
(2.46105 -0.796753 0)
(2.82104 -0.538656 0)
(2.72782 -0.735219 0)
(3.02326 -0.38824 0)
(2.9417 -0.58789 0)
(3.16068 -0.195672 0)
(3.10566 -0.370303 0)
(3.22707 0.00647299 0)
(3.17286 -0.125335 0)
(3.22582 0.200369 0)
(3.18114 0.115132 0)
(3.16754 0.364122 0)
(3.13207 0.325734 0)
(3.07319 0.486621 0)
(3.04812 0.482916 0)
(2.95423 0.572786 0)
(2.9466 0.593874 0)
(2.81592 0.627379 0)
(2.83137 0.667818 0)
(2.66101 0.652875 0)
(2.70704 0.710296 0)
(2.49141 0.650433 0)
(2.57406 0.724793 0)
(2.30843 0.621994 0)
(2.42371 0.714212 0)
(2.11635 0.570952 0)
(2.26072 0.678667 0)
(1.91989 0.50195 0)
(2.08851 0.622569 0)
(1.72678 0.420893 0)
(1.91306 0.549425 0)
(1.54737 0.336088 0)
(1.74133 0.463534 0)
(1.39075 0.256031 0)
(1.58175 0.372896 0)
(1.26103 0.18616 0)
(1.44154 0.286796 0)
(1.15859 0.128674 0)
(1.32391 0.210835 0)
(1.0811 0.0835477 0)
(1.22946 0.14761 0)
(1.02468 0.0495872 0)
(1.15667 0.0975896 0)
(0.985041 0.0251051 0)
(1.10248 0.0597651 0)
(0.958284 0.00825177 0)
(1.06337 0.0323672 0)
(0.941033 -0.00272982 0)
(1.03604 0.0133666 0)
(0.930607 -0.00937632 0)
(1.01761 0.000872449 0)
(0.92489 -0.0128334 0)
(1.00569 -0.00679483 0)
(0.922293 -0.0139848 0)
(0.998323 -0.0109065 0)
(0.921715 -0.0138443 0)
(0.994238 -0.0126475 0)
(0.922364 -0.0130027 0)
(0.992372 -0.0129907 0)
(0.923636 -0.0116722 0)
(0.991738 -0.01232 0)
(0.925253 -0.0101438 0)
(0.991999 -0.011207 0)
(0.926944 -0.00860141 0)
(0.9927 -0.00981871 0)
(0.928556 -0.00715205 0)
(0.993635 -0.00836653 0)
(0.930009 -0.00585469 0)
(0.994629 -0.0069821 0)
(0.93127 -0.00472633 0)
(0.995589 -0.00572598 0)
(0.932337 -0.00376742 0)
(0.996457 -0.00462826 0)
(0.93322 -0.00296638 0)
(0.997212 -0.00369104 0)
(0.933937 -0.00230598 0)
(0.99785 -0.00290456 0)
(0.93451 -0.00176436 0)
(0.998374 -0.00225423 0)
(0.934957 -0.00132931 0)
(0.998801 -0.00171491 0)
(0.935307 -0.000946867 0)
(0.999121 -0.00129348 0)
(0.999443 -0.000860986 0)
(1.01045 0.0438553 0)
(1.00232 0.0187509 0)
(1.0362 0.0797512 0)
(1.01547 0.0545176 0)
(1.06761 0.104399 0)
(1.04084 0.0818913 0)
(1.09799 0.118442 0)
(1.07021 0.0996838 0)
(1.12381 0.123698 0)
(1.09747 0.109438 0)
(1.14355 0.122624 0)
(1.12107 0.112712 0)
(1.15736 0.117155 0)
(1.14014 0.111351 0)
(1.16634 0.10796 0)
(1.15465 0.106202 0)
(1.17132 0.0967775 0)
(1.16589 0.0979361 0)
(1.1726 0.0857896 0)
(1.1726 0.0884998 0)
(1.17105 0.0747523 0)
(1.17647 0.0785522 0)
(1.16772 0.0628163 0)
(1.17824 0.0674906 0)
(1.16355 0.0497425 0)
(1.17856 0.0553358 0)
(1.15924 0.0353891 0)
(1.17764 0.0419713 0)
(1.15522 0.0200341 0)
(1.17607 0.0276706 0)
(1.152 0.00367584 0)
(1.17445 0.0123483 0)
(1.15027 -0.0142366 0)
(1.17318 -0.00465822 0)
(1.15072 -0.034385 0)
(1.17277 -0.0241511 0)
(1.15397 -0.0574514 0)
(1.17384 -0.0465168 0)
(1.16063 -0.0842702 0)
(1.17698 -0.0723602 0)
(1.1715 -0.115745 0)
(1.18276 -0.102755 0)
(1.18774 -0.152857 0)
(1.1921 -0.138911 0)
(1.21078 -0.197048 0)
(1.20635 -0.182073 0)
(1.24248 -0.249835 0)
(1.22701 -0.233934 0)
(1.28539 -0.312505 0)
(1.2562 -0.296275 0)
(1.34295 -0.386206 0)
(1.29689 -0.370922 0)
(1.41974 -0.471472 0)
(1.35326 -0.459553 0)
(1.5218 -0.567551 0)
(1.43114 -0.563238 0)
(1.6567 -0.671253 0)
(1.53881 -0.681634 0)
(1.83355 -0.77711 0)
(1.68597 -0.811448 0)
(2.06564 -0.872135 0)
(1.89125 -0.950432 0)
(2.34598 -0.929605 0)
(2.15492 -1.06298 0)
(2.62705 -0.916678 0)
(2.41712 -1.07782 0)
(2.86817 -0.805147 0)
(2.63977 -0.976337 0)
(3.03589 -0.591318 0)
(2.75675 -0.755618 0)
(3.12088 -0.313923 0)
(2.77782 -0.455286 0)
(3.12825 -0.0297016 0)
(2.72577 -0.132709 0)
(3.0807 0.224259 0)
(2.66495 0.162678 0)
(3.00141 0.427012 0)
(2.61673 0.40503 0)
(2.91479 0.573792 0)
(2.57384 0.569536 0)
(2.82025 0.675411 0)
(2.53797 0.688414 0)
(2.72174 0.739833 0)
(2.49958 0.76633 0)
(2.61824 0.774333 0)
(2.45499 0.813791 0)
(2.50517 0.78397 0)
(2.39952 0.837863 0)
(2.37508 0.768071 0)
(2.32249 0.844302 0)
(2.23329 0.728417 0)
(2.22702 0.820457 0)
(2.08185 0.669442 0)
(2.11282 0.77401 0)
(1.92774 0.592945 0)
(1.99064 0.703539 0)
(1.77627 0.502211 0)
(1.86055 0.615 0)
(1.63329 0.405733 0)
(1.73035 0.515878 0)
(1.50486 0.313157 0)
(1.60757 0.415233 0)
(1.39496 0.230992 0)
(1.49803 0.320731 0)
(1.30514 0.162513 0)
(1.40438 0.237432 0)
(1.23453 0.108372 0)
(1.32739 0.168202 0)
(1.18081 0.0674617 0)
(1.26606 0.113478 0)
(1.14115 0.037804 0)
(1.21856 0.0720285 0)
(1.11266 0.0172036 0)
(1.18271 0.0418605 0)
(1.09273 0.00360389 0)
(1.15634 0.020797 0)
(1.07919 -0.00480424 0)
(1.13738 0.00674688 0)
(1.07036 -0.00952942 0)
(1.12409 -0.00207333 0)
(1.06496 -0.0117448 0)
(1.1151 -0.00725119 0)
(1.0618 -0.0122785 0)
(1.10922 -0.00983182 0)
(1.06016 -0.0118444 0)
(1.10548 -0.0106715 0)
(1.0595 -0.0108728 0)
(1.10327 -0.0105465 0)
(1.05944 -0.00957144 0)
(1.10205 -0.00975882 0)
(1.05974 -0.00818905 0)
(1.10149 -0.00867372 0)
(1.06024 -0.00685108 0)
(1.10134 -0.00747807 0)
(1.0608 -0.00562837 0)
(1.10144 -0.00628631 0)
(1.06135 -0.00455375 0)
(1.10166 -0.0051799 0)
(1.06186 -0.0036317 0)
(1.10194 -0.00419658 0)
(1.0623 -0.0028555 0)
(1.10223 -0.00334661 0)
(1.06267 -0.00220751 0)
(1.10249 -0.00262828 0)
(1.06298 -0.00168173 0)
(1.10273 -0.00202054 0)
(1.06323 -0.00120975 0)
(1.10291 -0.00154185 0)
(1.10311 -0.00103291 0)
(1.00595 0.0302656 0)
(1.00138 0.0127997 0)
(1.02225 0.0568526 0)
(1.00943 0.0382176 0)
(1.0448 0.0770487 0)
(1.02634 0.059341 0)
(1.06985 0.0905883 0)
(1.04812 0.0746389 0)
(1.09475 0.0983391 0)
(1.07116 0.0845378 0)
(1.11763 0.101289 0)
(1.09361 0.0898334 0)
(1.13761 0.100262 0)
(1.11451 0.0913647 0)
(1.15415 0.0959631 0)
(1.13315 0.0896588 0)
(1.16692 0.0893218 0)
(1.14908 0.0851745 0)
(1.17651 0.0811546 0)
(1.16194 0.0789046 0)
(1.18371 0.0715535 0)
(1.17236 0.0713583 0)
(1.18893 0.0604079 0)
(1.1807 0.0622674 0)
(1.19247 0.0479949 0)
(1.18723 0.0517998 0)
(1.19445 0.034716 0)
(1.19193 0.0399876 0)
(1.1953 0.0204893 0)
(1.19486 0.0268196 0)
(1.19551 0.00454894 0)
(1.19667 0.0121409 0)
(1.1955 -0.0139122 0)
(1.19765 -0.00464551 0)
(1.19572 -0.0354102 0)
(1.19788 -0.0243724 0)
(1.1966 -0.0603577 0)
(1.19786 -0.047398 0)
(1.1987 -0.0895545 0)
(1.19798 -0.0744654 0)
(1.20278 -0.124477 0)
(1.1987 -0.106835 0)
(1.20992 -0.166679 0)
(1.20067 -0.146045 0)
(1.22146 -0.217585 0)
(1.20489 -0.19362 0)
(1.23912 -0.279106 0)
(1.21259 -0.251586 0)
(1.26542 -0.353619 0)
(1.22569 -0.322579 0)
(1.3041 -0.443567 0)
(1.24708 -0.409597 0)
(1.3606 -0.551272 0)
(1.28119 -0.516056 0)
(1.44292 -0.678327 0)
(1.3348 -0.645561 0)
(1.56247 -0.824383 0)
(1.41844 -0.801181 0)
(1.73519 -0.989002 0)
(1.54611 -0.984165 0)
(1.98051 -1.15194 0)
(1.74163 -1.19576 0)
(2.23807 -1.23996 0)
(1.96717 -1.32053 0)
(2.43813 -1.19723 0)
(2.06972 -1.27789 0)
(2.55889 -1.02395 0)
(2.00315 -1.09709 -2.52855e-19)
(2.52655 -0.727958 0)
(1.77189 -0.723276 5.36151e-19)
(2.37924 -0.358582 0)
(1.45605 -0.307981 7.53375e-17)
(2.25552 0.00650857 0)
(1.2003 -0.00899039 -2.79648e-32)
(2.19349 0.312889 0)
(1.24898 0.224707 0)
(2.16701 0.52476 0)
(1.36793 0.431509 2.20557e-18)
(2.1896 0.663224 0)
(1.41462 0.546944 0)
(2.21366 0.760445 0)
(1.55587 0.664354 0)
(2.23338 0.824043 0)
(1.68575 0.746617 0)
(2.23554 0.864435 0)
(1.8044 0.811632 0)
(2.21562 0.888097 0)
(1.88583 0.85778 0)
(2.17266 0.890171 0)
(1.92841 0.887262 0)
(2.10729 0.862171 0)
(1.93423 0.885826 0)
(2.02199 0.805272 0)
(1.90624 0.859309 0)
(1.92287 0.724284 0)
(1.8591 0.802665 0)
(1.81535 0.629077 0)
(1.79104 0.722516 0)
(1.70587 0.526621 0)
(1.71123 0.625358 0)
(1.60165 0.424399 0)
(1.62705 0.519454 0)
(1.50798 0.328854 0)
(1.54526 0.414398 0)
(1.42702 0.244699 0)
(1.47059 0.318398 0)
(1.35917 0.174615 0)
(1.40545 0.23605 0)
(1.3039 0.119029 0)
(1.35048 0.168744 0)
(1.26015 0.0768004 0)
(1.30538 0.115778 0)
(1.22642 0.0459673 0)
(1.2693 0.0755943 0)
(1.20102 0.0243168 0)
(1.24107 0.0461962 0)
(1.18231 0.00972876 0)
(1.21945 0.0254598 0)
(1.16886 0.000377836 0)
(1.20325 0.0113748 0)
(1.1594 -0.00519464 0)
(1.19137 0.00221041 0)
(1.15292 -0.00812442 0)
(1.18285 -0.00335365 0)
(1.14864 -0.00931152 0)
(1.17687 -0.00638637 0)
(1.14585 -0.00940618 0)
(1.17277 -0.00776327 0)
(1.14413 -0.00884933 0)
(1.17001 -0.00803453 0)
(1.14311 -0.00795081 0)
(1.1682 -0.00765637 0)
(1.14256 -0.00690163 0)
(1.16703 -0.00692936 0)
(1.14232 -0.00583022 0)
(1.16631 -0.00604535 0)
(1.14227 -0.00481968 0)
(1.1659 -0.00512798 0)
(1.14232 -0.00391141 0)
(1.16569 -0.00425023 0)
(1.14243 -0.00312079 0)
(1.16559 -0.00345104 0)
(1.14255 -0.00244324 0)
(1.16557 -0.0027508 0)
(1.14267 -0.00188208 0)
(1.16559 -0.00214074 0)
(1.14278 -0.00136596 0)
(1.16562 -0.00164953 0)
(1.16567 -0.00111318 0)
(1.00373 0.0214415 0)
(1.00091 0.00907443 0)
(1.01458 0.0410429 0)
(1.00627 0.0273607 0)
(1.03064 0.0568977 0)
(1.01803 0.0432803 0)
(1.04973 0.0684177 0)
(1.03405 0.0555539 0)
(1.07012 0.0758646 0)
(1.05213 0.0641435 0)
(1.09054 0.0797665 0)
(1.07093 0.0694119 0)
(1.11013 0.0806275 0)
(1.08963 0.0717828 0)
(1.12815 0.0788536 0)
(1.10758 0.0716319 0)
(1.14403 0.0749217 0)
(1.12418 0.0692967 0)
(1.15772 0.069283 0)
(1.139 0.06522 0)
(1.1694 0.0621498 0)
(1.15205 0.0596735 0)
(1.17901 0.053616 0)
(1.16333 0.0526569 0)
(1.18661 0.0436453 0)
(1.17265 0.0441979 0)
(1.1923 0.0320594 0)
(1.1802 0.0343029 0)
(1.19624 0.018738 0)
(1.18571 0.0228792 0)
(1.19873 0.00340538 0)
(1.18949 0.00964433 0)
(1.19996 -0.0145153 0)
(1.19166 -0.00587023 0)
(1.19996 -0.035655 0)
(1.19207 -0.0243709 0)
(1.19906 -0.0607239 0)
(1.19089 -0.0464969 0)
(1.19764 -0.0908237 0)
(1.18823 -0.0730527 0)
(1.19615 -0.127291 0)
(1.18423 -0.105338 0)
(1.19498 -0.171619 0)
(1.17915 -0.144879 0)
(1.19495 -0.225951 0)
(1.17332 -0.193592 0)
(1.19751 -0.293103 0)
(1.1675 -0.254146 0)
(1.20485 -0.376427 0)
(1.16299 -0.329919 2.04885e-32)
(1.2205 -0.480004 0)
(1.16203 -0.425245 -2.01104e-32)
(1.25012 -0.608705 0)
(1.16845 -0.545677 0)
(1.30275 -0.767884 0)
(1.18876 -0.698192 0)
(1.39254 -0.962919 0)
(1.23353 -0.890963 0)
(1.53961 -1.19911 0)
(1.31793 -1.13124 0)
(1.73789 -1.38594 0)
(1.44774 -1.39403 0)
(1.8223 -1.39804 0)
(1.46148 -1.40494 0)
(1.64337 -1.16042 -2.52855e-19)
(1.16805 -1.09896 0)
(1.24406 -0.70448 2.83296e-19)
(0.645737 -0.491028 -8.91877e-19)
(0.770754 -0.249068 7.58737e-17)
(0.492159 -0.154983 5.36151e-19)
(0.28693 -0.0253263 7.53375e-17)
(0.230606 -0.48824 7.53375e-17)
(0.20926 0.031252 -2.79648e-32)
(0.0432763 -0.652362 -2.79648e-32)
(0.423834 0.133036 2.20557e-18)
(0.142666 -0.787899 0)
(0.525247 0.303174 2.20557e-18)
(0.277279 -0.946248 2.20557e-18)
(0.763618 0.486583 0)
(0.204907 0.220558 0)
(1.02224 0.628651 0)
(0.444591 0.405732 0)
(1.26139 0.721362 0)
(0.646851 0.507468 0)
(1.45735 0.795672 0)
(0.907089 0.615667 0)
(1.59746 0.849801 0)
(1.13334 0.717674 0)
(1.68745 0.877387 0)
(1.30828 0.797277 0)
(1.73266 0.879235 0)
(1.42798 0.840611 0)
(1.74395 0.854613 0)
(1.50027 0.848022 0)
(1.72688 0.798627 0)
(1.54028 0.819732 0)
(1.68753 0.716352 0)
(1.55208 0.761864 0)
(1.63359 0.61693 0)
(1.54162 0.679301 0)
(1.57189 0.509646 0)
(1.51494 0.581159 0)
(1.50889 0.404982 0)
(1.47824 0.477396 0)
(1.44984 0.310975 0)
(1.43774 0.37744 0)
(1.39724 0.231312 0)
(1.39786 0.288656 0)
(1.35219 0.166501 0)
(1.36092 0.213792 0)
(1.31463 0.115425 0)
(1.32836 0.153338 0)
(1.28399 0.0765013 0)
(1.30051 0.106237 0)
(1.25952 0.047848 0)
(1.27737 0.0706692 0)
(1.24038 0.0274619 0)
(1.25864 0.0445926 0)
(1.22576 0.0134578 0)
(1.24381 0.025994 0)
(1.21484 0.00423634 0)
(1.23231 0.0131359 0)
(1.2068 -0.00148748 0)
(1.22355 0.00468598 0)
(1.20102 -0.00474208 0)
(1.21705 -0.000603845 0)
(1.19694 -0.00631437 0)
(1.21225 -0.00368239 0)
(1.19408 -0.00679155 0)
(1.20878 -0.00518422 0)
(1.19212 -0.00660832 0)
(1.20629 -0.00569564 0)
(1.19079 -0.00605859 0)
(1.20451 -0.00559653 0)
(1.1899 -0.00533276 0)
(1.20325 -0.00515685 0)
(1.18933 -0.00455023 0)
(1.20237 -0.00455074 0)
(1.18896 -0.00378415 0)
(1.20176 -0.00388663 0)
(1.18874 -0.00307789 0)
(1.20135 -0.00322993 0)
(1.18861 -0.0024472 0)
(1.20108 -0.00262231 0)
(1.18854 -0.00190879 0)
(1.20089 -0.00207045 0)
(1.18851 -0.00139872 0)
(1.20078 -0.00161445 0)
(1.20068 -0.00109996 0)
(1.00258 0.0154055 0)
(1.00065 0.00649919 0)
(1.01028 0.0298317 0)
(1.00452 0.0196546 0)
(1.02211 0.0419601 0)
(1.01318 0.0314519 0)
(1.03675 0.0511899 0)
(1.02535 0.0409175 0)
(1.05305 0.0575505 0)
(1.03963 0.0478352 0)
(1.07011 0.0612842 0)
(1.05505 0.0523571 0)
(1.08718 0.0626698 0)
(1.07094 0.0547129 0)
(1.10368 0.061986 0)
(1.08675 0.0551314 0)
(1.11915 0.0595342 0)
(1.10197 0.0538303 0)
(1.13331 0.0555773 0)
(1.11621 0.0510566 0)
(1.14601 0.050218 0)
(1.12925 0.0469774 0)
(1.15704 0.0434541 0)
(1.14091 0.0416259 0)
(1.16625 0.0352558 0)
(1.15095 0.0349824 0)
(1.17358 0.0255513 0)
(1.15923 0.0269732 0)
(1.17897 0.0141502 0)
(1.16559 0.0174876 0)
(1.1824 0.000687223 0)
(1.16993 0.00621811 0)
(1.18381 -0.0153645 0)
(1.17208 -0.00727977 0)
(1.18303 -0.0346982 0)
(1.17185 -0.0235926 0)
(1.17997 -0.0581457 0)
(1.16897 -0.0434387 0)
(1.17464 -0.086748 0)
(1.16321 -0.0677207 0)
(1.16697 -0.121924 0)
(1.1543 -0.0976686 0)
(1.15699 -0.165557 0)
(1.14197 -0.134899 0)
(1.14496 -0.220114 0)
(1.12599 -0.181564 0)
(1.13145 -0.288881 2.04885e-32)
(1.10625 -0.240629 0)
(1.11764 -0.376248 4.15512e-34)
(1.08291 -0.316109 2.04885e-32)
(1.1059 -0.488086 -2.01104e-32)
(1.0568 -0.413508 -2.01104e-32)
(1.10064 -0.632201 0)
(1.02993 -0.540416 0)
(1.10962 -0.818668 0)
(1.0066 -0.707166 0)
(1.14524 -1.05756 0)
(0.99427 -0.926583 0)
(1.21514 -1.32327 0)
(1.00545 -1.20113 0)
(1.19658 -1.40693 0)
(0.976896 -1.37548 0)
(0.814129 -1.04693 0)
(0.608529 -1.02249 0)
(0.340284 -0.449747 -6.39021e-19)
(0.271721 0.0195129 0)
(0.277997 -0.0820868 -6.39021e-19)
(-0.0954539 0.219858 -6.39021e-19)
(0.115656 0 0)
(0 -0.119372 0)
(0.0604529 0 0)
(0 -0.0195235 0)
(0.0283297 0 0)
(0 -0.00176417 0)
(0.00527042 0 0)
(0 -0.00317585 0)
(0.310766 0.0476019 0)
(0 0.0128091 0)
(-0.135126 0.158142 0)
(-0.118367 -0.454779 0)
(0.0318077 0.287275 0)
(-0.214239 0.112933 -1.7635e-17)
(0.303096 0.416576 0)
(-0.0700712 0.236179 -1.86326e-16)
(0.590427 0.545046 0)
(0.1432 0.328335 0)
(0.844463 0.665825 0)
(0.40456 0.463638 0)
(1.04598 0.757562 0)
(0.641811 0.595758 0)
(1.19245 0.806385 0)
(0.835982 0.694146 0)
(1.29626 0.811796 0)
(0.986804 0.744208 0)
(1.36574 0.783267 0)
(1.10382 0.750257 0)
(1.40664 0.725765 0)
(1.19213 0.720963 0)
(1.42408 0.644309 0)
(1.25423 0.661855 0)
(1.42287 0.549214 0)
(1.29353 0.582373 0)
(1.40856 0.449923 0)
(1.31428 0.4917 0)
(1.38691 0.355371 0)
(1.32094 0.399095 0)
(1.36223 0.271706 0)
(1.31824 0.313333 0)
(1.3375 0.201373 0)
(1.3099 0.23852 0)
(1.31446 0.144872 0)
(1.2988 0.176386 0)
(1.29399 0.101004 0)
(1.28677 0.126705 0)
(1.2765 0.0678791 0)
(1.2751 0.0881537 0)
(1.26203 0.0434923 0)
(1.26443 0.0590682 0)
(1.25032 0.0259588 0)
(1.25519 0.0376994 0)
(1.24102 0.0137939 0)
(1.24739 0.0224381 0)
(1.23377 0.00570972 0)
(1.24095 0.0119403 0)
(1.22827 0.000559398 0)
(1.2358 0.00489724 0)
(1.22409 -0.00247023 0)
(1.2317 0.00048983 0)
(1.22097 -0.00402932 0)
(1.22855 -0.00206348 0)
(1.21866 -0.00463863 0)
(1.22609 -0.00338809 0)
(1.21696 -0.00466327 0)
(1.2242 -0.00389225 0)
(1.21571 -0.00435476 0)
(1.22276 -0.00391046 0)
(1.21481 -0.003874 0)
(1.22166 -0.00364639 0)
(1.21416 -0.00332327 0)
(1.22084 -0.00323548 0)
(1.21369 -0.00276801 0)
(1.22022 -0.00276461 0)
(1.21336 -0.00224148 0)
(1.21977 -0.00229227 0)
(1.21313 -0.00177396 0)
(1.21943 -0.0018385 0)
(1.21297 -0.00131508 0)
(1.2192 -0.00145263 0)
(1.21897 -0.000999613 0)
(1.00193 0.0110006 0)
(1.0005 0.0045732 0)
(1.00774 0.0214487 0)
(1.00348 0.0138455 0)
(1.01687 0.0304646 0)
(1.01023 0.022318 0)
(1.02848 0.0375409 0)
(1.01992 0.029305 0)
(1.04175 0.0425882 0)
(1.03157 0.0345639 0)
(1.05599 0.0457157 0)
(1.04446 0.0381207 0)
(1.07061 0.0470926 0)
(1.05802 0.0400908 0)
(1.08512 0.0468929 0)
(1.07181 0.0406268 0)
(1.09908 0.0452878 0)
(1.08535 0.0398671 0)
(1.11219 0.0424277 0)
(1.09828 0.0379446 0)
(1.1242 0.0383878 0)
(1.11032 0.0349647 0)
(1.13488 0.0331694 0)
(1.12123 0.0309523 0)
(1.14398 0.0267285 0)
(1.13073 0.0258761 0)
(1.1513 0.0189676 0)
(1.1386 0.0196549 0)
(1.15661 0.00965743 0)
(1.14456 0.0121778 0)
(1.15969 -0.00157075 0)
(1.14837 0.00314433 0)
(1.16023 -0.0152083 0)
(1.14968 -0.00782577 0)
(1.1579 -0.0318918 0)
(1.14809 -0.0212552 0)
(1.15227 -0.0524145 0)
(1.14309 -0.0378119 0)
(1.1429 -0.0778223 0)
(1.13411 -0.058354 0)
(1.12926 -0.109529 0)
(1.12044 -0.0840239 0)
(1.11073 -0.149441 0)
(1.10125 -0.116372 0)
(1.08669 -0.200172 0)
(1.07553 -0.157526 0)
(1.05653 -0.265348 0)
(1.0421 -0.210465 0)
(1.01984 -0.350055 0)
(0.999668 -0.279414 2.87398e-33)
(0.976761 -0.461521 0)
(0.946913 -0.370431 -2.86346e-33)
(0.928696 -0.610016 0)
(0.882798 -0.49235 0)
(0.879415 -0.809235 0)
(0.807003 -0.657884 0)
(0.835029 -1.0639 0)
(0.722973 -0.882197 0)
(0.767533 -1.25114 0)
(0.620295 -1.13364 0)
(0.442088 -0.979912 0)
(0.35281 -1.05003 -9.22543e-17)
(0.752883 -0.330943 0)
(-0.143634 -0.435234 0)
(0.730663 0 0)
(0 0.354944 0)
(0.0177588 0 0)
(0 -0.143151 0)
(0.0029524 0 0)
(0 -0.00202675 0)
(6.76105e-06 0 0)
(0 2.34205e-05 0)
(2.01888e-05 0 0)
(0 1.10937e-07 0)
(5.99878e-05 0 0)
(0 1.28814e-06 0)
(-0.0250106 0 0)
(0 -0.00326557 0)
(0.0304007 0.018146 -1.7635e-17)
(0 0.00532224 0)
(-0.385829 0.0732021 -2.03961e-16)
(-0.204914 -0.253529 -1.7635e-17)
(-0.251893 0.150899 -1.86326e-16)
(-0.370652 0.0661119 -1.86326e-16)
(-0.0352329 0.261115 0)
(-0.276197 0.111675 0)
(0.204897 0.405649 0)
(-0.104769 0.223508 0)
(0.428552 0.54061 0)
(0.104727 0.372104 0)
(0.625552 0.635892 0)
(0.306476 0.497146 0)
(0.792499 0.683639 0)
(0.489501 0.577261 0)
(0.929771 0.6885 0)
(0.652225 0.612986 0)
(1.04029 0.658196 0)
(0.794981 0.610447 0)
(1.12514 0.601281 0)
(0.916118 0.576998 0)
(1.18687 0.526314 0)
(1.01496 0.52065 0)
(1.22849 0.44234 0)
(1.09204 0.450076 0)
(1.25366 0.35832 0)
(1.14902 0.373922 0)
(1.26687 0.281059 0)
(1.18893 0.300125 0)
(1.2718 0.214113 0)
(1.21554 0.233594 0)
(1.27143 0.158627 0)
(1.23215 0.176756 0)
(1.268 0.11422 0)
(1.24162 0.13013 0)
(1.26304 0.0796946 0)
(1.24625 0.0931199 0)
(1.25756 0.0535764 0)
(1.24767 0.0645477 0)
(1.2522 0.0344057 0)
(1.2472 0.0430517 0)
(1.24727 0.0207604 0)
(1.24561 0.0273718 0)
(1.24292 0.0112726 0)
(1.24348 0.0162901 0)
(1.23921 0.00493571 0)
(1.24116 0.00860869 0)
(1.23613 0.000974403 0)
(1.23892 0.00356368 0)
(1.23365 -0.001362 0)
(1.23689 0.000421372 0)
(1.23162 -0.00259624 0)
(1.23508 -0.00136027 0)
(1.22999 -0.00310619 0)
(1.23355 -0.00225708 0)
(1.2287 -0.00317774 0)
(1.23223 -0.00261989 0)
(1.22769 -0.00299058 0)
(1.23115 -0.00263666 0)
(1.2269 -0.0026647 0)
(1.23028 -0.00245266 0)
(1.2263 -0.00228039 0)
(1.22958 -0.00216311 0)
(1.22584 -0.00188337 0)
(1.22903 -0.00183402 0)
(1.2255 -0.00151269 0)
(1.2286 -0.00149393 0)
(1.22524 -0.00113398 0)
(1.22829 -0.00119365 0)
(1.22796 -0.000828376 0)
(1.00153 0.00757956 0)
(1.00041 0.00303848 0)
(1.00618 0.0148412 0)
(1.00286 0.00920321 0)
(1.01359 0.0212182 0)
(1.00842 0.0149047 0)
(1.0232 0.0263331 0)
(1.01653 0.0196933 0)
(1.0344 0.0300689 0)
(1.02645 0.0233707 0)
(1.0466 0.0324545 0)
(1.03761 0.0259118 0)
(1.05933 0.0335813 0)
(1.04953 0.0273677 0)
(1.07213 0.0335598 0)
(1.06177 0.0278263 0)
(1.08462 0.0324936 0)
(1.07395 0.0273743 0)
(1.09648 0.0304689 0)
(1.08567 0.0260881 0)
(1.10741 0.0275332 0)
(1.09664 0.0240276 0)
(1.11716 0.0236804 0)
(1.1066 0.021208 0)
(1.12544 0.0188545 0)
(1.11524 0.0175985 0)
(1.13197 0.0129648 0)
(1.12229 0.0131232 0)
(1.13646 0.00581467 0)
(1.1274 0.00768569 0)
(1.13852 -0.00290556 0)
(1.13027 0.00108646 0)
(1.13771 -0.0135998 0)
(1.13042 -0.00701848 0)
(1.13349 -0.026816 0)
(1.12727 -0.0170286 0)
(1.12516 -0.0432625 0)
(1.12014 -0.0294825 0)
(1.11189 -0.0638744 0)
(1.10816 -0.0450891 0)
(1.09266 -0.0899133 0)
(1.09025 -0.064793 0)
(1.06618 -0.123112 0)
(1.06501 -0.0898896 0)
(1.03085 -0.165907 0)
(1.03069 -0.122193 0)
(0.984676 -0.221786 2.87398e-33)
(0.985021 -0.164296 0)
(0.925228 -0.295803 1.24631e-35)
(0.925093 -0.219965 2.87398e-33)
(0.849581 -0.395419 -2.86346e-33)
(0.847157 -0.294784 -2.86346e-33)
(0.754395 -0.531585 0)
(0.746458 -0.397162 0)
(0.635797 -0.717202 0)
(0.61707 -0.539286 0)
(0.482801 -0.932989 0)
(0.455127 -0.729201 0)
(0.243175 -0.907547 -9.22543e-17)
(0.212555 -0.894012 0)
(-0.20075 -0.442297 -9.22543e-17)
(-0.1632 -0.626078 -2.82358e-16)
(1.01404 -0.0557508 0)
(-0.201339 0.851068 0)
(-0.0689274 0 0)
(0 -0.0875363 0)
(-0.000314424 0 0)
(0 -0.00314874 0)
(1.66118e-06 0 0)
(0 6.27328e-08 0)
(3.60743e-06 0 0)
(0 4.89434e-08 0)
(8.623e-06 0 0)
(0 1.43263e-07 0)
(1.89613e-05 0 0)
(0 4.20927e-07 0)
(4.90418e-05 0 0)
(0 9.89855e-07 0)
(-0.0318032 0 0)
(0 2.33939e-06 0)
(0.0915687 0.00783167 0)
(0 0.000119798 0)
(-0.460373 0.0184464 0)
(-0.226042 -0.322151 0)
(-0.35562 0.0710671 0)
(-0.411815 0.00692222 0)
(-0.200895 0.19422 0)
(-0.366347 0.0687839 0)
(-0.0208558 0.332697 0)
(-0.237017 0.192065 0)
(0.164683 0.442268 0)
(-0.0736805 0.311606 0)
(0.345856 0.509569 0)
(0.100128 0.396088 0)
(0.516203 0.53653 0)
(0.275522 0.442638 0)
(0.67144 0.529687 0)
(0.445869 0.455209 0)
(0.807679 0.496559 0)
(0.604799 0.440759 0)
(0.922357 0.444737 0)
(0.746635 0.405972 0)
(1.01478 0.382117 0)
(0.868037 0.357648 0)
(1.08602 0.316267 0)
(0.96775 0.302686 0)
(1.13886 0.25323 0)
(1.04652 0.247285 0)
(1.17666 0.196812 0)
(1.10671 0.195793 0)
(1.20273 0.148776 0)
(1.15121 0.150689 0)
(1.22 0.109438 0)
(1.18311 0.112852 0)
(1.2309 0.0782609 0)
(1.20526 0.0822209 0)
(1.23728 0.0542272 0)
(1.2201 0.0581765 0)
(1.24053 0.0361858 0)
(1.22957 0.039799 0)
(1.24173 0.023047 0)
(1.23521 0.0261679 0)
(1.24166 0.0137299 0)
(1.23823 0.0163584 0)
(1.24083 0.00730725 0)
(1.23948 0.00944149 0)
(1.23963 0.00307536 0)
(1.23964 0.00476711 0)
(1.23829 0.000475211 0)
(1.23913 0.00175322 0)
(1.23699 -0.000986323 0)
(1.23828 -5.19652e-05 0)
(1.23577 -0.00174218 0)
(1.23734 -0.00103753 0)
(1.23467 -0.00205477 0)
(1.23636 -0.00152584 0)
(1.23373 -0.00208132 0)
(1.23545 -0.00169712 0)
(1.23295 -0.00193885 0)
(1.23463 -0.00166649 0)
(1.2323 -0.00170812 0)
(1.23394 -0.00151912 0)
(1.23178 -0.00143867 0)
(1.23336 -0.00131602 0)
(1.23138 -0.00117128 0)
(1.23288 -0.00108741 0)
(1.23106 -0.000886227 0)
(1.23254 -0.000877656 0)
(1.23214 -0.000613373 0)
(1.0013 0.00476236 0)
(1.00036 0.00173796 0)
(1.00524 0.00934983 0)
(1.00249 0.00526686 0)
(1.01159 0.0134259 0)
(1.00736 0.00855568 0)
(1.01993 0.0167427 0)
(1.01453 0.0113497 0)
(1.02978 0.0192029 0)
(1.0234 0.013522 0)
(1.04065 0.0208032 0)
(1.0335 0.0150427 0)
(1.05208 0.0215873 0)
(1.04438 0.0159313 0)
(1.06368 0.021617 0)
(1.05562 0.0162295 0)
(1.07507 0.020952 0)
(1.06688 0.0159854 0)
(1.08592 0.0196412 0)
(1.07775 0.0152406 0)
(1.09592 0.0177104 0)
(1.08794 0.0140239 0)
(1.10478 0.0151516 0)
(1.09716 0.0123442 0)
(1.1122 0.0119162 0)
(1.10509 0.0101798 0)
(1.11786 0.00792396 0)
(1.11141 0.00747023 0)
(1.12141 0.00306575 0)
(1.11576 0.00412807 0)
(1.12238 -0.00288863 0)
(1.11772 0.000118914 0)
(1.12022 -0.0102581 0)
(1.11686 -0.00485879 0)
(1.11423 -0.0194255 0)
(1.11241 -0.0110382 0)
(1.10352 -0.0309238 0)
(1.10357 -0.0187715 0)
(1.08696 -0.0454565 0)
(1.08927 -0.0285291 0)
(1.0631 -0.0639755 0)
(1.06813 -0.0409332 0)
(1.03006 -0.0878074 0)
(1.03834 -0.0568446 0)
(0.985349 -0.118845 0)
(0.997546 -0.0774863 0)
(0.925682 -0.15984 0)
(0.942579 -0.104628 0)
(0.846606 -0.214888 0)
(0.869158 -0.140888 1.2742e-32)
(0.742058 -0.290169 0)
(0.771412 -0.190234 -1.29895e-32)
(0.603658 -0.394728 0)
(0.641254 -0.258761 0)
(0.41948 -0.535767 0)
(0.467835 -0.355108 0)
(0.171434 -0.670059 0)
(0.234017 -0.481156 0)
(-0.169048 -0.569252 -1.90104e-16)
(-0.116299 -0.55353 0)
(1.96987 -0.207131 -1.90104e-16)
(-0.396437 -0.264825 -1.26265e-16)
(0.0584773 0 0)
(0 -0.0730058 0)
(-0.027581 0 0)
(0 -0.0419252 0)
(5.69346e-07 0 0)
(0 2.31623e-08 0)
(1.07885e-06 0 0)
(0 -1.95501e-09 0)
(2.47739e-06 0 0)
(0 -6.02912e-11 0)
(5.38998e-06 0 0)
(0 9.52564e-08 0)
(1.17423e-05 0 0)
(0 1.53982e-07 0)
(2.81302e-05 0 0)
(0 2.58827e-07 0)
(0.00020029 0 0)
(0 2.29845e-07 0)
(-0.0431859 0 0)
(0 -8.90149e-07 0)
(0.320202 -0.0135236 0)
(0 -0.00334788 0)
(-0.472113 -0.00438574 0)
(-0.451308 -0.0218401 -1.48853e-16)
(-0.405917 0.0698438 0)
(-0.461411 0.00258788 0)
(-0.29333 0.175494 0)
(-0.418359 0.0794769 0)
(-0.144829 0.26903 0)
(-0.302835 0.163105 0)
(0.024922 0.331503 0)
(-0.152458 0.226337 0)
(0.203556 0.362767 0)
(0.019085 0.264004 0)
(0.379932 0.367241 0)
(0.199166 0.278833 0)
(0.545776 0.350683 0)
(0.377385 0.274915 0)
(0.69493 0.319034 0)
(0.545019 0.256817 0)
(0.823579 0.278133 0)
(0.695789 0.228999 0)
(0.930322 0.233525 0)
(0.824357 0.195943 0)
(1.01584 0.189737 0)
(0.930454 0.161765 0)
(1.08216 0.14968 0)
(1.01565 0.129474 0)
(1.13204 0.114843 0)
(1.08169 0.100805 0)
(1.16854 0.0857435 0)
(1.13141 0.076358 0)
(1.19448 0.0622665 0)
(1.16785 0.0562744 0)
(1.21235 0.0438883 0)
(1.19381 0.0403109 0)
(1.22417 0.0299076 0)
(1.21172 0.0279795 0)
(1.23161 0.019578 0)
(1.22359 0.0187302 0)
(1.23598 0.0121538 0)
(1.2311 0.0119891 0)
(1.23822 0.00697462 0)
(1.23554 0.00720073 0)
(1.23907 0.00349234 0)
(1.23786 0.00391426 0)
(1.23907 0.00125581 0)
(1.23879 0.00175056 0)
(1.2386 -7.67645e-05 0)
(1.23888 0.000416556 0)
(1.2379 -0.000799431 0)
(1.23851 -0.000335316 0)
(1.23712 -0.00115094 0)
(1.2379 -0.00073982 0)
(1.23633 -0.00126832 0)
(1.23719 -0.000915988 0)
(1.23562 -0.00123682 0)
(1.23648 -0.000947955 0)
(1.23499 -0.00112004 0)
(1.23582 -0.000890159 0)
(1.23446 -0.000959835 0)
(1.23525 -0.000784542 0)
(1.23402 -0.00079067 0)
(1.23476 -0.000655945 0)
(1.23368 -0.00060308 0)
(1.2344 -0.000533765 0)
(1.23397 -0.000374783 0)
(1.00117 0.0022975 0)
(1.00034 0.000566055 0)
(1.00473 0.00451898 0)
(1.0023 0.00171275 0)
(1.01049 0.00650711 0)
(1.00686 0.00278875 0)
(1.01813 0.00813889 0)
(1.01359 0.00371045 0)
(1.02723 0.00935925 0)
(1.02197 0.00442848 0)
(1.03733 0.0101612 0)
(1.03156 0.00493402 0)
(1.04803 0.0105615 0)
(1.04194 0.00523239 0)
(1.05893 0.0105873 0)
(1.0527 0.00533553 0)
(1.06965 0.0102663 0)
(1.06351 0.0052585 0)
(1.07988 0.00962067 0)
(1.07395 0.0050144 0)
(1.08929 0.0086616 0)
(1.08374 0.00461227 0)
(1.09758 0.00738364 0)
(1.09256 0.00405508 0)
(1.10443 0.00575611 0)
(1.10011 0.00333594 0)
(1.10946 0.00371567 0)
(1.10604 0.00243279 0)
(1.1123 0.00125293 0)
(1.11 0.00128948 0)
(1.11248 -0.00175147 0)
(1.11138 -6.14925e-05 0)
(1.10936 -0.00550946 0)
(1.10992 -0.00173505 0)
(1.10214 -0.0102053 0)
(1.10475 -0.00382022 0)
(1.08981 -0.0161233 0)
(1.09498 -0.00644161 0)
(1.07105 -0.0236398 0)
(1.07941 -0.00976361 0)
(1.04411 -0.0332658 0)
(1.05652 -0.0140005 0)
(1.00672 -0.0457208 0)
(1.02428 -0.0194536 0)
(0.95579 -0.0620406 0)
(0.98 -0.0265548 0)
(0.887095 -0.0837455 1.2742e-32)
(0.920003 -0.0359327 0)
(0.794732 -0.113119 -2.5761e-34)
(0.839234 -0.0485233 1.2742e-32)
(0.670258 -0.153647 -1.29895e-32)
(0.730588 -0.065759 -1.29895e-32)
(0.501344 -0.210288 0)
(0.584039 -0.0898457 0)
(0.270042 -0.285062 0)
(0.385523 -0.123806 0)
(-0.0439749 -0.335406 0)
(0.106697 -0.167139 0)
(-0.417218 -0.215954 6.38391e-17)
(-0.284984 -0.180288 0)
(1.86094 -0.043936 6.38391e-17)
(-0.460913 -0.0489678 6.38391e-17)
(-0.140071 0 0)
(0 -0.0417023 0)
(-0.00968721 0 0)
(0 -0.00601749 0)
(4.5127e-07 0 0)
(0 -7.72026e-10 0)
(9.21132e-07 0 0)
(0 -1.41663e-10 0)
(2.04252e-06 0 0)
(0 5.34548e-08 0)
(3.69527e-06 0 0)
(0 6.51838e-09 0)
(8.06567e-06 0 0)
(0 1.97039e-08 0)
(1.9307e-05 0 0)
(0 6.59309e-08 0)
(5.64038e-05 0 0)
(0 2.13857e-07 0)
(-0.0254387 0 0)
(0 -2.56808e-07 0)
(0.158616 -0.0112486 -1.48853e-16)
(0 -0.00145165 0)
(-0.499497 -0.0155481 -1.48853e-16)
(-0.471796 -0.0110008 -1.48853e-16)
(-0.491168 0.0166104 0)
(-0.486142 -0.00574139 0)
(-0.431411 0.0712678 0)
(-0.492066 0.0197188 0)
(-0.317696 0.124345 0)
(-0.408192 0.0493897 0)
(-0.164296 0.162371 0)
(-0.275665 0.0729357 0)
(0.0123128 0.182899 0)
(-0.110176 0.0873947 0)
(0.197464 0.188468 0)
(0.072104 0.0936814 0)
(0.379049 0.182332 0)
(0.258455 0.0933299 0)
(0.548004 0.168116 0)
(0.438724 0.087862 0)
(0.698205 0.14805 0)
(0.604821 0.0787973 0)
(0.826413 0.124752 0)
(0.747009 0.0677344 0)
(0.931974 0.101761 0)
(0.866569 0.0562041 0)
(1.0162 0.0807707 0)
(0.965034 0.0452514 0)
(1.08156 0.0624411 0)
(1.04253 0.0354459 0)
(1.13093 0.046988 0)
(1.10185 0.026985 0)
(1.16721 0.0344035 0)
(1.14612 0.0199907 0)
(1.19312 0.0244729 0)
(1.17827 0.0144003 0)
(1.21104 0.0168617 0)
(1.20092 0.0100609 0)
(1.22298 0.0111918 0)
(1.21634 0.00678913 0)
(1.23058 0.00708127 0)
(1.22643 0.00439116 0)
(1.2351 0.00418384 0)
(1.2327 0.00268076 0)
(1.23752 0.00221381 0)
(1.2363 0.00149756 0)
(1.23856 0.000943665 0)
(1.23809 0.000711193 0)
(1.23875 0.000179996 0)
(1.23876 0.000217143 0)
(1.23848 -0.000259459 0)
(1.2387 -5.97842e-05 0)
(1.23795 -0.000494217 0)
(1.23834 -0.000209123 0)
(1.23732 -0.000588484 0)
(1.23777 -0.000283019 0)
(1.23667 -0.000595546 0)
(1.23713 -0.000304897 0)
(1.23607 -0.000550521 0)
(1.2365 -0.000292029 0)
(1.23555 -0.000477863 0)
(1.23594 -0.000259818 0)
(1.23511 -0.000397254 0)
(1.23545 -0.000218513 0)
(1.23476 -0.000304539 0)
(1.23508 -0.000178696 0)
(1.23465 -0.000126005 0)
(1.00113 9.8766e-07 0)
(1.00034 -0.000562516 0)
(1.00455 4.19363e-07 0)
(1.0023 -0.0017123 0)
(1.01013 7.64414e-07 0)
(1.00686 -0.00278737 0)
(1.01755 1.13128e-06 0)
(1.01359 -0.00370867 0)
(1.0264 1.65903e-06 0)
(1.02197 -0.0044257 0)
(1.03627 2.27196e-06 0)
(1.03156 -0.00493014 0)
(1.04673 2.99576e-06 0)
(1.04194 -0.00522719 0)
(1.05739 3.83756e-06 0)
(1.0527 -0.00532876 0)
(1.0679 4.7597e-06 0)
(1.06351 -0.00524995 0)
(1.07792 5.70049e-06 0)
(1.07395 -0.00500397 0)
(1.08713 6.59536e-06 0)
(1.08374 -0.00459997 0)
(1.09523 7.37275e-06 0)
(1.09257 -0.00404109 0)
(1.10188 7.96085e-06 0)
(1.10011 -0.00332056 0)
(1.10673 8.28148e-06 0)
(1.10604 -0.00241649 0)
(1.10929 8.24239e-06 0)
(1.11 -0.00127281 0)
(1.10916 7.85342e-06 0)
(1.11138 7.77128e-05 0)
(1.10567 7.18151e-06 0)
(1.10992 0.00175006 0)
(1.09802 6.23444e-06 0)
(1.10476 0.00383365 0)
(1.08512 5.02328e-06 0)
(1.09498 0.0064529 0)
(1.06559 3.565e-06 0)
(1.07941 0.00977221 0)
(1.03758 1.921e-06 0)
(1.05652 0.014006 0)
(0.998671 2.82929e-07 0)
(1.02428 0.0194557 0)
(0.945562 -1.08548e-06 0)
(0.980002 0.0265538 0)
(0.873701 -2.00933e-06 0)
(0.920005 0.0359293 0)
(0.776661 -2.49168e-06 0)
(0.839235 0.0485186 0)
(0.645149 -2.73943e-06 0)
(0.730589 0.0657537 0)
(0.465465 -3.27104e-06 0)
(0.58404 0.08984 0)
(0.21786 -5.02751e-06 0)
(0.385524 0.123799 0)
(-0.116407 -7.14474e-06 0)
(0.106696 0.167126 0)
(-0.476966 -4.672e-06 0)
(-0.284987 0.18027 0)
(1.65438 -7.04261e-07 0)
(-0.460914 0.0489627 -6.38302e-17)
(-0.130825 0 0)
(0 0.0416628 0)
(-0.0044643 0 0)
(0 0.00601781 0)
(4.0165e-07 0 0)
(0 7.8038e-10 0)
(9.44252e-07 0 0)
(0 3.76835e-10 0)
(1.64144e-06 0 0)
(0 -6.67285e-08 0)
(3.44077e-06 0 0)
(0 -6.9152e-09 0)
(7.60002e-06 0 0)
(0 -1.97971e-08 0)
(1.63889e-05 0 0)
(0 -6.5901e-08 0)
(4.27834e-05 0 0)
(0 -2.13769e-07 0)
(-0.0224952 0 0)
(0 2.5702e-07 0)
(0.0909751 1.09153e-05 0)
(0 0.00145667 0)
(-0.500744 2.66368e-05 0)
(-0.471808 0.0110533 1.47958e-16)
(-0.512296 2.41099e-05 0)
(-0.48616 0.00580973 0)
(-0.472893 8.1783e-06 0)
(-0.492078 -0.0196847 0)
(-0.374113 -6.25408e-06 0)
(-0.408199 -0.0493908 0)
(-0.228217 -1.5574e-05 0)
(-0.275666 -0.0729615 0)
(-0.0533885 -2.0152e-05 0)
(-0.110172 -0.0874339 0)
(0.134017 -2.04552e-05 0)
(0.0721112 -0.0937247 0)
(0.320717 -1.69276e-05 0)
(0.258464 -0.09337 0)
(0.49647 -1.08187e-05 0)
(0.438733 -0.0878917 0)
(0.654081 -4.53654e-06 0)
(0.604829 -0.0788136 0)
(0.789553 1.68986e-06 0)
(0.747018 -0.0677376 0)
(0.901952 6.64887e-06 0)
(0.866576 -0.0561956 0)
(0.992438 9.30827e-06 0)
(0.965039 -0.0452346 0)
(1.06331 1.02863e-05 0)
(1.04253 -0.0354245 0)
(1.11726 9.7812e-06 0)
(1.10185 -0.0269639 0)
(1.15722 8.52527e-06 0)
(1.14613 -0.0199717 0)
(1.186 6.91467e-06 0)
(1.17827 -0.0143846 0)
(1.20611 5.31351e-06 0)
(1.20092 -0.0100485 0)
(1.21968 3.84529e-06 0)
(1.21634 -0.00677999 0)
(1.22846 2.58463e-06 0)
(1.22644 -0.00438478 0)
(1.23382 1.58334e-06 0)
(1.2327 -0.00267669 0)
(1.23681 8.64021e-07 0)
(1.2363 -0.00149516 0)
(1.23823 4.53086e-07 0)
(1.23809 -0.00071002 0)
(1.23866 2.74873e-07 0)
(1.23876 -0.000216425 0)
(1.23854 2.33481e-07 0)
(1.2387 6.03005e-05 0)
(1.23812 2.63263e-07 0)
(1.23834 0.000209688 0)
(1.23756 3.04599e-07 0)
(1.23777 0.000283629 0)
(1.23695 3.3079e-07 0)
(1.23713 0.000305588 0)
(1.23636 3.04137e-07 0)
(1.2365 0.000292703 0)
(1.23584 2.43024e-07 0)
(1.23594 0.000260383 0)
(1.2354 1.58651e-07 0)
(1.23545 0.000218943 0)
(1.23505 5.65135e-08 0)
(1.23508 0.000178923 0)
(1.23465 0.000126011 0)
(1.00117 -0.00229561 0)
(1.00036 -0.00173415 0)
(1.00473 -0.00451802 0)
(1.00249 -0.00526709 0)
(1.01049 -0.00650548 0)
(1.00737 -0.00855402 0)
(1.01813 -0.0081366 0)
(1.01453 -0.0113479 0)
(1.02723 -0.00935592 0)
(1.0234 -0.0135192 0)
(1.03733 -0.0101566 0)
(1.0335 -0.0150389 0)
(1.04803 -0.0105555 0)
(1.04438 -0.0159262 0)
(1.05893 -0.0105797 0)
(1.05562 -0.0162228 0)
(1.06965 -0.0102569 0)
(1.06688 -0.015977 0)
(1.07988 -0.00960935 0)
(1.07775 -0.0152303 0)
(1.08929 -0.00864851 0)
(1.08795 -0.0140118 0)
(1.09758 -0.00736903 0)
(1.09716 -0.0123305 0)
(1.10443 -0.00574037 0)
(1.10509 -0.0101647 0)
(1.10946 -0.00369928 0)
(1.11141 -0.00745426 0)
(1.1123 -0.00123653 0)
(1.11577 -0.00411175 0)
(1.11248 0.00176708 0)
(1.11773 -0.000102963 0)
(1.10936 0.00552363 0)
(1.11686 0.00487366 0)
(1.10214 0.0102175 0)
(1.11242 0.0110514 0)
(1.08981 0.0161332 0)
(1.10358 0.0187825 0)
(1.07105 0.0236468 0)
(1.08927 0.0285375 0)
(1.04412 0.0332695 0)
(1.06813 0.0409384 0)
(1.00672 0.0457213 0)
(1.03835 0.0568466 0)
(0.955793 0.0620385 0)
(0.997551 0.0774852 0)
(0.887099 0.0837416 0)
(0.942584 0.104625 0)
(0.794735 0.113114 0)
(0.869162 0.140884 0)
(0.67026 0.153642 0)
(0.771416 0.190229 0)
(0.501345 0.210282 0)
(0.641258 0.258756 0)
(0.270043 0.285053 0)
(0.467838 0.355102 0)
(-0.0439776 0.335393 0)
(0.234019 0.481146 0)
(-0.417228 0.215942 -6.38302e-17)
(-0.116317 0.553519 0)
(1.86102 0.0439308 -6.38302e-17)
(-0.396458 0.26479 1.26274e-16)
(-0.140112 0 0)
(0 0.072909 0)
(-0.00969113 0 0)
(0 0.0419079 0)
(4.48836e-07 0 0)
(0 -2.31199e-08 0)
(9.08726e-07 0 0)
(0 2.14453e-09 0)
(2.03864e-06 0 0)
(0 5.77894e-10 0)
(3.69527e-06 0 0)
(0 -9.52723e-08 0)
(8.06585e-06 0 0)
(0 -1.53871e-07 0)
(1.93082e-05 0 0)
(0 -2.58622e-07 0)
(5.63632e-05 0 0)
(0 -2.2934e-07 0)
(-0.0254404 0 0)
(0 8.91777e-07 0)
(0.158647 0.011276 1.47958e-16)
(0 0.00335355 0)
(-0.499516 0.0156113 1.47958e-16)
(-0.451338 0.0219109 1.47958e-16)
(-0.491194 -0.0165579 0)
(-0.46146 -0.00251247 0)
(-0.43143 -0.0712525 0)
(-0.418391 -0.0794496 0)
(-0.317704 -0.124361 0)
(-0.302849 -0.163117 0)
(-0.164293 -0.162406 0)
(-0.152455 -0.226373 0)
(0.0123238 -0.182942 0)
(0.0191014 -0.264051 0)
(0.197481 -0.188511 0)
(0.199191 -0.278882 0)
(0.379068 -0.182367 0)
(0.377414 -0.274958 0)
(0.548024 -0.168138 0)
(0.545049 -0.256848 0)
(0.698224 -0.148059 0)
(0.695814 -0.229014 0)
(0.826429 -0.124751 0)
(0.82438 -0.195943 0)
(0.931985 -0.101748 0)
(0.93047 -0.161752 0)
(1.0162 -0.0807511 0)
(1.01566 -0.129454 0)
(1.08156 -0.0624193 0)
(1.08169 -0.100781 0)
(1.13093 -0.0469675 0)
(1.13142 -0.0763355 0)
(1.16721 -0.0343858 0)
(1.16786 -0.0562542 0)
(1.19312 -0.0244588 0)
(1.19381 -0.0402947 0)
(1.21104 -0.0168509 0)
(1.21172 -0.0279669 0)
(1.22298 -0.011184 0)
(1.2236 -0.0187209 0)
(1.23058 -0.00707599 0)
(1.23111 -0.0119825 0)
(1.2351 -0.00418054 0)
(1.23554 -0.00719648 0)
(1.23752 -0.00221196 0)
(1.23786 -0.00391163 0)
(1.23856 -0.000942686 0)
(1.2388 -0.0017491 0)
(1.23876 -0.000179327 0)
(1.23889 -0.000415575 0)
(1.23848 0.000260065 0)
(1.23851 0.000336087 0)
(1.23795 0.000494852 0)
(1.2379 0.000740604 0)
(1.23732 0.000589165 0)
(1.23719 0.00091675 0)
(1.23667 0.000596243 0)
(1.23648 0.000948722 0)
(1.23607 0.00055115 0)
(1.23582 0.000890872 0)
(1.23555 0.000478373 0)
(1.23525 0.000785136 0)
(1.23511 0.000397589 0)
(1.23476 0.000656389 0)
(1.23476 0.000304649 0)
(1.2344 0.000533983 0)
(1.23397 0.000374768 0)
(1.0013 -0.00476066 0)
(1.00041 -0.0030346 0)
(1.00524 -0.00934941 0)
(1.00286 -0.00920385 0)
(1.01159 -0.0134241 0)
(1.00842 -0.0149028 0)
(1.01993 -0.0167404 0)
(1.01653 -0.0196915 0)
(1.02978 -0.0191995 0)
(1.02645 -0.0233679 0)
(1.04065 -0.0207988 0)
(1.03761 -0.025908 0)
(1.05208 -0.0215815 0)
(1.04953 -0.0273627 0)
(1.06368 -0.0216095 0)
(1.06177 -0.0278197 0)
(1.07507 -0.0209428 0)
(1.07395 -0.027366 0)
(1.08592 -0.0196301 0)
(1.08567 -0.0260781 0)
(1.09592 -0.0176977 0)
(1.09664 -0.0240158 0)
(1.10479 -0.0151374 0)
(1.1066 -0.0211947 0)
(1.11221 -0.0119009 0)
(1.11525 -0.0175839 0)
(1.11786 -0.00790807 0)
(1.12229 -0.0131078 0)
(1.12142 -0.00304986 0)
(1.12741 -0.00766998 0)
(1.12239 0.00290382 0)
(1.13027 -0.00107107 0)
(1.12023 0.0102719 0)
(1.13042 0.00703283 0)
(1.11424 0.0194374 0)
(1.12727 0.0170413 0)
(1.10353 0.0309333 0)
(1.12015 0.029493 0)
(1.08697 0.0454632 0)
(1.10817 0.045097 0)
(1.06311 0.063979 0)
(1.09025 0.0647979 0)
(1.03006 0.0878078 0)
(1.06502 0.0898914 0)
(0.985355 0.118843 0)
(1.0307 0.122192 0)
(0.925689 0.159836 0)
(0.985029 0.164293 0)
(0.846612 0.214883 0)
(0.925101 0.219961 0)
(0.742064 0.290164 0)
(0.847164 0.294779 0)
(0.603663 0.394722 0)
(0.746465 0.397157 0)
(0.419486 0.535758 0)
(0.617076 0.539279 0)
(0.171441 0.670044 0)
(0.455131 0.729189 0)
(-0.169028 0.569243 1.90104e-16)
(0.212539 0.893988 0)
(1.9696 0.207132 1.90104e-16)
(-0.163224 0.626092 2.82354e-16)
(0.0585102 0 0)
(-0.201334 -0.850881 0)
(-0.027574 0 0)
(0 0.0875019 0)
(5.69145e-07 0 0)
(0 0.0031484 0)
(1.07892e-06 0 0)
(0 -6.27062e-08 0)
(2.47735e-06 0 0)
(0 -4.87086e-08 0)
(5.39022e-06 0 0)
(0 -1.43137e-07 0)
(1.17429e-05 0 0)
(0 -4.20622e-07 0)
(2.81318e-05 0 0)
(0 -9.89149e-07 0)
(0.000200125 0 0)
(0 -2.33819e-06 0)
(-0.043168 0 0)
(0 -0.000117245 0)
(0.320304 0.0135658 0)
(-0.226056 0.322359 0)
(-0.472162 0.00446628 0)
(-0.41187 -0.00683238 0)
(-0.405971 -0.0697971 0)
(-0.366415 -0.0687046 0)
(-0.293359 -0.175498 0)
(-0.237052 -0.192062 0)
(-0.144832 -0.269064 0)
(-0.0736863 -0.311645 0)
(0.0249395 -0.331553 0)
(0.100149 -0.396145 0)
(0.203587 -0.36282 0)
(0.275558 -0.442699 0)
(0.37997 -0.36729 0)
(0.445914 -0.455266 0)
(0.545816 -0.35072 0)
(0.604845 -0.440804 0)
(0.694967 -0.319056 0)
(0.746678 -0.406 0)
(0.82361 -0.278139 0)
(0.868073 -0.357657 0)
(0.930345 -0.233516 0)
(0.967775 -0.302678 0)
(1.01586 -0.189718 0)
(1.04654 -0.247265 0)
(1.08217 -0.149655 0)
(1.10672 -0.195767 0)
(1.13205 -0.114818 0)
(1.15121 -0.150661 0)
(1.16854 -0.0857212 0)
(1.18311 -0.112828 0)
(1.19449 -0.0622479 0)
(1.20526 -0.0821999 0)
(1.21235 -0.0438738 0)
(1.2201 -0.0581602 0)
(1.22417 -0.0298966 0)
(1.22958 -0.0397865 0)
(1.23161 -0.01957 0)
(1.23522 -0.0261586 0)
(1.23598 -0.0121484 0)
(1.23824 -0.0163517 0)
(1.23822 -0.00697104 0)
(1.23948 -0.00943694 0)
(1.23907 -0.00349012 0)
(1.23964 -0.00476399 0)
(1.23907 -0.00125439 0)
(1.23913 -0.0017512 0)
(1.23861 7.78391e-05 0)
(1.23828 5.35218e-05 0)
(1.2379 0.000800392 0)
(1.23734 0.00103878 0)
(1.23712 0.00115185 0)
(1.23636 0.00152699 0)
(1.23633 0.00126916 0)
(1.23545 0.00169813 0)
(1.23562 0.0012376 0)
(1.23463 0.00166738 0)
(1.23499 0.00112071 0)
(1.23394 0.00151991 0)
(1.23446 0.00096036 0)
(1.23336 0.00131664 0)
(1.23402 0.000791002 0)
(1.23288 0.00108786 0)
(1.23368 0.000603184 0)
(1.23254 0.000877873 0)
(1.23214 0.000613348 0)
(1.00154 -0.00757794 0)
(1.0005 -0.00456978 0)
(1.00618 -0.0148405 0)
(1.00348 -0.0138456 0)
(1.01359 -0.0212164 0)
(1.01023 -0.0223163 0)
(1.0232 -0.0263309 0)
(1.01992 -0.0293032 0)
(1.0344 -0.0300657 0)
(1.03157 -0.0345612 0)
(1.0466 -0.0324501 0)
(1.04446 -0.038117 0)
(1.05933 -0.0335756 0)
(1.05802 -0.0400859 0)
(1.07213 -0.0335526 0)
(1.07181 -0.0406205 0)
(1.08462 -0.0324846 0)
(1.08535 -0.0398592 0)
(1.09648 -0.0304583 0)
(1.09828 -0.037935 0)
(1.10742 -0.0275209 0)
(1.11032 -0.0349535 0)
(1.11716 -0.0236668 0)
(1.12123 -0.0309397 0)
(1.12544 -0.0188399 0)
(1.13074 -0.0258623 0)
(1.13197 -0.0129496 0)
(1.1386 -0.0196404 0)
(1.13647 -0.0057995 0)
(1.14456 -0.0121629 0)
(1.13852 0.00292008 0)
(1.14838 -0.00312981 0)
(1.13772 0.013613 0)
(1.14969 0.00783931 0)
(1.13349 0.0268272 0)
(1.14809 0.0212671 0)
(1.12516 0.0432713 0)
(1.1431 0.0378216 0)
(1.1119 0.0638805 0)
(1.13412 0.0583611 0)
(1.09267 0.0899164 0)
(1.12045 0.0840283 0)
(1.06619 0.123113 0)
(1.10126 0.116374 0)
(1.03085 0.165905 0)
(1.07554 0.157525 0)
(0.984685 0.221782 0)
(1.04211 0.210463 0)
(0.925237 0.295798 0)
(0.999679 0.27941 0)
(0.84959 0.395414 0)
(0.946923 0.370427 0)
(0.754402 0.531579 0)
(0.882808 0.492345 0)
(0.635802 0.717193 0)
(0.807011 0.657879 0)
(0.482801 0.932975 0)
(0.722978 0.882189 0)
(0.243162 0.907537 9.22502e-17)
(0.620297 1.13363 0)
(-0.200745 0.442296 9.22502e-17)
(0.352815 1.05003 9.22502e-17)
(1.01428 0.0557517 0)
(-0.143621 0.435241 0)
(-0.0689256 0 0)
(0 -0.355165 0)
(-0.000314421 0 0)
(0 0.143139 0)
(1.66198e-06 0 0)
(0 0.00202749 0)
(3.60783e-06 0 0)
(0 -2.3314e-05 0)
(8.62354e-06 0 0)
(0 -1.10716e-07 0)
(1.89633e-05 0 0)
(0 -1.28695e-06 0)
(4.9051e-05 0 0)
(0 0.00326839 0)
(-0.0317943 0 0)
(0 -0.00531697 0)
(0.0917618 -0.00781465 0)
(-0.204934 0.253644 1.76415e-17)
(-0.460407 -0.01837 0)
(-0.370733 -0.0660402 1.86434e-16)
(-0.3557 -0.0709673 0)
(-0.276314 -0.11154 0)
(-0.200955 -0.194188 0)
(-0.104821 -0.22345 0)
(-0.0208718 -0.332733 0)
(0.104722 -0.372145 0)
(0.164702 -0.44233 0)
(0.306502 -0.497219 0)
(0.345897 -0.509637 0)
(0.48955 -0.57734 0)
(0.516254 -0.536594 0)
(0.652282 -0.613056 0)
(0.671494 -0.529739 0)
(0.795037 -0.610506 0)
(0.807729 -0.496594 0)
(0.916167 -0.577039 0)
(0.922398 -0.444752 0)
(1.015 -0.520669 0)
(1.01481 -0.382113 0)
(1.09207 -0.450073 0)
(1.08604 -0.316248 0)
(1.14904 -0.373902 0)
(1.13887 -0.253203 0)
(1.18894 -0.300096 0)
(1.17666 -0.196782 0)
(1.21554 -0.233563 0)
(1.20273 -0.148749 0)
(1.23215 -0.176726 0)
(1.22001 -0.109415 0)
(1.24162 -0.130106 0)
(1.23091 -0.0782422 0)
(1.24625 -0.0931003 0)
(1.23728 -0.0542129 0)
(1.24768 -0.0645324 0)
(1.24053 -0.036175 0)
(1.2472 -0.0430399 0)
(1.24174 -0.0230391 0)
(1.24561 -0.0273627 0)
(1.24167 -0.0137242 0)
(1.24349 -0.0162833 0)
(1.24083 -0.00730319 0)
(1.24117 -0.00860372 0)
(1.23963 -0.00307246 0)
(1.23893 -0.00355988 0)
(1.2383 -0.000473064 0)
(1.2369 -0.000418539 0)
(1.23699 0.00098806 0)
(1.23508 0.00136257 0)
(1.23577 0.00174361 0)
(1.23355 0.00225894 0)
(1.23467 0.00205599 0)
(1.23223 0.0026214 0)
(1.23373 0.00208237 0)
(1.23115 0.00263792 0)
(1.23295 0.00193975 0)
(1.23028 0.00245371 0)
(1.2323 0.00170886 0)
(1.22958 0.00216397 0)
(1.23178 0.00143922 0)
(1.22903 0.00183468 0)
(1.23138 0.00117161 0)
(1.2286 0.00149437 0)
(1.23106 0.000886313 0)
(1.22829 0.00119384 0)
(1.22796 0.000828325 0)
(1.00193 -0.0109989 0)
(1.00065 -0.00649613 0)
(1.00774 -0.0214479 0)
(1.00452 -0.0196543 0)
(1.01687 -0.030463 0)
(1.01318 -0.0314505 0)
(1.02848 -0.0375387 0)
(1.02535 -0.0409158 0)
(1.04175 -0.042585 0)
(1.03963 -0.0478326 0)
(1.05599 -0.0457114 0)
(1.05505 -0.0523535 0)
(1.07061 -0.0470871 0)
(1.07094 -0.0547082 0)
(1.08512 -0.0468859 0)
(1.08675 -0.0551254 0)
(1.09908 -0.0452793 0)
(1.10197 -0.0538227 0)
(1.11219 -0.0424175 0)
(1.11621 -0.0510475 0)
(1.12421 -0.0383762 0)
(1.12925 -0.0469669 0)
(1.13488 -0.0331566 0)
(1.14091 -0.0416141 0)
(1.14399 -0.0267148 0)
(1.15095 -0.0349697 0)
(1.15131 -0.0189534 0)
(1.15923 -0.0269598 0)
(1.15662 -0.00964325 0)
(1.1656 -0.0174739 0)
(1.15969 0.00158426 0)
(1.16993 -0.00620475 0)
(1.16024 0.0152205 0)
(1.17209 0.00729212 0)
(1.1579 0.031902 0)
(1.17186 0.0236032 0)
(1.15228 0.0524224 0)
(1.16898 0.0434472 0)
(1.14291 0.0778277 0)
(1.16322 0.0677268 0)
(1.12927 0.109532 0)
(1.15431 0.0976724 0)
(1.11074 0.149441 0)
(1.14198 0.1349 0)
(1.08671 0.20017 0)
(1.126 0.181563 0)
(1.05654 0.265344 0)
(1.10626 0.240626 0)
(1.01985 0.350051 0)
(1.08293 0.316105 0)
(0.976772 0.461517 0)
(1.05682 0.413504 0)
(0.928706 0.610011 0)
(1.02994 0.540411 0)
(0.879424 0.809228 0)
(1.00662 0.70716 0)
(0.835037 1.06389 0)
(0.994279 0.926575 0)
(0.767545 1.25113 0)
(1.00545 1.20112 0)
(0.442105 0.97992 0)
(0.976907 1.37547 0)
(0.752864 0.330955 0)
(0.60854 1.02251 0)
(0.730618 0 0)
(0.271738 -0.0194428 0)
(0.0177663 0 0)
(-0.0954692 -0.219659 1.30759e-18)
(0.00295267 0 0)
(0 0.119376 0)
(6.762e-06 0 0)
(0 0.0195243 0)
(2.01922e-05 0 0)
(0 0.00176403 0)
(5.99989e-05 0 0)
(0 0.00317339 0)
(-0.025019 0 0)
(0 -0.0128106 0)
(0.0304595 -0.0181231 1.76415e-17)
(-0.118449 0.454947 -6.9738e-17)
(-0.385896 -0.0731174 2.04075e-16)
(-0.214335 -0.112862 -7.63288e-17)
(-0.252028 -0.150766 1.86434e-16)
(-0.0702141 -0.236033 1.86434e-16)
(-0.0353332 -0.261033 0)
(0.143136 -0.328235 0)
(0.204881 -0.405672 0)
(0.404602 -0.463664 0)
(0.428586 -0.54069 0)
(0.641882 -0.595851 0)
(0.62561 -0.635983 0)
(0.836058 -0.694244 0)
(0.792566 -0.68372 0)
(0.986883 -0.744296 0)
(0.929832 -0.688564 0)
(1.10388 -0.750323 0)
(1.04034 -0.658242 0)
(1.19218 -0.721011 0)
(1.12518 -0.601305 0)
(1.25427 -0.661883 0)
(1.18689 -0.526315 0)
(1.29355 -0.582378 0)
(1.2285 -0.442322 0)
(1.31429 -0.491683 0)
(1.25366 -0.35829 0)
(1.32093 -0.399064 0)
(1.26686 -0.281026 0)
(1.31823 -0.313299 0)
(1.27179 -0.214082 0)
(1.30988 -0.238489 0)
(1.27142 -0.158601 0)
(1.29879 -0.176359 0)
(1.268 -0.114199 0)
(1.28677 -0.126684 0)
(1.26304 -0.0796783 0)
(1.2751 -0.0881371 0)
(1.25756 -0.0535635 0)
(1.26444 -0.0590548 0)
(1.25221 -0.0343956 0)
(1.25519 -0.0376887 0)
(1.24727 -0.0207525 0)
(1.24739 -0.0224295 0)
(1.24292 -0.0112666 0)
(1.24095 -0.0119335 0)
(1.23921 -0.00493101 0)
(1.23581 -0.00489177 0)
(1.23614 -0.000970649 0)
(1.2317 -0.000485359 0)
(1.23365 0.00136496 0)
(1.22856 0.00206714 0)
(1.23162 0.00259861 0)
(1.22609 0.00339101 0)
(1.22999 0.0031081 0)
(1.22421 0.0038946 0)
(1.2287 0.00317929 0)
(1.22276 0.00391233 0)
(1.22769 0.00299184 0)
(1.22166 0.00364785 0)
(1.2269 0.00266571 0)
(1.22084 0.00323665 0)
(1.2263 0.00228117 0)
(1.22022 0.0027655 0)
(1.22584 0.00188392 0)
(1.21977 0.00229292 0)
(1.2255 0.001513 0)
(1.21943 0.00183891 0)
(1.22524 0.00113404 0)
(1.2192 0.00145279 0)
(1.21897 0.000999526 0)
(1.00258 -0.0154039 0)
(1.00091 -0.00907173 0)
(1.01028 -0.0298309 0)
(1.00627 -0.0273602 0)
(1.02211 -0.0419586 0)
(1.01803 -0.0432791 0)
(1.03675 -0.0511878 0)
(1.03405 -0.0555523 0)
(1.05305 -0.0575475 0)
(1.05213 -0.064141 0)
(1.07011 -0.0612802 0)
(1.07093 -0.0694085 0)
(1.08718 -0.0626645 0)
(1.08963 -0.0717783 0)
(1.10368 -0.0619794 0)
(1.10758 -0.0716262 0)
(1.11915 -0.0595261 0)
(1.12418 -0.0692897 0)
(1.13331 -0.0555678 0)
(1.139 -0.0652115 0)
(1.14601 -0.0502073 0)
(1.15205 -0.0596638 0)
(1.15704 -0.0434424 0)
(1.16333 -0.0526462 0)
(1.16626 -0.0352433 0)
(1.17266 -0.0441864 0)
(1.17359 -0.0255384 0)
(1.1802 -0.0342908 0)
(1.17898 -0.0141374 0)
(1.18572 -0.0228668 0)
(1.18241 -0.000675011 0)
(1.18949 -0.00963243 0)
(1.18382 0.0153753 0)
(1.19167 0.00588105 0)
(1.18304 0.0347071 0)
(1.19208 0.0243798 0)
(1.17999 0.0581524 0)
(1.19091 0.0465039 0)
(1.17466 0.0867525 0)
(1.18824 0.0730579 0)
(1.16699 0.121927 0)
(1.18424 0.105341 0)
(1.15701 0.165557 0)
(1.17917 0.14488 0)
(1.14498 0.220112 0)
(1.17333 0.193591 0)
(1.13146 0.288878 0)
(1.16752 0.254143 0)
(1.11765 0.376244 0)
(1.16301 0.329916 0)
(1.10592 0.488082 0)
(1.16204 0.425241 0)
(1.10065 0.632196 0)
(1.16846 0.545673 0)
(1.10963 0.818661 0)
(1.18878 0.698187 0)
(1.14525 1.05755 0)
(1.23354 0.890956 0)
(1.21514 1.32326 0)
(1.31794 1.13122 0)
(1.19658 1.40693 0)
(1.44774 1.39403 0)
(0.814141 1.04693 0)
(1.46149 1.40495 0)
(0.340388 0.449769 1.30759e-18)
(1.16806 1.09894 0)
(0.277894 0.0821076 1.30759e-18)
(0.645643 0.49109 1.56032e-18)
(0.115636 0 0)
(0.492156 0.155126 -5.36503e-19)
(0.0604585 0 0)
(0.230577 0.488378 -7.53518e-17)
(0.0283368 0 0)
(0.043264 0.652442 2.79665e-32)
(0.00527961 0 0)
(0.14266 0.787993 0)
(0.31079 -0.0475486 -6.9738e-17)
(0.277256 0.946512 0)
(-0.135195 -0.158026 -1.63708e-16)
(0.204794 -0.220515 -8.96642e-17)
(0.0316716 -0.287148 -9.39703e-17)
(0.444511 -0.405603 -9.39703e-17)
(0.303025 -0.416503 0)
(0.646848 -0.507386 0)
(0.590484 -0.545074 0)
(0.907217 -0.615694 0)
(0.844579 -0.665915 0)
(1.13349 -0.717759 0)
(1.0461 -0.757663 0)
(1.30841 -0.797369 0)
(1.19254 -0.80647 0)
(1.42808 -0.840691 0)
(1.29635 -0.811863 0)
(1.50035 -0.848098 0)
(1.36579 -0.783315 0)
(1.54034 -0.819771 0)
(1.40668 -0.725794 0)
(1.55211 -0.761895 0)
(1.4241 -0.644317 0)
(1.54164 -0.679309 0)
(1.42287 -0.5492 0)
(1.51494 -0.581146 0)
(1.40855 -0.449893 0)
(1.47822 -0.477367 0)
(1.38689 -0.355336 0)
(1.43772 -0.377404 0)
(1.36222 -0.271673 0)
(1.39784 -0.288622 0)
(1.33749 -0.201345 0)
(1.3609 -0.213764 0)
(1.31445 -0.14485 0)
(1.32835 -0.153316 0)
(1.29399 -0.100987 0)
(1.30051 -0.106221 0)
(1.2765 -0.0678654 0)
(1.27737 -0.0706557 0)
(1.26203 -0.0434811 0)
(1.25864 -0.0445812 0)
(1.25033 -0.0259496 0)
(1.24381 -0.0259845 0)
(1.24102 -0.0137862 0)
(1.23232 -0.0131277 0)
(1.23377 -0.00570341 0)
(1.22355 -0.00467912 0)
(1.22827 -0.000554169 0)
(1.21705 0.000609625 0)
(1.2241 0.00247458 0)
(1.21225 0.00368728 0)
(1.22097 0.00403289 0)
(1.20878 0.00518832 0)
(1.21867 0.0046415 0)
(1.20629 0.00569895 0)
(1.21696 0.00466556 0)
(1.20451 0.00559917 0)
(1.21571 0.00435654 0)
(1.20325 0.00515891 0)
(1.21481 0.00387537 0)
(1.20237 0.00455229 0)
(1.21416 0.00332432 0)
(1.20176 0.0038878 0)
(1.21369 0.00276876 0)
(1.20135 0.00323077 0)
(1.21336 0.00224199 0)
(1.20108 0.00262289 0)
(1.21313 0.00177422 0)
(1.20089 0.00207079 0)
(1.21297 0.0013151 0)
(1.20078 0.00161455 0)
(1.20068 0.00109984 0)
(1.00373 -0.02144 0)
(1.00138 -0.0127976 0)
(1.01458 -0.0410421 0)
(1.00943 -0.0382167 0)
(1.03064 -0.0568963 0)
(1.02634 -0.05934 0)
(1.04973 -0.0684157 0)
(1.04812 -0.0746374 0)
(1.07012 -0.0758617 0)
(1.07116 -0.0845355 0)
(1.09054 -0.0797626 0)
(1.09361 -0.0898301 0)
(1.11013 -0.0806225 0)
(1.11451 -0.0913604 0)
(1.12815 -0.0788474 0)
(1.13315 -0.0896535 0)
(1.14403 -0.0749143 0)
(1.14908 -0.0851681 0)
(1.15772 -0.0692743 0)
(1.16194 -0.0788969 0)
(1.1694 -0.0621401 0)
(1.17237 -0.0713495 0)
(1.17901 -0.0536054 0)
(1.1807 -0.0622581 0)
(1.18662 -0.043634 0)
(1.18724 -0.0517898 0)
(1.1923 -0.0320479 0)
(1.19194 -0.0399772 0)
(1.19625 -0.0187268 0)
(1.19487 -0.0268092 0)
(1.19875 -0.00339526 0)
(1.19668 -0.0121311 0)
(1.19997 0.0145239 0)
(1.19766 0.00465476 0)
(1.19997 0.0356619 0)
(1.1979 0.0243796 0)
(1.19907 0.0607293 0)
(1.19788 0.0474036 0)
(1.19766 0.0908275 0)
(1.198 0.0744694 0)
(1.19616 0.127293 0)
(1.19872 0.106838 0)
(1.195 0.171619 0)
(1.20069 0.146046 0)
(1.19497 0.22595 0)
(1.20491 0.193619 0)
(1.19753 0.293101 0)
(1.2126 0.251584 0)
(1.20487 0.376423 0)
(1.22571 0.322576 -9.39675e-33)
(1.22052 0.480001 0)
(1.24709 0.409594 9.16898e-33)
(1.25014 0.608701 0)
(1.28121 0.516053 0)
(1.30276 0.767879 0)
(1.33481 0.645558 0)
(1.39254 0.962911 0)
(1.41845 0.801176 0)
(1.53961 1.1991 0)
(1.54612 0.984156 0)
(1.73789 1.38595 0)
(1.74162 1.19575 0)
(1.82229 1.39807 0)
(1.96718 1.32055 0)
(1.64329 1.16036 2.52732e-19)
(2.06977 1.27793 0)
(1.24399 0.704379 -2.83771e-19)
(2.0031 1.09709 2.52732e-19)
(0.770687 0.249027 -7.58883e-17)
(1.77191 0.723255 -5.36503e-19)
(0.286886 0.025311 -7.53518e-17)
(1.45603 0.307966 -7.53518e-17)
(0.209235 -0.0312712 2.79665e-32)
(1.20027 0.00898561 2.79665e-32)
(0.423816 -0.133055 0)
(1.24895 -0.224706 0)
(0.525171 -0.303178 -1.99263e-17)
(1.3679 -0.431452 0)
(0.763559 -0.48659 -1.99263e-17)
(1.41461 -0.54692 -1.99263e-17)
(1.02232 -0.628636 0)
(1.55594 -0.664368 0)
(1.26157 -0.721356 0)
(1.68589 -0.746632 0)
(1.45755 -0.795723 0)
(1.80458 -0.811677 0)
(1.59763 -0.849869 0)
(1.88597 -0.857832 0)
(1.68757 -0.87745 0)
(1.92852 -0.887311 0)
(1.73275 -0.879305 0)
(1.93431 -0.88587 0)
(1.74401 -0.854662 0)
(1.90628 -0.859358 0)
(1.72691 -0.798648 0)
(1.85912 -0.802676 0)
(1.68754 -0.716361 0)
(1.79104 -0.722524 0)
(1.63358 -0.616919 0)
(1.71121 -0.625349 0)
(1.57186 -0.509618 0)
(1.62703 -0.519429 0)
(1.50886 -0.404947 0)
(1.54522 -0.414364 0)
(1.44982 -0.310941 0)
(1.47056 -0.318365 0)
(1.39722 -0.231284 0)
(1.40543 -0.236022 0)
(1.35218 -0.166478 0)
(1.35046 -0.168722 0)
(1.31462 -0.115408 0)
(1.30537 -0.115762 0)
(1.28398 -0.0764881 0)
(1.26929 -0.0755816 0)
(1.25951 -0.0478369 0)
(1.24106 -0.0461854 0)
(1.24038 -0.0274522 0)
(1.21945 -0.0254503 0)
(1.22576 -0.0134493 0)
(1.20325 -0.0113661 0)
(1.21484 -0.00422895 0)
(1.19137 -0.0022029 0)
(1.2068 0.00149382 0)
(1.18285 0.00336021 0)
(1.20102 0.00474751 0)
(1.17687 0.00639201 0)
(1.19694 0.00631897 0)
(1.17277 0.00776813 0)
(1.19409 0.00679536 0)
(1.17001 0.00803863 0)
(1.19213 0.00661139 0)
(1.1682 0.00765969 0)
(1.19079 0.00606099 0)
(1.16703 0.00693201 0)
(1.1899 0.00533458 0)
(1.16632 0.00604733 0)
(1.18933 0.00455156 0)
(1.1659 0.00512944 0)
(1.18896 0.0037851 0)
(1.16569 0.00425124 0)
(1.18874 0.00307855 0)
(1.16559 0.00345174 0)
(1.18861 0.00244761 0)
(1.16557 0.00275124 0)
(1.18854 0.00190896 0)
(1.16559 0.00214098 0)
(1.18851 0.00139868 0)
(1.16562 0.00164956 0)
(1.16567 0.00111302 0)
(1.00595 -0.030264 0)
(1.00232 -0.0187493 0)
(1.02225 -0.0568514 0)
(1.01547 -0.0545165 0)
(1.0448 -0.0770476 0)
(1.04084 -0.0818904 0)
(1.06985 -0.0905864 0)
(1.07021 -0.0996824 0)
(1.09475 -0.0983364 0)
(1.09747 -0.109436 0)
(1.11763 -0.101285 0)
(1.12107 -0.112709 0)
(1.13761 -0.100257 0)
(1.14014 -0.111347 0)
(1.15416 -0.0959575 0)
(1.15465 -0.106197 0)
(1.16692 -0.0893151 0)
(1.16589 -0.0979305 0)
(1.17651 -0.0811469 0)
(1.1726 -0.0884931 0)
(1.18371 -0.0715451 0)
(1.17647 -0.0785447 0)
(1.18893 -0.0603993 0)
(1.17824 -0.0674826 0)
(1.19247 -0.0479858 0)
(1.17856 -0.0553277 0)
(1.19446 -0.0347065 0)
(1.17765 -0.041963 0)
(1.19531 -0.0204799 0)
(1.17608 -0.0276622 0)
(1.19552 -0.00454045 0)
(1.17446 -0.0123404 0)
(1.19551 0.0139194 0)
(1.17319 0.00466535 0)
(1.19573 0.0354159 0)
(1.17279 0.0241567 0)
(1.19661 0.0603618 0)
(1.17386 0.046521 0)
(1.19872 0.0895573 0)
(1.177 0.0723633 0)
(1.2028 0.124478 0)
(1.18278 0.102757 0)
(1.20994 0.166679 0)
(1.19212 0.138911 0)
(1.22148 0.217584 0)
(1.20637 0.182073 0)
(1.23913 0.279104 -9.39675e-33)
(1.22703 0.233933 0)
(1.26544 0.353616 -2.45899e-34)
(1.25621 0.296273 -9.39675e-33)
(1.30411 0.443564 9.16898e-33)
(1.2969 0.37092 9.16898e-33)
(1.36061 0.55127 0)
(1.35327 0.459551 0)
(1.44293 0.678324 0)
(1.43115 0.563237 0)
(1.56248 0.824377 0)
(1.53882 0.681632 0)
(1.73519 0.988993 0)
(1.68597 0.811444 0)
(1.98052 1.15194 0)
(1.89125 0.950418 0)
(2.23812 1.23998 0)
(2.15492 1.06295 0)
(2.43822 1.19727 0)
(2.41719 1.07783 0)
(2.55894 1.02399 0)
(2.63982 0.976374 0)
(2.52656 0.727958 0)
(2.75681 0.755634 0)
(2.37923 0.358565 0)
(2.77786 0.455295 0)
(2.25548 -0.00654881 0)
(2.72578 0.132732 0)
(2.19347 -0.312907 0)
(2.66496 -0.162693 0)
(2.16704 -0.524727 0)
(2.61674 -0.405016 0)
(2.18968 -0.66322 0)
(2.57388 -0.569564 0)
(2.21378 -0.760481 0)
(2.53806 -0.688472 0)
(2.23352 -0.824086 0)
(2.49967 -0.766371 0)
(2.23566 -0.864476 0)
(2.45505 -0.813812 0)
(2.2157 -0.888136 0)
(2.39959 -0.837878 0)
(2.17272 -0.890207 0)
(2.32253 -0.844328 0)
(2.10732 -0.8622 0)
(2.22705 -0.820475 0)
(2.02199 -0.805287 0)
(2.11282 -0.774028 0)
(1.92286 -0.724287 0)
(1.99062 -0.703541 0)
(1.81533 -0.62907 0)
(1.86053 -0.614994 0)
(1.70584 -0.5266 0)
(1.73031 -0.515858 0)
(1.60161 -0.424368 0)
(1.60753 -0.415205 0)
(1.50795 -0.328822 0)
(1.49799 -0.320702 0)
(1.42699 -0.244672 0)
(1.40435 -0.237407 0)
(1.35915 -0.174595 0)
(1.32737 -0.168182 0)
(1.30389 -0.119014 0)
(1.26605 -0.113463 0)
(1.26015 -0.0767882 0)
(1.21855 -0.0720168 0)
(1.22642 -0.0459571 0)
(1.1827 -0.0418507 0)
(1.20102 -0.0243077 0)
(1.15634 -0.0207883 0)
(1.18231 -0.00972056 0)
(1.13738 -0.00673905 0)
(1.16886 -0.000370415 0)
(1.12408 0.00208131 0)
(1.1594 0.0052013 0)
(1.11509 0.00725761 0)
(1.15292 0.00813029 0)
(1.10922 0.00983759 0)
(1.14864 0.00931659 0)
(1.10548 0.0106765 0)
(1.14585 0.00941052 0)
(1.10328 0.0105508 0)
(1.14413 0.00885292 0)
(1.10205 0.00976251 0)
(1.14311 0.00795372 0)
(1.10149 0.00867665 0)
(1.14257 0.00690386 0)
(1.10134 0.00748041 0)
(1.14232 0.00583184 0)
(1.10144 0.00628802 0)
(1.14227 0.00482081 0)
(1.10167 0.00518108 0)
(1.14233 0.00391216 0)
(1.10195 0.00419736 0)
(1.14243 0.00312128 0)
(1.10223 0.00334709 0)
(1.14255 0.00244351 0)
(1.10249 0.00262858 0)
(1.14267 0.00188218 0)
(1.10273 0.00202068 0)
(1.14278 0.00136587 0)
(1.10292 0.00154183 0)
(1.10311 0.00103275 0)
(1.01045 -0.0438541 0)
(1.00421 -0.0292015 0)
(1.0362 -0.0797503 0)
(1.02717 -0.0802621 0)
(1.06761 -0.104398 0)
(1.06428 -0.113302 0)
(1.09799 -0.11844 0)
(1.09794 -0.130066 0)
(1.12381 -0.123696 0)
(1.12203 -0.135251 0)
(1.14355 -0.122621 0)
(1.13999 -0.132451 0)
(1.15736 -0.117151 0)
(1.14919 -0.125159 0)
(1.16634 -0.107955 0)
(1.15236 -0.115175 0)
(1.17133 -0.0967718 0)
(1.15149 -0.102918 0)
(1.17261 -0.085783 0)
(1.14635 -0.0897742 0)
(1.17105 -0.0747451 0)
(1.13872 -0.0769886 0)
(1.16773 -0.0628088 0)
(1.12989 -0.0641585 0)
(1.16355 -0.0497351 0)
(1.12069 -0.051155 0)
(1.15925 -0.0353821 0)
(1.11207 -0.0376539 0)
(1.15523 -0.0200274 0)
(1.10474 -0.0236454 0)
(1.15202 -0.00366969 0)
(1.09919 -0.00913044 0)
(1.15028 0.0142418 0)
(1.09584 0.00639924 0)
(1.15074 0.0343892 0)
(1.09529 0.0237062 0)
(1.15399 0.0574546 0)
(1.09822 0.043267 0)
(1.16065 0.0842725 0)
(1.10525 0.065707 0)
(1.17152 0.115746 0)
(1.11708 0.0918845 0)
(1.18776 0.152858 0)
(1.13479 0.122671 0)
(1.2108 0.197048 0)
(1.15953 0.159034 0)
(1.24249 0.249834 0)
(1.19299 0.202236 0)
(1.2854 0.312503 0)
(1.23723 0.253362 0)
(1.34296 0.386204 0)
(1.29499 0.313364 0)
(1.41975 0.471471 0)
(1.36977 0.38276 0)
(1.52181 0.567552 0)
(1.46599 0.461179 0)
(1.65671 0.671252 0)
(1.58918 0.546734 0)
(1.83355 0.7771 0)
(1.74516 0.634599 0)
(2.06563 0.872109 0)
(1.94195 0.718334 0)
(2.34599 0.929595 0)
(2.18649 0.782599 0)
(2.62708 0.916705 0)
(2.46105 0.796735 0)
(2.86823 0.805185 0)
(2.72786 0.735226 0)
(3.03595 0.591345 0)
(2.94174 0.587912 0)
(3.12094 0.313946 0)
(3.1057 0.37031 0)
(3.12831 0.0297328 0)
(3.1729 0.125356 0)
(3.08075 -0.224221 0)
(3.18118 -0.115125 0)
(3.00146 -0.427005 0)
(3.1321 -0.325726 0)
(2.91483 -0.573826 0)
(3.04816 -0.482942 0)
(2.82028 -0.675452 0)
(2.94664 -0.593914 0)
(2.72175 -0.739864 0)
(2.8314 -0.667847 0)
(2.61826 -0.774349 0)
(2.70704 -0.71032 0)
(2.5052 -0.783983 0)
(2.5741 -0.724813 0)
(2.37509 -0.768085 0)
(2.42372 -0.714224 0)
(2.23329 -0.728427 0)
(2.26071 -0.678674 0)
(2.08184 -0.669446 0)
(2.08849 -0.622572 0)
(1.92771 -0.592938 0)
(1.91303 -0.549418 0)
(1.77624 -0.502192 0)
(1.7413 -0.463518 0)
(1.63325 -0.405707 0)
(1.58171 -0.372873 0)
(1.50482 -0.313132 0)
(1.4415 -0.286773 0)
(1.39493 -0.23097 0)
(1.32388 -0.210815 0)
(1.30512 -0.162496 0)
(1.22945 -0.147594 0)
(1.23451 -0.108359 0)
(1.15666 -0.0975766 0)
(1.1808 -0.0674507 0)
(1.10247 -0.0597545 0)
(1.14115 -0.0377946 0)
(1.06336 -0.0323582 0)
(1.11265 -0.0171953 0)
(1.03603 -0.0133588 0)
(1.09273 -0.00359633 0)
(1.01761 -0.000865417 0)
(1.07919 0.00481109 0)
(1.00568 0.00680121 0)
(1.07036 0.00953559 0)
(0.998321 0.0109125 0)
(1.06496 0.0117504 0)
(0.994237 0.0126527 0)
(1.06181 0.0122834 0)
(0.992372 0.0129953 0)
(1.06016 0.0118487 0)
(0.99174 0.0123241 0)
(1.0595 0.0108765 0)
(0.992001 0.0112105 0)
(1.05944 0.00957446 0)
(0.992703 0.00982165 0)
(1.05975 0.00819139 0)
(0.993638 0.00836881 0)
(1.06024 0.00685288 0)
(0.994633 0.0069839 0)
(1.0608 0.00562963 0)
(0.995593 0.00572727 0)
(1.06136 0.00455458 0)
(0.996461 0.00462911 0)
(1.06186 0.0036322 0)
(0.997216 0.00369155 0)
(1.0623 0.00285578 0)
(0.997854 0.00290484 0)
(1.06268 0.00220767 0)
(0.998378 0.00225439 0)
(1.06298 0.00168173 0)
(0.998806 0.00171496 0)
(1.06323 0.00120965 0)
(0.999126 0.00129343 0)
(0.999447 0.000860864 0)
(1.01974 -0.0663348 0)
(1.00909 -0.0489438 0)
(1.05955 -0.112965 0)
(1.04744 -0.120071 0)
(1.096 -0.138144 0)
(1.0878 -0.149754 0)
(1.12181 -0.146148 0)
(1.11094 -0.155868 0)
(1.1381 -0.143249 0)
(1.11753 -0.151545 0)
(1.14549 -0.134333 0)
(1.11534 -0.139841 0)
(1.14453 -0.123026 0)
(1.10325 -0.1242 0)
(1.13725 -0.110521 0)
(1.08506 -0.107893 0)
(1.1261 -0.0965306 0)
(1.06344 -0.0917649 0)
(1.11256 -0.0815665 0)
(1.04102 -0.0762365 0)
(1.09756 -0.066946 0)
(1.01925 -0.0619958 0)
(1.08267 -0.0531934 0)
(0.99926 -0.0492689 0)
(1.06902 -0.039935 0)
(0.981672 -0.0375005 0)
(1.05748 -0.0267879 0)
(0.967063 -0.0261109 0)
(1.04862 -0.0135013 0)
(0.955924 -0.0147841 0)
(1.04283 0.000301898 0)
(0.94858 -0.00334363 0)
(1.04063 0.0152244 0)
(0.945252 0.00859766 0)
(1.04253 0.03185 0)
(0.946378 0.0218081 0)
(1.04915 0.0507124 0)
(0.952536 0.0366458 0)
(1.06122 0.0724674 0)
(0.964357 0.0536342 0)
(1.07969 0.0978814 0)
(0.982663 0.0734111 0)
(1.1057 0.127798 0)
(1.00854 0.0966676 0)
(1.14059 0.163124 0)
(1.04325 0.124145 0)
(1.1862 0.204766 0)
(1.08839 0.156618 0)
(1.24482 0.253486 0)
(1.14595 0.194745 0)
(1.31925 0.309651 0)
(1.21829 0.238937 0)
(1.41291 0.37293 0)
(1.30818 0.289101 0)
(1.52977 0.441806 0)
(1.41868 0.34431 0)
(1.6742 0.512612 0)
(1.55307 0.402309 0)
(1.85016 0.579111 0)
(1.71419 0.458635 0)
(2.06179 0.630966 0)
(1.90402 0.506705 0)
(2.30792 0.651915 0)
(2.12311 0.536474 0)
(2.57116 0.624862 0)
(2.36426 0.533495 0)
(2.82104 0.538648 0)
(2.60961 0.485338 0)
(3.02329 0.388245 0)
(2.82765 0.385671 0)
(3.16071 0.195698 0)
(2.99873 0.232891 0)
(3.22709 -0.00644648 0)
(3.10137 0.0589703 0)
(3.22585 -0.200375 0)
(3.13886 -0.113882 0)
(3.16758 -0.364146 0)
(3.11022 -0.26746 0)
(3.07324 -0.486659 0)
(3.03013 -0.388599 0)
(2.95426 -0.572822 0)
(2.91341 -0.474936 0)
(2.81594 -0.627404 0)
(2.76882 -0.529528 0)
(2.66103 -0.652894 0)
(2.6015 -0.555403 0)
(2.49141 -0.650444 0)
(2.41535 -0.555201 0)
(2.30843 -0.621996 0)
(2.2145 -0.531237 0)
(2.11634 -0.570948 0)
(2.00541 -0.486586 0)
(1.91986 -0.501942 0)
(1.79591 -0.426095 0)
(1.72674 -0.420877 0)
(1.59582 -0.356298 0)
(1.54733 -0.336068 0)
(1.4137 -0.284108 0)
(1.39072 -0.256011 0)
(1.25772 -0.216257 0)
(1.26101 -0.186142 0)
(1.1308 -0.157066 0)
(1.15857 -0.128659 0)
(1.03205 -0.10838 0)
(1.08109 -0.0835359 0)
(0.958377 -0.0701089 0)
(1.02467 -0.0495772 0)
(0.905735 -0.0411544 0)
(0.985032 -0.0250965 0)
(0.869711 -0.0201201 0)
(0.958276 -0.00824428 0)
(0.846166 -0.00560292 0)
(0.941026 0.00273639 0)
(0.831729 0.00389101 0)
(0.930602 0.00938213 0)
(0.823871 0.00955873 0)
(0.924887 0.0128387 0)
(0.820413 0.0125158 0)
(0.922292 0.0139896 0)
(0.819719 0.0135075 0)
(0.921715 0.0138484 0)
(0.820726 0.0132296 0)
(0.922365 0.0130064 0)
(0.822715 0.0123456 0)
(0.923638 0.0116755 0)
(0.825081 0.0110508 0)
(0.925256 0.0101465 0)
(0.827579 0.0095928 0)
(0.926948 0.0086036 0)
(0.829981 0.00812957 0)
(0.92856 0.00715377 0)
(0.832166 0.00675614 0)
(0.930013 0.00585595 0)
(0.834071 0.00553066 0)
(0.931275 0.0047272 0)
(0.835691 0.00446558 0)
(0.932342 0.00376794 0)
(0.837039 0.00356191 0)
(0.933225 0.00296666 0)
(0.83814 0.0028083 0)
(0.933942 0.00230612 0)
(0.839027 0.00218773 0)
(0.934515 0.00176441 0)
(0.839728 0.00168169 0)
(0.934961 0.0013293 0)
(0.840279 0.00126836 0)
(0.935312 0.000946785 0)
(0.840685 0.000942872 0)
(0.841071 0.000626067 0)
(1.03953 -0.111051 0)
(1.0133 -0.0884746 0)
(1.08214 -0.157368 0)
(1.05556 -0.162677 0)
(1.10325 -0.165051 0)
(1.0677 -0.17087 0)
(1.10598 -0.159196 0)
(1.04943 -0.158597 0)
(1.09478 -0.147365 0)
(1.01421 -0.14034 0)
(1.07288 -0.129904 0)
(0.971686 -0.117948 0)
(1.0438 -0.10935 0)
(0.928284 -0.0951155 0)
(1.01092 -0.0893432 0)
(0.885778 -0.0750138 0)
(0.977975 -0.0718502 0)
(0.84672 -0.0588204 0)
(0.947594 -0.0570464 0)
(0.812669 -0.045856 0)
(0.920868 -0.0444989 0)
(0.783919 -0.0352698 0)
(0.898118 -0.033585 0)
(0.760278 -0.0265182 0)
(0.87955 -0.02364 0)
(0.741393 -0.0189334 0)
(0.865367 -0.0141563 0)
(0.727084 -0.0119276 0)
(0.855711 -0.00482016 0)
(0.717326 -0.00512831 0)
(0.850764 0.00463271 0)
(0.712198 0.00160283 0)
(0.850757 0.0147693 0)
(0.711639 0.00860466 0)
(0.856086 0.026111 0)
(0.716052 0.0164795 0)
(0.867334 0.038989 0)
(0.725963 0.0253968 0)
(0.88525 0.0539014 0)
(0.742003 0.0357177 0)
(0.910801 0.0714158 0)
(0.76504 0.0478603 0)
(0.94519 0.0921337 0)
(0.796201 0.0622775 0)
(0.989888 0.116665 0)
(0.836864 0.0794462 0)
(1.04668 0.145558 0)
(0.888681 0.0998307 0)
(1.11762 0.179177 0)
(0.953579 0.123796 0)
(1.20507 0.217513 0)
(1.03371 0.151492 0)
(1.31151 0.259915 0)
(1.13132 0.182663 0)
(1.4394 0.304738 0)
(1.2486 0.216412 0)
(1.59083 0.348856 0)
(1.38732 0.250884 0)
(1.76663 0.387266 0)
(1.54827 0.282828 0)
(1.9659 0.412909 0)
(1.73048 0.307443 0)
(2.18401 0.416398 0)
(1.93032 0.318361 0)
(2.40979 0.388084 0)
(2.1399 0.307717 0)
(2.62635 0.321846 0)
(2.34664 0.268776 0)
(2.81293 0.218045 0)
(2.53203 0.199089 0)
(2.94514 0.0879141 0)
(2.67551 0.100683 0)
(3.01462 -0.0518249 0)
(2.75875 -0.0105119 0)
(3.01945 -0.182422 0)
(2.77751 -0.11871 0)
(2.96597 -0.291676 0)
(2.73407 -0.213987 0)
(2.86496 -0.375139 0)
(2.63465 -0.287585 0)
(2.72495 -0.429547 0)
(2.49037 -0.334929 0)
(2.55252 -0.456099 0)
(2.31151 -0.357102 0)
(2.35411 -0.457396 0)
(2.10778 -0.356993 0)
(2.13718 -0.436536 0)
(1.88832 -0.338266 0)
(1.91059 -0.396961 0)
(1.66293 -0.304651 0)
(1.68503 -0.343362 0)
(1.44582 -0.26102 0)
(1.4722 -0.282479 0)
(1.24654 -0.213272 0)
(1.28302 -0.221454 0)
(1.07362 -0.167114 0)
(1.12436 -0.165666 0)
(0.930757 -0.125448 0)
(0.99799 -0.11811 0)
(0.818083 -0.0898866 0)
(0.901863 -0.0796828 0)
(0.733428 -0.0609394 0)
(0.83179 -0.0499387 0)
(0.672534 -0.0383074 0)
(0.782982 -0.027685 0)
(0.630505 -0.0213014 0)
(0.750767 -0.0115952 0)
(0.603408 -0.00893928 0)
(0.730781 -0.000490244 0)
(0.587679 -0.000134312 0)
(0.719675 0.00667029 0)
(0.579844 0.00550256 0)
(0.714657 0.0107964 0)
(0.577293 0.00890876 0)
(0.713732 0.0127212 0)
(0.578448 0.0104842 0)
(0.715337 0.013168 0)
(0.581604 0.0109102 0)
(0.718299 0.0127158 0)
(0.58582 0.0105452 0)
(0.721804 0.0117024 0)
(0.590419 0.00972447 0)
(0.72551 0.0103624 0)
(0.594947 0.00863965 0)
(0.729096 0.00892872 0)
(0.599185 0.00746527 0)
(0.732374 0.00753398 0)
(0.602985 0.00631386 0)
(0.735258 0.00624655 0)
(0.606282 0.005246 0)
(0.737723 0.00510252 0)
(0.609073 0.00429149 0)
(0.739787 0.00411475 0)
(0.611391 0.00346615 0)
(0.741485 0.0032796 0)
(0.613287 0.00276737 0)
(0.742861 0.00258547 0)
(0.614816 0.00218589 0)
(0.743961 0.00201588 0)
(0.616033 0.00170849 0)
(0.744828 0.00155277 0)
(0.616992 0.00132042 0)
(0.745502 0.0011777 0)
(0.617736 0.00100708 0)
(0.746017 0.000876598 0)
(0.618308 0.000754067 0)
(0.746408 0.00061942 0)
(0.618728 0.000551807 0)
(0.619103 0.000371798 0)
(1.05176 -0.154914 0)
(0.90322 -0.140232 0)
(1.04752 -0.183181 0)
(0.900314 -0.158435 0)
(1.01069 -0.168249 0)
(0.843235 -0.134042 0)
(0.955505 -0.143342 0)
(0.752291 -0.103414 0)
(0.891102 -0.113241 0)
(0.672208 -0.0759366 0)
(0.826951 -0.0844976 0)
(0.606903 -0.0537976 0)
(0.769622 -0.0617125 0)
(0.554624 -0.0377866 0)
(0.721102 -0.044974 0)
(0.512488 -0.026493 0)
(0.681077 -0.0329101 0)
(0.479241 -0.0187963 0)
(0.648737 -0.0240559 0)
(0.453315 -0.013516 0)
(0.623163 -0.0173125 0)
(0.43325 -0.00969586 0)
(0.603403 -0.0118848 0)
(0.417964 -0.00675811 0)
(0.588769 -0.00716564 0)
(0.4067 -0.00429898 0)
(0.578881 -0.00275511 0)
(0.399019 -0.00203972 0)
(0.573571 0.00150407 0)
(0.394808 0.000181256 0)
(0.572796 0.00585489 0)
(0.393975 0.00237724 0)
(0.576632 0.0106909 0)
(0.396438 0.00476922 0)
(0.585556 0.0162509 0)
(0.402627 0.00755526 0)
(0.600133 0.0227273 0)
(0.413007 0.0108189 0)
(0.621151 0.0303906 0)
(0.428157 0.0146993 0)
(0.649637 0.0395538 0)
(0.448878 0.0193732 0)
(0.686878 0.05055 0)
(0.476196 0.0250363 0)
(0.734426 0.0637116 0)
(0.511368 0.0318973 0)
(0.794096 0.0793233 0)
(0.555889 0.0401605 0)
(0.867906 0.0975409 0)
(0.611466 0.0499858 0)
(0.957971 0.118271 0)
(0.679948 0.0614263 0)
(1.0663 0.141006 0)
(0.763167 0.0743342 0)
(1.19448 0.164605 0)
(0.862685 0.088233 0)
(1.3432 0.187045 0)
(0.979405 0.102162 0)
(1.51153 0.205226 0)
(1.11298 0.114496 0)
(1.69609 0.214928 0)
(1.26108 0.122881 0)
(1.89019 0.211032 0)
(1.41854 0.124266 0)
(2.08289 0.188487 0)
(1.57687 0.11501 0)
(2.25944 0.144044 0)
(1.7243 0.0922264 0)
(2.40257 0.0786609 0)
(1.84533 0.0559622 0)
(2.49418 -0.00052564 0)
(1.92268 0.00906935 0)
(2.52408 -0.0794708 0)
(1.94687 -0.0404086 0)
(2.49033 -0.150351 0)
(1.91552 -0.0849626 0)
(2.39844 -0.2082 0)
(1.83169 -0.122096 0)
(2.25603 -0.245326 0)
(1.7037 -0.14517 0)
(2.07411 -0.260431 0)
(1.54493 -0.153015 0)
(1.86456 -0.255749 0)
(1.36788 -0.147549 0)
(1.63974 -0.235392 0)
(1.18946 -0.132169 0)
(1.41254 -0.204353 0)
(1.01195 -0.111066 0)
(1.19743 -0.168153 0)
(0.848451 -0.089541 0)
(1.00712 -0.131857 0)
(0.705909 -0.0707124 0)
(0.848008 -0.0991583 0)
(0.586969 -0.0541633 0)
(0.721193 -0.0716558 0)
(0.491824 -0.0402985 0)
(0.624326 -0.0492974 0)
(0.420292 -0.0285814 0)
(0.553365 -0.0316669 0)
(0.366832 -0.0189254 0)
(0.503845 -0.0180982 0)
(0.329844 -0.0114193 0)
(0.471018 -0.00799193 0)
(0.305893 -0.0054803 0)
(0.450867 -0.000939425 0)
(0.291516 -0.00115083 0)
(0.440309 0.00376773 0)
(0.284363 0.00161842 0)
(0.43668 0.00680643 0)
(0.282538 0.00349464 0)
(0.43753 0.00857975 0)
(0.284196 0.00465236 0)
(0.441203 0.00926826 0)
(0.287993 0.00523611 0)
(0.446403 0.00914748 0)
(0.293046 0.00528372 0)
(0.452224 0.00857711 0)
(0.298497 0.00508893 0)
(0.458089 0.0077225 0)
(0.303917 0.00467993 0)
(0.463664 0.00676333 0)
(0.309039 0.00414981 0)
(0.468728 0.00579745 0)
(0.313667 0.00357562 0)
(0.473171 0.00487833 0)
(0.317711 0.00302148 0)
(0.476977 0.00403869 0)
(0.321135 0.00250833 0)
(0.480168 0.00329543 0)
(0.32402 0.00205472 0)
(0.482798 0.00265518 0)
(0.326396 0.00166098 0)
(0.484937 0.00211582 0)
(0.328326 0.00132736 0)
(0.486654 0.00166889 0)
(0.329874 0.0010499 0)
(0.488018 0.00130337 0)
(0.331103 0.000822351 0)
(0.489088 0.00100739 0)
(0.332068 0.000637811 0)
(0.489919 0.000769351 0)
(0.332819 0.00048939 0)
(0.490556 0.000578553 0)
(0.333394 0.00037068 0)
(0.491034 0.00042532 0)
(0.33383 0.000275875 0)
(0.491387 0.000301031 0)
(0.334152 0.00019896 0)
(0.334426 0.00014423 0)
(0.859768 -0.0532955 0)
(0.701333 -0.0846677 0)
(0.567291 -0.0660873 0)
(0.463876 -0.0366222 0)
(0.38794 -0.0189358 0)
(0.334142 -0.01025 0)
(0.296355 -0.00548828 0)
(0.269862 -0.00282474 0)
(0.251066 -0.00137921 0)
(0.23755 -0.000572795 0)
(0.227854 -7.52789e-05 0)
(0.221096 0.000291424 0)
(0.216797 0.00063202 0)
(0.214757 0.000995967 0)
(0.214938 0.00143655 0)
(0.217315 0.0019864 0)
(0.222085 0.00265264 0)
(0.22964 0.0034688 0)
(0.240458 0.00448451 0)
(0.255157 0.00575845 0)
(0.27453 0.00735106 0)
(0.299566 0.00932744 0)
(0.331463 0.0117538 0)
(0.371623 0.0146845 0)
(0.421609 0.0181401 0)
(0.483035 0.0220727 0)
(0.557369 0.0263155 0)
(0.645602 0.030518 0)
(0.747764 0.0340696 0)
(0.862259 0.0360509 0)
(0.98514 0.0352263 0)
(1.10941 0.0300859 0)
(1.22442 0.0194325 0)
(1.31664 0.00403211 0)
(1.3726 -0.0149223 0)
(1.38167 -0.0339526 0)
(1.34126 -0.0503062 0)
(1.2563 -0.062631 0)
(1.13421 -0.0674301 0)
(0.989036 -0.0638791 0)
(0.836021 -0.0542713 0)
(0.688472 -0.0420479 0)
(0.556303 -0.0280163 0)
(0.445237 -0.0152559 0)
(0.355696 -0.0079371 0)
(0.284983 -0.00457333 0)
(0.23082 -0.00335847 0)
(0.190521 -0.00271139 0)
(0.16194 -0.00124895 0)
(0.143015 2.36693e-05 0)
(0.131595 0.00064404 0)
(0.126115 0.00112561 0)
(0.124964 0.00136186 0)
(0.126582 0.00143341 0)
(0.130077 0.00147058 0)
(0.134729 0.00142779 0)
(0.139965 0.00138064 0)
(0.145249 0.00140375 0)
(0.150338 0.00143503 0)
(0.155017 0.00137846 0)
(0.159167 0.00120306 0)
(0.162743 0.000989239 0)
(0.165764 0.000806587 0)
(0.168272 0.000656716 0)
(0.170327 0.000524633 0)
(0.171988 0.000414297 0)
(0.173315 0.000324012 0)
(0.174365 0.000251136 0)
(0.175187 0.000192862 0)
(0.175825 0.000146609 0)
(0.176315 0.00011008 0)
(0.176685 8.11993e-05 0)
(0.176961 5.76257e-05 0)
(0.17716 4.44825e-05 0)
)
;

boundaryField
{
    ibCylinder
    {
        type            immersedBoundary;
        value           nonuniform List<vector> 
44
(
(-0.491557 -2.49374e-17 -1.82413e-34)
(-0.491557 0 0)
(-0.491557 1.37457e-17 2.35656e-33)
(-0.491557 1.73446e-18 -4.17555e-49)
(-0.491557 0 0)
(-0.491557 0 0)
(-0.491557 0 0)
(-0.491557 0 0)
(-0.491557 -2.3902e-17 -3.99668e-33)
(-0.491557 0 0)
(-0.491557 0 0)
(-0.491557 -3.45681e-17 0)
(-0.491557 0 0)
(-0.491557 -3.43055e-17 4.25431e-32)
(-0.491557 -2.52366e-17 -8.81119e-33)
(-0.491557 0 0)
(-0.491557 0 0)
(-0.491557 0 0)
(-0.491557 0 0)
(-0.491557 8.73113e-18 -9.39835e-33)
(-0.491557 0 0)
(-0.491557 0 0)
(-0.491557 0 0)
(-0.491557 -8.73113e-18 9.39835e-33)
(-0.491557 0 0)
(-0.491557 0 0)
(-0.491557 0 0)
(-0.491557 2.52366e-17 8.81119e-33)
(-0.491557 0 0)
(-0.491557 0 0)
(-0.491557 3.45681e-17 0)
(-0.491557 0 0)
(-0.491557 3.43055e-17 -4.25431e-32)
(-0.491557 0 0)
(-0.491557 2.3902e-17 8.23379e-33)
(-0.491557 0 0)
(-0.491557 4.27904e-17 1.47451e-32)
(-0.491557 2.49374e-17 1.82413e-34)
(-0.491557 0 0)
(-0.491557 -1.37457e-17 -2.35656e-33)
(-0.491557 0 0)
(-0.491557 1.36651e-17 -4.74333e-33)
(-0.491557 0 0)
(-0.491557 0 0)
)
;
        value           nonuniform List<vector> 0();
    }
    in
    {
        type            calculated;
        value           uniform (1 0 0);
    }
    out
    {
        type            calculated;
        value           nonuniform List<vector> 
25
(
(0.177304 -4.21528e-05 0)
(0.491612 -0.000245165 0)
(0.746658 -0.000495515 0)
(0.935542 -0.00075523 0)
(1.0634 -0.000968486 0)
(1.14286 -0.0010984 0)
(1.18849 -0.00113051 0)
(1.21287 -0.00106946 0)
(1.22507 -0.000927509 0)
(1.23085 -0.000728135 0)
(1.23344 -0.000497397 0)
(1.23451 -0.000251592 0)
(1.23479 4.52248e-09 0)
(1.23451 0.000251584 0)
(1.23344 0.000497383 0)
(1.23085 0.000728098 0)
(1.22507 0.000927443 0)
(1.21287 0.00106936 0)
(1.1885 0.00113036 0)
(1.14286 0.00109823 0)
(1.0634 0.000968342 0)
(0.935547 0.000755129 0)
(0.746662 0.00049545 0)
(0.491614 0.000245132 0)
(0.177304 4.21256e-05 0)
)
;
    }
    top
    {
        type            calculated;
        value           uniform (0 0 0);
    }
    bottom
    {
        type            calculated;
        value           uniform (0 0 0);
    }
    frontAndBack
    {
        type            empty;
        value           nonuniform List<vector> 0();
    }
}


// ************************************************************************* //
