/*--------------------------------*- C++ -*----------------------------------*\
| =========                 |                                                 |
| \\      /  F ield         | OpenFOAM: The Open Source CFD Toolbox           |
|  \\    /   O peration     | Version:  2206                                  |
|   \\  /    A nd           | Website:  www.openfoam.com                      |
|    \\/     M anipulation  |                                                 |
\*---------------------------------------------------------------------------*/
FoamFile
{
    version     2.0;
    format      ascii;
    arch        "LSB;label=32;scalar=64";
    class       surfaceScalarField;
    location    "0.5";
    object      phi;
}
// * * * * * * * * * * * * * * * * * * * * * * * * * * * * * * * * * * * * * //

dimensions      [0 3 -1 0 0 0 0];

oriented        oriented;

internalField   nonuniform List<scalar> 
3650
(
0.00275098
0.000449022
0.00224354
0.000507442
0.00181418
0.000429358
0.00148287
0.000331311
0.00123955
0.000243319
0.00106745
0.000172097
0.000946988
0.000120467
0.000863138
8.38497e-05
0.000804623
5.85163e-05
0.000763691
4.0933e-05
0.00073557
2.81215e-05
0.000717217
1.83547e-05
0.000706519
1.0699e-05
0.000701969
4.55053e-06
0.00070233
-3.60181e-07
0.000706475
-4.14505e-06
0.000714236
-7.7603e-06
0.000725492
-1.12561e-05
0.000740373
-1.48807e-05
0.000759271
-1.88981e-05
0.000782853
-2.3581e-05
0.000812068
-2.92164e-05
0.000848157
-3.60863e-05
0.000892576
-4.44205e-05
0.000946969
-5.43893e-05
0.00101304
-6.60697e-05
0.00109243
-7.93934e-05
0.00118646
-9.40297e-05
0.00129564
-0.000109184
0.00141908
-0.000123436
0.00155364
-0.000134569
0.00169307
-0.000139429
0.00182699
-0.000133926
0.00194147
-0.000114478
0.0020211
-7.96343e-05
0.00205187
-3.07691e-05
0.0020312
2.06716e-05
0.00196032
7.08781e-05
0.00184556
0.000114758
0.00170064
0.000144921
0.00154241
0.000158245
0.00138719
0.000155216
0.00124576
0.000141434
0.00112283
0.000122928
0.00101982
0.000103014
0.000936125
8.36956e-05
0.000869904
6.6224e-05
0.000818686
5.12174e-05
0.000779842
3.8845e-05
0.00075087
2.89725e-05
0.000729581
2.12902e-05
0.000714155
1.54266e-05
0.00070312
1.10351e-05
0.000695314
7.80588e-06
0.000689853
5.46134e-06
0.00068608
3.77256e-06
0.000683511
2.56975e-06
0.000681788
1.72198e-06
0.000680658
1.13054e-06
0.000679935
7.22859e-07
0.000679489
4.45367e-07
0.00067923
2.58685e-07
0.000679095
1.35604e-07
0.000679038
5.65029e-08
0.00067903
7.99232e-09
0.00067905
-2.02899e-08
0.000679085
-3.44689e-08
0.000679125
-4.01586e-08
0.000679165
-3.98054e-08
0.000679201
-3.61206e-08
0.000679231
-3.03276e-08
0.000679255
-2.36085e-08
0.00067927
-1.54546e-08
0.000679277
-6.63153e-09
5.30579e-09
0.00336539
0.000283636
0.00335133
0.000521501
0.00323302
0.00054767
0.00305607
0.000508261
0.00285015
0.000449236
0.00264592
0.000376328
0.00246473
0.000301657
0.00231329
0.000235291
0.00219114
0.000180669
0.00209558
0.000136493
0.00202346
0.000100243
0.00197134
7.04746e-05
0.00193595
4.60868e-05
0.00191448
2.60224e-05
0.0019046
9.51864e-06
0.00190424
-3.78789e-06
0.00191179
-1.5301e-05
0.00192679
-2.6263e-05
0.00194909
-3.7178e-05
0.00197895
-4.87552e-05
0.00201715
-6.17862e-05
0.00206501
-7.70724e-05
0.00212432
-9.53961e-05
0.00219725
-0.000117347
0.00228629
-0.000143429
0.00239409
-0.00017387
0.00252333
-0.000208635
0.00267642
-0.000247117
0.00285493
-0.000287694
0.00305881
-0.000327323
0.00328532
-0.000361077
0.00352756
-0.000381671
0.00377245
-0.000378821
0.00399979
-0.000341814
0.00418524
-0.000265081
0.00430185
-0.000147377
0.00433018
-7.6593e-06
0.00427024
0.000130814
0.00412297
0.000262025
0.00390227
0.000365624
0.00363359
0.000426935
0.00334721
0.000441595
0.00306912
0.000419523
0.00281725
0.000374799
0.00260026
0.000320009
0.00242065
0.000263306
0.00227671
0.000210159
0.00216432
0.000163612
0.00207832
0.000124842
0.00201355
9.37471e-05
0.00196537
6.94743e-05
0.00192991
5.08886e-05
0.00190403
3.69103e-05
0.00188526
2.65739e-05
0.00187172
1.90068e-05
0.001862
1.34923e-05
0.00185506
9.50842e-06
0.00185013
6.65132e-06
0.00184665
4.61207e-06
0.00184421
3.16536e-06
0.00184251
2.14533e-06
0.00184133
1.43028e-06
0.00184054
9.33385e-07
0.00184
5.92036e-07
0.00183965
3.61202e-07
0.00183942
2.08164e-07
0.00183928
1.09228e-07
0.00183919
4.72205e-08
0.00183914
1.06293e-08
0.00183911
-8.67853e-09
0.0018391
-1.60849e-08
0.00183909
-1.49448e-08
0.00183908
-7.47747e-09
0.00183907
4.62316e-09
2.23123e-08
0.00332636
0.000157274
0.00346232
0.000385543
0.00352938
0.000480606
0.00353767
0.000499978
0.0035016
0.000485301
0.00343163
0.000446304
0.00333932
0.000393962
0.00323607
0.000338549
0.00313422
0.000282513
0.00304224
0.000228478
0.00296372
0.000178759
0.00289994
0.000134264
0.00285078
9.52411e-05
0.00281548
6.13279e-05
0.00279294
3.2057e-05
0.00278196
7.18969e-06
0.00278083
-1.41663e-05
0.00278849
-3.39221e-05
0.00280484
-5.35307e-05
0.00282992
-7.38351e-05
0.00286419
-9.60573e-05
0.00290871
-0.000121589
0.00296522
-0.000151907
0.00303571
-0.000187838
0.00312269
-0.000230414
0.00322922
-0.000280394
0.00335874
-0.000338158
0.0035149
-0.000403277
0.00370112
-0.000473907
0.00391991
-0.000546119
0.00417184
-0.000613007
0.00445312
-0.000662942
0.0047512
-0.000676901
0.00504379
-0.000634403
0.00530468
-0.000525973
0.00549829
-0.000340986
0.00559033
-9.97016e-05
0.0055749
0.000146247
0.0054543
0.000382628
0.00523688
0.000583048
0.004949
0.000714816
0.00462436
0.00076624
0.00429215
0.000751735
0.00397848
0.000688468
0.00370099
0.000597495
0.00346712
0.000497183
0.00327742
0.000399853
0.00312818
0.000312853
0.00301343
0.000239596
0.00292666
0.000180517
0.00286187
0.000134261
0.00281402
9.87469e-05
0.00277894
7.19829e-05
0.00275333
5.21864e-05
0.00273467
3.76698e-05
0.00272113
2.70293e-05
0.00271133
1.93062e-05
0.00270425
1.37337e-05
0.00269915
9.71754e-06
0.00269548
6.83477e-06
0.00269285
4.77316e-06
0.00269098
3.30339e-06
0.00268965
2.26176e-06
0.00268871
1.52905e-06
0.00268805
1.01834e-06
0.0026876
6.65888e-07
0.00268728
4.25615e-07
0.00268706
2.64341e-07
0.00268691
1.58777e-07
0.00268681
9.23941e-08
0.00268674
5.35946e-08
0.00268669
3.48592e-08
0.00268665
3.01214e-08
0.00268662
3.69858e-08
5.18199e-08
0.00326306
9.42127e-05
0.00339018
0.000258427
0.00350637
0.000364412
0.00358827
0.000418079
0.00363954
0.000434035
0.00366209
0.000423756
0.00365748
0.000398565
0.0036329
0.000363132
0.0035958
0.000319616
0.00355072
0.000273559
0.00350167
0.000227812
0.00345415
0.000181784
0.00341195
0.00013744
0.00337696
9.63189e-05
0.00335047
5.85426e-05
0.00333274
2.4926e-05
0.00332359
-5.01945e-06
0.00332243
-3.276e-05
0.00332916
-6.02603e-05
0.00334402
-8.86994e-05
0.00336733
-0.000119362
0.00339981
-0.000154071
0.00344339
-0.000195491
0.00349969
-0.000244139
0.00357069
-0.000301411
0.00366029
-0.000369988
0.00377304
-0.000450912
0.00391418
-0.000544419
0.00408973
-0.000649455
0.00430619
-0.000762571
0.0045697
-0.000876524
0.0048812
-0.000974437
0.00522476
-0.00102046
0.00556957
-0.000979211
0.00588507
-0.000841475
0.00612498
-0.000580893
0.00624811
-0.000222826
0.00624997
0.000144387
0.00615078
0.000481813
0.00596069
0.000773149
0.00568883
0.000986671
0.00535977
0.00109531
0.00501165
0.00109986
0.00467379
0.00102633
0.00436824
0.000903041
0.00410728
0.000758148
0.00389377
0.000613363
0.00372499
0.000481631
0.00359481
0.00036978
0.00349613
0.000279198
0.00342232
0.000208066
0.00336779
0.000153281
0.00332788
0.000111896
0.00329868
8.13806e-05
0.00327731
5.90412e-05
0.00326178
4.25579e-05
0.00325049
3.05995e-05
0.00324226
2.19638e-05
0.00323627
1.57053e-05
0.00323192
1.11877e-05
0.00322876
7.93234e-06
0.00322647
5.58984e-06
0.00322482
3.91216e-06
0.00322363
2.71749e-06
0.00322278
1.87188e-06
0.00322217
1.27705e-06
0.00322173
8.61823e-07
0.00322142
5.74915e-07
0.0032212
3.79569e-07
0.00322104
2.49602e-07
0.00322093
1.66047e-07
0.00322085
1.16786e-07
0.00322079
9.08883e-08
0.00322074
8.60403e-08
9.07959e-08
0.00323337
6.08466e-05
0.00331556
0.000176229
0.00341573
0.000264247
0.00351235
0.000321461
0.0035938
0.000352584
0.00365504
0.000362519
0.00369656
0.000357039
0.00372159
0.000338101
0.00373215
0.000309064
0.00372948
0.000276225
0.00371768
0.000239617
0.00370008
0.000199381
0.00367928
0.000158245
0.0036575
0.000118094
0.00363745
7.85985e-05
0.00362092
4.14502e-05
0.00360912
6.77959e-06
0.00360285
-2.64918e-05
0.00360228
-5.9685e-05
0.00360793
-9.43472e-05
0.00362021
-0.000131641
0.00363925
-0.000173111
0.00366656
-0.000222804
0.00370441
-0.000281986
0.00375551
-0.000352517
0.0038242
-0.000438673
0.00391535
-0.000542058
0.00403582
-0.000664887
0.00419482
-0.000808455
0.0044039
-0.000971654
0.0046768
-0.00114942
0.00501423
-0.00131186
0.00537655
-0.00138278
0.00572504
-0.0013277
0.00602883
-0.00114527
0.0062376
-0.000789658
0.00632613
-0.000311351
0.00631411
0.000156401
0.00623555
0.00056038
0.00608647
0.00092223
0.00585942
0.00121372
0.00556711
0.00138762
0.00525274
0.00141422
0.00494043
0.00133864
0.00464965
0.00119382
0.0043959
0.0010119
0.00418614
0.000823118
0.00401917
0.000648606
0.00388957
0.000499382
0.00379094
0.000377826
0.00371705
0.000281956
0.00366244
0.000207888
0.0036227
0.000151638
0.00359356
0.00011052
0.00357219
8.04143e-05
0.00355677
5.79763e-05
0.00354554
4.1832e-05
0.00353731
3.01944e-05
0.00353129
2.17167e-05
0.0035269
1.5585e-05
0.00352368
1.11451e-05
0.00352134
7.93276e-06
0.00351963
5.61967e-06
0.00351839
3.96115e-06
0.00351748
2.777e-06
0.00351683
1.93483e-06
0.00351635
1.33907e-06
0.003516
9.20875e-07
0.00351575
6.30278e-07
0.00351557
4.31533e-07
0.00351544
2.9832e-07
0.00351534
2.13874e-07
0.00351527
1.6236e-07
0.00351521
1.42266e-07
1.32385e-07
0.00321902
4.18232e-05
0.00327108
0.000124173
0.00334301
0.000192321
0.00342275
0.000241715
0.00350159
0.000273743
0.00357313
0.000290982
0.00363429
0.000295878
0.00368271
0.000289685
0.0037176
0.000274176
0.00374093
0.000252887
0.00375462
0.000225934
0.00375982
0.000194183
0.00375785
0.000160208
0.00375176
0.000124188
0.00374346
8.68946e-05
0.00373435
5.05651e-05
0.00372567
1.54593e-05
0.00371871
-1.95324e-05
0.00371426
-5.52367e-05
0.00371299
-9.30721e-05
0.00371548
-0.00013413
0.00372208
-0.00017971
0.00373405
-0.000234773
0.00375455
-0.000302485
0.0037861
-0.000384069
0.00383175
-0.000484328
0.00389742
-0.000607724
0.00399146
-0.00075893
0.00412559
-0.000942588
0.00431587
-0.00116193
0.00458419
-0.00141774
0.00490069
-0.00162837
0.00518018
-0.00166227
0.00535837
-0.00150589
0.00548929
-0.00127618
0.00537996
-0.000680325
0.00523159
-0.00016298
0.0052363
0.00015169
0.00531312
0.000483553
0.0053606
0.000874749
0.00534368
0.00123065
0.00522558
0.00150571
0.00504765
0.00159216
0.00484149
0.0015448
0.0046206
0.00141471
0.00441211
0.00122039
0.00423274
0.00100249
0.00408846
0.000792882
0.00397655
0.000611294
0.00389204
0.000462339
0.00382926
0.000344728
0.00378302
0.000254129
0.00374915
0.000185507
0.00372456
0.000135115
0.00370706
9.79081e-05
0.00369447
7.05689e-05
0.00368516
5.11401e-05
0.00367831
3.70476e-05
0.00367328
2.67439e-05
0.00366957
1.93012e-05
0.00366684
1.38714e-05
0.00366485
9.92705e-06
0.00366339
7.08049e-06
0.00366231
5.0321e-06
0.00366153
3.56321e-06
0.00366095
2.51154e-06
0.00366053
1.76224e-06
0.00366022
1.2314e-06
0.00365999
8.58377e-07
0.00365982
5.99209e-07
0.0036597
4.21545e-07
0.00365961
3.04682e-07
0.00365954
2.28786e-07
0.00365949
1.93288e-07
1.68137e-07
0.00321195
2.98749e-05
0.00324669
8.94319e-05
0.00329801
0.000140997
0.00335893
0.000180803
0.00342377
0.000208899
0.00348818
0.000226578
0.00354897
0.000235088
0.00360329
0.000235365
0.00364908
0.000228387
0.00368645
0.000215513
0.00371522
0.00019717
0.00373554
0.000173862
0.00374823
0.000147513
0.00375437
0.000118048
0.00375525
8.60211e-05
0.00375311
5.26995e-05
0.00374905
1.95244e-05
0.00374368
-1.41681e-05
0.00373776
-4.93122e-05
0.00373183
-8.7139e-05
0.00372661
-0.00012891
0.00372352
-0.000176623
0.00372308
-0.000234328
0.00372596
-0.000305366
0.00373481
-0.000392925
0.00375309
-0.0005026
0.00378616
-0.000640798
0.00384217
-0.000814941
0.00393297
-0.00103338
0.00407451
-0.00130348
0.00428347
-0.0016267
0.00446005
-0.00180495
0.00443958
-0.0016418
0.00388119
-0.000947496
0.00190498
1.17579e-18
0.000865223
6.67171e-19
0.000619107
2.70793e-19
0.000938077
1.83471e-19
0.00184105
1.27871e-19
0.00327169
8.18281e-20
0.00384124
0.000661094
0.00420261
0.00114435
0.00433384
0.00146094
0.00434591
0.00153272
0.00428803
0.0014726
0.00419168
0.00131674
0.00408922
0.00110494
0.00399914
0.000882965
0.00392713
0.000683308
0.00387189
0.000517576
0.00383071
0.000385907
0.00380057
0.000284269
0.00377867
0.00020741
0.0037629
0.000150884
0.00375172
0.000109088
0.00374395
7.83347e-05
0.00373858
5.65147e-05
0.00373479
4.08371e-05
0.00373193
2.96016e-05
0.00372971
2.15278e-05
0.00372802
1.5559e-05
0.00372675
1.11913e-05
0.00372582
8.01713e-06
0.00372512
5.72874e-06
0.0037246
4.08131e-06
0.00372422
2.89481e-06
0.00372393
2.04702e-06
0.00372372
1.44315e-06
0.00372356
1.01631e-06
0.00372345
7.17048e-07
0.00372336
5.09052e-07
0.00372329
3.69319e-07
0.00372325
2.75697e-07
0.00372321
2.27706e-07
1.90036e-07
0.00320831
2.15668e-05
0.00323309
6.46544e-05
0.00327105
0.000103036
0.00331797
0.00013388
0.00337015
0.000156721
0.0034245
0.000172224
0.00347844
0.000181155
0.00352969
0.000184107
0.0035765
0.000181579
0.00361789
0.000174125
0.00365301
0.000162054
0.0036812
0.000145674
0.00370297
0.000125739
0.00371854
0.000102475
0.0037279
7.66659e-05
0.00373173
4.88662e-05
0.00373139
1.98697e-05
0.00372763
-1.04063e-05
0.00372091
-4.2598e-05
0.00371156
-7.77821e-05
0.00370004
-0.00011739
0.00368697
-0.000163551
0.00367221
-0.000219568
0.00365604
-0.000289199
0.00364001
-0.000376891
0.00362612
-0.000488717
0.00361771
-0.000632386
0.00361997
-0.000817203
0.00364073
-0.00105415
0.0036878
-0.00135054
0.00372177
-0.00166066
0.00355709
-0.00164027
0.0018626
-0.000574216
3.09912e-18
6.90909e-19
1.49578e-18
-1.8364e-19
7.14018e-19
-5.34299e-20
6.121e-19
6.06751e-21
6.85595e-19
3.06393e-20
8.97543e-19
5.44308e-20
1.83294e-18
7.20818e-20
0.00194931
7.19586e-20
0.00291076
0.000436688
0.00336437
0.00100733
0.0036051
0.00129199
0.00373348
0.00134422
0.00378948
0.00126074
0.00380264
0.00109179
0.00379691
0.000888689
0.00378635
0.000693865
0.00377621
0.000527721
0.00376805
0.000394065
0.00376198
0.000290334
0.00375766
0.000211739
0.0037548
0.000153741
0.00375287
0.000111014
0.00375153
7.9671e-05
0.00375073
5.73162e-05
0.00375036
4.12104e-05
0.00375017
2.97873e-05
0.00375002
2.16826e-05
0.00374985
1.57258e-05
0.00374971
1.13358e-05
0.00374959
8.13405e-06
0.00374946
5.85603e-06
0.00374934
4.20077e-06
0.00374924
2.99924e-06
0.00374915
2.13361e-06
0.00374908
1.51292e-06
0.00374903
1.07224e-06
0.00374898
7.6139e-07
0.00374895
5.42995e-07
0.00374892
3.94398e-07
0.0037489
2.93365e-07
0.00374889
2.39173e-07
1.93558e-07
0.00320628
1.52914e-05
0.0032251
4.58278e-05
0.00325463
7.35123e-05
0.00329211
9.63949e-05
0.00333493
0.000113904
0.00338086
0.000126292
0.00342798
0.000134032
0.00347451
0.000137584
0.00351886
0.000137224
0.00355987
0.000133122
0.00359653
0.000125392
0.00362806
0.000114142
0.00365414
9.96574e-05
0.00367439
8.22301e-05
0.0036887
6.2358e-05
0.00369709
4.04738e-05
0.00369985
1.71092e-05
0.00369738
-7.93358e-06
0.00368986
-3.50777e-05
0.00367731
-6.52284e-05
0.00365964
-9.97206e-05
0.00363661
-0.000140524
0.00360756
-0.000190519
0.00357179
-0.000253429
0.00352882
-0.000333923
0.00347821
-0.0004381
0.0034196
-0.000573774
0.00335227
-0.000749875
0.00327416
-0.000976045
0.00316796
-0.00124435
0.0029616
-0.0014543
0.00147722
-0.000794904
3.05009e-18
8.18417e-19
6.29493e-19
-1.08901e-19
5.17808e-21
1.98697e-22
1.11471e-20
3.06154e-22
2.92318e-20
1.59124e-22
8.72234e-20
1.83035e-21
2.68606e-19
3.17011e-21
6.70817e-19
1.02493e-20
1.38327e-18
2.24551e-20
0.0019787
1.26628e-19
0.00249256
0.000493471
0.00287178
0.000912771
0.00313318
0.00108282
0.00331926
0.00107466
0.00344939
0.000961659
0.00353826
0.000799817
0.00359937
0.000632751
0.00364259
0.000484502
0.0036738
0.000362858
0.00369657
0.000267565
0.00371317
0.000195132
0.00372553
0.000141385
0.00373461
0.000101937
0.00374108
7.31992e-05
0.00374582
5.25728e-05
0.00374925
3.77813e-05
0.0037518
2.72373e-05
0.00375375
1.97313e-05
0.00375519
1.42856e-05
0.00375623
1.02961e-05
0.00375694
7.42215e-06
0.00375742
5.38166e-06
0.00375774
3.87287e-06
0.00375797
2.77085e-06
0.00375813
1.97477e-06
0.00375824
1.40884e-06
0.0037583
1.00439e-06
0.00375835
7.17209e-07
0.00375838
5.1341e-07
0.0037584
3.73382e-07
0.00375841
2.77322e-07
0.00375843
2.24068e-07
1.77212e-07
0.00320507
1.02256e-05
0.00322027
3.06287e-05
0.00324445
4.93285e-05
0.00327576
6.50816e-05
0.00331226
7.74112e-05
0.00335217
8.63758e-05
0.00339397
9.22336e-05
0.00343628
9.52747e-05
0.00347779
9.57166e-05
0.00351731
9.36021e-05
0.00355381
8.88914e-05
0.00358636
8.15905e-05
0.00361422
7.18021e-05
0.00363675
5.96953e-05
0.00365354
4.55649e-05
0.00366433
2.96862e-05
0.00366879
1.26554e-05
0.00366679
-5.93401e-06
0.00365814
-2.64304e-05
0.00364243
-4.95106e-05
0.00361897
-7.62687e-05
0.00358676
-0.000108309
0.00354422
-0.000147976
0.00348922
-0.000198434
0.00341907
-0.000263771
0.00333023
-0.000349264
0.00321789
-0.000461429
0.00307487
-0.00060686
0.0028893
-0.00079047
0.00263901
-0.000994056
0.00224846
-0.00106375
3.90438e-18
-8.84558e-05
7.18063e-19
-1.58969e-19
1.38144e-21
3.97229e-23
2.43933e-21
9.20835e-23
5.06673e-21
6.86781e-23
1.21394e-20
2.01268e-22
2.68882e-20
5.92829e-22
7.11373e-20
1.40543e-21
2.5014e-19
3.40502e-21
7.45765e-19
-4.82568e-22
1.38161e-18
-3.37801e-21
0.00194455
9.0937e-05
0.00230564
0.000551676
0.00262398
0.000764477
0.00289146
0.000807187
0.0031096
0.000743509
0.0032797
0.000629717
0.00340819
0.000504263
0.00350374
0.000388955
0.00357418
0.000292418
0.00362577
0.000215972
0.00366333
0.000157566
0.00369066
0.000114055
0.00371047
8.21312e-05
0.00372472
5.89492e-05
0.003735
4.22932e-05
0.00374241
3.03681e-05
0.00374779
2.18581e-05
0.00375173
1.5789e-05
0.0037546
1.14199e-05
0.00375665
8.24397e-06
0.00375812
5.94943e-06
0.00375919
4.31014e-06
0.00375996
3.10729e-06
0.0037605
2.22704e-06
0.00376088
1.59684e-06
0.00376114
1.1481e-06
0.00376133
8.19222e-07
0.00376146
5.8533e-07
0.00376155
4.19335e-07
0.00376162
3.05449e-07
0.00376167
2.26895e-07
0.00376171
1.80965e-07
1.41031e-07
0.00320435
5.87947e-06
0.00321737
1.76025e-05
0.00323828
2.84198e-05
0.00326572
3.76415e-05
0.00329817
4.49625e-05
0.00333417
5.03756e-05
0.0033724
5.40059e-05
0.00341167
5.60011e-05
0.00345089
5.65011e-05
0.00348897
5.5524e-05
0.00352486
5.30006e-05
0.00355755
4.89003e-05
0.0035861
4.32537e-05
0.00360966
3.61283e-05
0.00362756
2.767e-05
0.0036393
1.79434e-05
0.00364445
7.51252e-06
0.00364232
-3.80679e-06
0.00363241
-1.65165e-05
0.00361389
-3.09879e-05
0.00358557
-4.79492e-05
0.00354569
-6.8434e-05
0.00349171
-9.39917e-05
0.00342004
-0.000126761
0.0033258
-0.000169535
0.00320241
-0.000225873
0.0030409
-0.000299914
0.00282938
-0.000395346
0.00255248
-0.000513565
0.00219679
-0.000638362
0.000658067
-0.000497426
2.27117e-18
7.50489e-19
1.47578e-19
-4.2904e-21
8.70836e-22
3.64682e-23
1.51329e-21
-2.74165e-24
3.47728e-21
-8.45823e-26
7.57591e-21
1.33725e-22
1.65604e-20
2.16508e-22
4.00888e-20
3.65412e-22
1.2066e-19
3.28897e-22
4.26944e-19
-1.34813e-21
1.02115e-18
1.27386e-20
0.00162975
3.19553e-06
0.00192575
0.000255677
0.00225037
0.000439853
0.00256372
0.000493838
0.00283984
0.000467388
0.00306818
0.000401384
0.00324839
0.000324053
0.00338608
0.000251257
0.00348901
0.000189494
0.00356479
0.000140193
0.00362
0.000102347
0.00366
7.40632e-05
0.00368883
5.32966e-05
0.00370955
3.82325e-05
0.00372443
2.7408e-05
0.00373513
1.96651e-05
0.00374285
1.41412e-05
0.00374844
1.02003e-05
0.00375249
7.37121e-06
0.00375541
5.32524e-06
0.00375751
3.84665e-06
0.00375904
2.78387e-06
0.00376013
2.01048e-06
0.00376091
1.44485e-06
0.00376147
1.03702e-06
0.00376188
7.46262e-07
0.00376216
5.33075e-07
0.00376236
3.81379e-07
0.00376251
2.74251e-07
0.00376262
1.99745e-07
0.00376269
1.47778e-07
0.00376276
1.158e-07
8.91488e-08
0.00320396
1.92402e-06
0.00321581
5.74473e-06
0.00323494
9.29078e-06
0.00326025
1.23382e-05
0.00329044
1.47664e-05
0.00332424
1.65754e-05
0.00336045
1.78037e-05
0.00339795
1.84953e-05
0.00343576
1.86959e-05
0.00347287
1.84122e-05
0.00350825
1.76164e-05
0.00354086
1.62911e-05
0.00356967
1.44444e-05
0.00359371
1.20947e-05
0.00361209
9.28874e-06
0.00362402
6.00962e-06
0.00362915
2.3896e-06
0.00362674
-1.40177e-06
0.00361585
-5.62765e-06
0.00359541
-1.05428e-05
0.00356382
-1.63618e-05
0.0035188
-2.34139e-05
0.00345705
-3.22407e-05
0.00337389
-4.36006e-05
0.00326284
-5.84812e-05
0.0031151
-7.81362e-05
0.00291917
-0.000103979
0.002661
-0.000137168
0.00232498
-0.000177544
0.00190583
-0.000219217
5.63558e-18
-0.000133603
9.55188e-19
-4.92338e-20
3.74102e-22
2.28854e-23
6.51253e-22
-1.13264e-24
1.29196e-21
-1.98659e-25
2.86597e-21
7.49824e-23
5.18962e-21
9.14803e-24
1.13536e-20
2.76874e-23
2.73745e-20
9.29171e-23
8.2176e-20
3.04244e-22
3.13653e-19
-3.78951e-22
8.94878e-19
-1.71297e-21
0.000602188
3.46931e-20
0.00173447
6.64141e-05
0.00203209
0.000142236
0.00236042
0.000165506
0.00266853
0.00015927
0.00293196
0.000137959
0.00314418
0.00011183
0.00330857
8.68728e-05
0.00343248
6.5575e-05
0.00352412
4.85567e-05
0.003591
3.54662e-05
0.0036394
2.56646e-05
0.00367423
1.84637e-05
0.00369922
1.32414e-05
0.00371714
9.48904e-06
0.00373
6.80631e-06
0.00373925
4.89297e-06
0.00374592
3.52804e-06
0.00375074
2.54914e-06
0.00375422
1.84261e-06
0.00375674
1.33208e-06
0.00375856
9.64156e-07
0.00375987
6.96908e-07
0.00376081
5.01768e-07
0.00376149
3.60453e-07
0.00376198
2.59111e-07
0.00376232
1.85296e-07
0.00376257
1.3206e-07
0.00376275
9.43079e-08
0.00376289
6.79436e-08
0.00376298
4.94291e-08
0.00376306
3.72325e-08
2.696e-08
0.00320383
-1.90254e-06
0.00321529
-5.72111e-06
0.00323384
-9.25787e-06
0.00325848
-1.22974e-05
0.00328796
-1.4718e-05
0.00332106
-1.6521e-05
0.00335661
-1.77457e-05
0.00339354
-1.8437e-05
0.00343088
-1.86411e-05
0.00346766
-1.83654e-05
0.00350285
-1.75815e-05
0.00353542
-1.62712e-05
0.0035643
-1.44406e-05
0.0035885
-1.21068e-05
0.00360711
-9.31448e-06
0.00361916
-6.04599e-06
0.00362399
-2.43198e-06
0.00362123
1.35811e-06
0.00361001
5.5863e-06
0.00358897
1.05075e-05
0.00355627
1.63367e-05
0.00350945
2.34027e-05
0.00344496
3.2248e-05
0.00335773
4.36305e-05
0.00324071
5.85372e-05
0.00308437
7.82064e-05
0.00287636
0.000104039
0.00260205
0.000137142
0.00224715
0.000177362
0.00180905
0.000218882
5.06294e-18
0.000133436
7.52625e-19
4.80716e-20
2.79987e-22
-2.28736e-23
5.72543e-22
1.14489e-24
1.32431e-21
5.28451e-25
2.30296e-21
-9.36019e-23
4.83167e-21
-9.70494e-24
1.06927e-20
-2.78183e-23
2.31786e-20
-9.2875e-23
6.16691e-20
-3.04117e-22
2.20074e-19
3.79326e-22
7.92961e-19
4.91708e-21
1.22269e-18
-5.20314e-20
0.00167592
-6.74959e-05
0.00196051
-0.000142348
0.00229086
-0.000164849
0.00260897
-0.000158839
0.00288463
-0.000137701
0.00310814
-0.000111683
0.00328179
-8.67753e-05
0.00341288
-6.55116e-05
0.00350995
-4.85205e-05
0.00358087
-3.5448e-05
0.00363219
-2.56563e-05
0.00366911
-1.84601e-05
0.00369559
-1.3239e-05
0.00371457
-9.48603e-06
0.00372817
-6.8019e-06
0.00373795
-4.88721e-06
0.003745
-3.52113e-06
0.00375009
-2.54165e-06
0.00375377
-1.83497e-06
0.00375643
-1.32475e-06
0.00375835
-9.57433e-07
0.00375974
-6.91093e-07
0.00376074
-4.97029e-07
0.00376145
-3.57019e-07
0.00376197
-2.57102e-07
0.00376234
-1.84889e-07
0.0037626
-1.33267e-07
0.0037628
-9.72075e-08
0.00376294
-7.25393e-08
0.00376304
-5.58597e-08
0.00376312
-4.54761e-08
-3.76355e-08
0.00320396
-5.85826e-06
0.00321581
-1.75792e-05
0.00323494
-2.83871e-05
0.00326025
-3.76011e-05
0.00329044
-4.49145e-05
0.00332424
-5.03218e-05
0.00336045
-5.39489e-05
0.00339796
-5.5944e-05
0.00343576
-5.64479e-05
0.00347288
-5.54787e-05
0.00350826
-5.2967e-05
0.00354087
-4.88812e-05
0.00356968
-4.32504e-05
0.00359372
-3.61404e-05
0.0036121
-2.76956e-05
0.00362403
-1.79793e-05
0.00362916
-7.5546e-06
0.00362675
3.76285e-06
0.00361586
1.64743e-05
0.00359542
3.09514e-05
0.00356384
4.79215e-05
0.00351882
6.84191e-05
0.00345708
9.39926e-05
0.00337393
0.000126782
0.00326289
0.000169577
0.00311516
0.000225931
0.00291926
0.000299948
0.00266108
0.000395322
0.00232508
0.000513364
0.00190579
0.000638175
5.63679e-18
0.000497218
9.57195e-19
-7.56548e-19
3.73702e-22
2.63248e-21
6.47733e-22
-3.64036e-23
1.27456e-21
3.00742e-24
2.86053e-21
8.10727e-25
5.18962e-21
-1.33747e-22
1.13539e-20
-2.16351e-22
2.7376e-20
-3.65122e-22
8.21297e-20
-3.28172e-22
3.15363e-19
1.35078e-21
8.90892e-19
-9.47249e-21
0.000602262
-3.26968e-06
0.0017334
-0.000255612
0.00203078
-0.000439733
0.00235983
-0.000493897
0.00266828
-0.000467285
0.00293182
-0.000401244
0.00314411
-0.000323976
0.00330853
-0.000251199
0.00343247
-0.000189452
0.00352412
-0.000140166
0.003591
-0.000102333
0.0036394
-7.40554e-05
0.00367423
-5.32921e-05
0.00369922
-3.82288e-05
0.00371714
-2.74036e-05
0.00373
-1.96597e-05
0.00373925
-1.41346e-05
0.00374592
-1.01929e-05
0.00375074
-7.36343e-06
0.00375422
-5.31745e-06
0.00375674
-3.83926e-06
0.00375856
-2.77714e-06
0.00375987
-2.00474e-06
0.00376081
-1.44026e-06
0.00376149
-1.0337e-06
0.00376198
-7.44409e-07
0.00376232
-5.32789e-07
0.00376257
-3.8268e-07
0.00376275
-2.77182e-07
0.00376288
-2.04367e-07
0.00376298
-1.54172e-07
0.00376306
-1.23998e-07
-9.96958e-08
0.00320435
-1.0205e-05
0.00321737
-3.06061e-05
0.00323828
-4.92967e-05
0.00326573
-6.50422e-05
0.00329818
-7.73645e-05
0.00333418
-8.63236e-05
0.00337241
-9.21785e-05
0.00341168
-9.52199e-05
0.0034509
-9.5666e-05
0.00348898
-9.35594e-05
0.00352487
-8.886e-05
0.00355757
-8.15729e-05
0.00358612
-7.17996e-05
0.00360968
-5.97074e-05
0.00362758
-4.55901e-05
0.00363932
-2.97215e-05
0.00364447
-1.26971e-05
0.00364234
5.89e-06
0.00363243
2.63874e-05
0.00361391
4.9472e-05
0.00358559
7.62373e-05
0.00354572
0.000108287
0.00349175
0.000147966
0.0034201
0.000198438
0.00332589
0.000263787
0.00320253
0.000349284
0.00304106
0.000461423
0.00282958
0.000606805
0.00255265
0.000790304
0.00219701
0.000993811
0.000658151
0.00106368
2.28311e-18
8.85401e-05
1.49923e-19
1.5796e-19
8.70586e-22
-3.97361e-23
1.51339e-21
-9.20442e-23
3.47722e-21
-6.83487e-23
7.57624e-21
-2.0109e-22
1.65612e-20
-5.924e-22
4.0091e-20
-1.40442e-21
1.20662e-19
-3.40324e-21
4.26862e-19
4.93658e-22
1.01968e-18
3.40168e-21
0.00162929
-9.05499e-05
0.00192557
-0.000551895
0.00225022
-0.000764374
0.00256347
-0.000807154
0.00283971
-0.000743525
0.00306812
-0.000629651
0.00324836
-0.000504217
0.00338608
-0.000388915
0.00348902
-0.000292388
0.0035648
-0.00021595
0.00362002
-0.000157551
0.00366001
-0.000114045
0.00368884
-8.21232e-05
0.00370955
-5.89421e-05
0.00372443
-4.22858e-05
0.00373513
-3.03604e-05
0.00374285
-2.185e-05
0.00374844
-1.57807e-05
0.00375249
-1.14115e-05
0.0037554
-8.23592e-06
0.00375751
-5.94187e-06
0.00375903
-4.30343e-06
0.00376013
-3.10171e-06
0.00376091
-2.22269e-06
0.00376147
-1.59374e-06
0.00376187
-1.14653e-06
0.00376216
-8.19134e-07
0.00376236
-5.86789e-07
0.00376251
-4.22365e-07
0.00376261
-3.1011e-07
0.00376269
-2.33243e-07
0.00376276
-1.89042e-07
-1.51307e-07
0.00320507
-1.52718e-05
0.00322027
-4.58063e-05
0.00324445
-7.3482e-05
0.00327577
-9.63574e-05
0.00331226
-0.00011386
0.00335218
-0.000126242
0.00339398
-0.00013398
0.0034363
-0.000137533
0.00347781
-0.000137177
0.00351733
-0.000133083
0.00355383
-0.000125363
0.00358639
-0.000114126
0.00361424
-9.96557e-05
0.00363678
-8.22423e-05
0.00365357
-6.23824e-05
0.00366436
-4.05084e-05
0.00366881
-1.71496e-05
0.00366681
7.89007e-06
0.00365817
3.50346e-05
0.00364245
6.51881e-05
0.003619
9.96858e-05
0.0035868
0.000140495
0.00354426
0.000190498
0.00348929
0.000253414
0.00341917
0.00033391
0.00333037
0.000438079
0.00321807
0.000573725
0.00307509
0.000749786
0.00288949
0.00097591
0.002639
0.0012443
0.0022485
0.00145419
3.90602e-18
0.000795031
7.18621e-19
-8.1815e-19
1.38436e-21
1.09553e-19
2.44049e-21
-1.98644e-22
5.06729e-21
-3.05964e-22
1.21402e-20
-1.58805e-22
2.68912e-20
-1.82866e-21
7.11503e-20
-3.1681e-21
2.50156e-19
-1.02364e-20
7.45806e-19
-2.2493e-20
1.38159e-18
-1.26298e-19
0.00194468
-0.00049322
0.00230558
-0.000912799
0.00262395
-0.00108274
0.00289149
-0.0010747
0.00310962
-0.000961648
0.00327973
-0.000799767
0.00340823
-0.00063271
0.00350377
-0.000484463
0.00357421
-0.000362824
0.0036258
-0.000267538
0.00366336
-0.000195112
0.00369068
-0.000141369
0.00371048
-0.000101923
0.00372473
-7.31869e-05
0.003735
-5.25612e-05
0.00374241
-3.77704e-05
0.00374779
-2.7227e-05
0.00375173
-1.97215e-05
0.00375459
-1.42764e-05
0.00375665
-1.02877e-05
0.00375812
-7.41446e-06
0.00375919
-5.37498e-06
0.00375995
-3.86744e-06
0.0037605
-2.76677e-06
0.00376088
-1.97208e-06
0.00376114
-1.40757e-06
0.00376132
-1.00457e-06
0.00376145
-7.18868e-07
0.00376155
-5.16579e-07
0.00376162
-3.78072e-07
0.00376167
-2.83563e-07
0.00376171
-2.31901e-07
-1.87082e-07
0.00320628
-2.15487e-05
0.00322511
-6.46346e-05
0.00325463
-0.000103008
0.00329212
-0.000133846
0.00333494
-0.00015668
0.00338088
-0.000172179
0.003428
-0.000181108
0.00347453
-0.00018406
0.00351889
-0.000181536
0.0035599
-0.000174089
0.00359656
-0.000162028
0.0036281
-0.00014566
0.00365418
-0.000125739
0.00367443
-0.000102488
0.00368873
-7.66896e-05
0.00369712
-4.88991e-05
0.00369988
-1.99084e-05
0.00369741
1.03646e-05
0.00368989
4.2556e-05
0.00367734
7.77419e-05
0.00365967
0.000117354
0.00363665
0.000163519
0.0036076
0.000219539
0.00357185
0.000289171
0.0035289
0.000376858
0.00347831
0.000488671
0.00341971
0.000632316
0.00335241
0.000817087
0.00327423
0.0010541
0.00316814
0.00135039
0.00296178
0.00166055
0.00147731
0.0016405
3.05132e-18
0.0005743
6.30322e-19
-6.88783e-19
5.17978e-21
1.84921e-19
1.11488e-20
5.34513e-20
2.92362e-20
-6.07781e-21
8.72395e-20
-3.06454e-20
2.68615e-19
-5.44204e-20
6.7073e-19
-7.19616e-20
1.3834e-18
-7.21924e-20
0.00197858
-0.000436569
0.00249269
-0.00100733
0.0028718
-0.00129191
0.0031333
-0.00134424
0.00331933
-0.00126073
0.00344945
-0.00109177
0.00353832
-0.000888634
0.00359942
-0.000693811
0.00364264
-0.000527674
0.00367384
-0.000394026
0.0036966
-0.000290302
0.0037132
-0.000211712
0.00372555
-0.000153718
0.00373462
-0.000110994
0.00374109
-7.9653e-05
0.00374582
-5.73004e-05
0.00374925
-4.11964e-05
0.0037518
-2.97748e-05
0.00375375
-2.16715e-05
0.00375519
-1.57159e-05
0.00375623
-1.1327e-05
0.00375694
-8.12639e-06
0.00375741
-5.84953e-06
0.00375774
-4.19558e-06
0.00375797
-2.99544e-06
0.00375813
-2.13129e-06
0.00375823
-1.51199e-06
0.0037583
-1.07271e-06
0.00375834
-7.63257e-07
0.00375837
-5.46272e-07
0.00375839
-3.99092e-07
0.00375841
-2.9945e-07
0.00375843
-2.46695e-07
-2.02866e-07
0.00320831
-2.9859e-05
0.00323309
-8.94139e-05
0.00327105
-0.000140972
0.00331798
-0.000180772
0.00337016
-0.000208862
0.00342452
-0.000226538
0.00347846
-0.000235046
0.00352972
-0.000235323
0.00357654
-0.000228349
0.00361793
-0.000215482
0.00365305
-0.000197147
0.00368124
-0.000173851
0.00370302
-0.000147514
0.00371859
-0.00011806
0.00372794
-8.60435e-05
0.00373177
-5.27297e-05
0.00373143
-1.95601e-05
0.00372766
1.41299e-05
0.00372094
4.92731e-05
0.00371158
8.71011e-05
0.00370006
0.000128875
0.00368699
0.000176591
0.00367223
0.000234295
0.00365607
0.000305333
0.00364004
0.000392886
0.00362616
0.000502548
0.00361776
0.000640724
0.00362
0.000814841
0.00364082
0.00103329
0.00368786
0.00130335
0.00372168
0.00162672
0.00355726
0.00180493
0.00186287
0.00164178
3.09818e-18
0.000947767
1.49615e-18
-1.17448e-18
7.1402e-19
-6.66147e-19
6.12118e-19
-2.70267e-19
6.85504e-19
-1.83227e-19
8.97194e-19
-1.27636e-19
1.83243e-18
-8.15789e-20
0.00194939
-0.00066118
0.00291069
-0.00114407
0.00336444
-0.00146109
0.00360523
-0.00153269
0.00373359
-0.0014726
0.00378955
-0.00131669
0.00380267
-0.0011049
0.00379695
-0.000882907
0.00378639
-0.000683252
0.00377624
-0.000517527
0.00376808
-0.000385865
0.00376201
-0.000284232
0.00375767
-0.000207377
0.00375481
-0.000150855
0.00375288
-0.000109062
0.00375154
-7.83124e-05
0.00375073
-5.64954e-05
0.00375036
-4.08209e-05
0.00375017
-2.95878e-05
0.00375001
-2.15159e-05
0.00374985
-1.55488e-05
0.0037497
-1.11825e-05
0.00374959
-8.00965e-06
0.00374946
-5.72253e-06
0.00374934
-4.07644e-06
0.00374923
-2.89137e-06
0.00374915
-2.045e-06
0.00374908
-1.44253e-06
0.00374902
-1.01702e-06
0.00374898
-7.19094e-07
0.00374894
-5.12367e-07
0.00374892
-3.73947e-07
0.0037489
-2.81521e-07
0.00374889
-2.34831e-07
-1.98624e-07
0.00321195
-4.18109e-05
0.00324669
-0.000124156
0.00329802
-0.000192299
0.00335894
-0.000241688
0.00342379
-0.000273712
0.0034882
-0.000290948
0.00354899
-0.000295842
0.00360332
-0.00028965
0.00364912
-0.000274144
0.00368649
-0.00025286
0.00371526
-0.000225916
0.00373559
-0.000194175
0.00374828
-0.00016021
0.00375442
-0.000124201
0.0037553
-8.69153e-05
0.00375316
-5.05914e-05
0.00374909
-1.54918e-05
0.00374372
1.94999e-05
0.00373779
5.52027e-05
0.00373185
9.30389e-05
0.00372663
0.0001341
0.00372353
0.000179681
0.00372309
0.000234743
0.00372596
0.000302453
0.00373482
0.000384033
0.00375308
0.000484282
0.00378614
0.000607663
0.00384213
0.000758851
0.0039329
0.000942523
0.0040744
0.00116185
0.00428332
0.0014178
0.00445988
0.00162837
0.00443987
0.00166179
0.00388097
0.00150667
0.0019046
0.00127634
0.000865092
0.00068008
0.000619098
0.000162858
0.000938061
-0.00015168
0.001841
-0.000483519
0.00327165
-0.000874758
0.00384127
-0.00123081
0.00420257
-0.00150536
0.00433379
-0.00159231
0.00434593
-0.00154483
0.00428803
-0.0014147
0.00419169
-0.00122034
0.00408923
-0.00100244
0.00399915
-0.000792831
0.00392714
-0.000611242
0.00387191
-0.000462291
0.00383073
-0.000344685
0.00380058
-0.000254088
0.00377868
-0.00018547
0.0037629
-0.000135082
0.00375172
-9.78797e-05
0.00374395
-7.05447e-05
0.00373858
-5.11199e-05
0.00373479
-3.70308e-05
0.00373193
-2.67299e-05
0.0037297
-1.92894e-05
0.00372801
-1.38615e-05
0.00372675
-9.91864e-06
0.00372581
-7.07348e-06
0.00372512
-5.02638e-06
0.0037246
-3.55882e-06
0.00372422
-2.50849e-06
0.00372393
-1.76055e-06
0.00372372
-1.23104e-06
0.00372356
-8.59276e-07
0.00372344
-6.01342e-07
0.00372336
-4.24804e-07
0.00372329
-3.0911e-07
0.00372324
-2.34208e-07
0.00372321
-1.99746e-07
-1.75731e-07
0.00321903
-6.08377e-05
0.00327108
-0.000176213
0.00334301
-0.000264228
0.00342276
-0.000321438
0.00350161
-0.000352557
0.00357315
-0.00036249
0.00363432
-0.00035701
0.00368274
-0.000338073
0.00371764
-0.000309038
0.00374098
-0.000276204
0.00375467
-0.000239604
0.00375987
-0.000199377
0.00375791
-0.000158248
0.00375181
-0.000118105
0.00374351
-7.86165e-05
0.00373439
-4.14718e-05
0.00372571
-6.80625e-06
0.00371874
2.64662e-05
0.00371429
5.96586e-05
0.003713
9.43214e-05
0.00371549
0.000131617
0.00372208
0.000173088
0.00373404
0.00022278
0.00375453
0.000281961
0.00378607
0.000352489
0.00383171
0.000438637
0.00389736
0.000542015
0.00399138
0.000664836
0.00412549
0.000808412
0.00431571
0.000971626
0.00458413
0.00114937
0.00490062
0.00131188
0.00517947
0.00138293
0.00535808
0.00132807
0.00548948
0.00114494
0.00538008
0.000789486
0.00523157
0.000311366
0.00523623
-0.000156335
0.00531306
-0.000560347
0.00536049
-0.00092219
0.00534354
-0.00121385
0.00522562
-0.00138745
0.00504762
-0.00141431
0.00484146
-0.00133867
0.00462056
-0.0011938
0.00441208
-0.00101186
0.00423271
-0.000823078
0.00408844
-0.000648562
0.00397654
-0.000499338
0.00389203
-0.000377782
0.00382925
-0.000281912
0.00378301
-0.000207846
0.00374914
-0.000151601
0.00372455
-0.000110487
0.00370705
-8.03869e-05
0.00369446
-5.79534e-05
0.00368516
-4.18133e-05
0.0036783
-3.01791e-05
0.00367328
-2.17041e-05
0.00366956
-1.55744e-05
0.00366684
-1.11363e-05
0.00366484
-7.92529e-06
0.00366338
-5.6135e-06
0.00366231
-3.95613e-06
0.00366153
-2.77322e-06
0.00366095
-1.93225e-06
0.00366053
-1.33774e-06
0.00366022
-9.20714e-07
0.00365999
-6.3128e-07
0.00365982
-4.33613e-07
0.0036597
-3.01365e-07
0.00365961
-2.17883e-07
0.00365954
-1.67145e-07
0.00365949
-1.47806e-07
-1.38838e-07
0.00323337
-9.42059e-05
0.00331557
-0.000258414
0.00341574
-0.000364396
0.00351236
-0.00041806
0.00359382
-0.000434015
0.00365506
-0.000423735
0.00369659
-0.000398542
0.00372163
-0.000363111
0.00373219
-0.000319597
0.00372953
-0.000273544
0.00371773
-0.000227803
0.00370014
-0.000181782
0.00367933
-0.000137444
0.00365756
-9.63291e-05
0.0036375
-5.85566e-05
0.00362097
-2.49419e-05
0.00360916
5.0019e-06
0.00360288
3.27427e-05
0.0036023
6.02431e-05
0.00360794
8.86831e-05
0.0036202
0.000119347
0.00363923
0.000154056
0.00366654
0.000195476
0.00370437
0.000244122
0.00375547
0.000301392
0.00382414
0.000369964
0.00391527
0.000450884
0.00403572
0.000544388
0.0041947
0.000649429
0.00440376
0.000762568
0.00467664
0.000876485
0.00501408
0.000974436
0.0053765
0.00102051
0.00572528
0.000979295
0.00602883
0.00084139
0.0062375
0.000580813
0.006326
0.000222862
0.00631401
-0.000144341
0.00623547
-0.000481807
0.00608641
-0.000773126
0.00585927
-0.00098671
0.00556712
-0.0010953
0.00525268
-0.00109988
0.00494035
-0.00102633
0.00464957
-0.000903024
0.00439583
-0.000758116
0.00418609
-0.000613337
0.00401912
-0.000481593
0.00388953
-0.000369743
0.0037909
-0.000279158
0.00371702
-0.000208026
0.00366241
-0.000153244
0.00362267
-0.000111863
0.00359354
-8.13531e-05
0.00357217
-5.90184e-05
0.00355676
-4.25391e-05
0.00354553
-3.05842e-05
0.0035373
-2.19516e-05
0.00353129
-1.56953e-05
0.0035269
-1.11793e-05
0.00352369
-7.9253e-06
0.00352134
-5.5838e-06
0.00351964
-3.90714e-06
0.00351839
-2.71342e-06
0.00351749
-1.86886e-06
0.00351683
-1.27503e-06
0.00351635
-8.60836e-07
0.00351601
-5.74907e-07
0.00351576
-3.80531e-07
0.00351558
-2.51422e-07
0.00351544
-1.68633e-07
0.00351534
-1.20068e-07
0.00351527
-9.47438e-08
0.00351521
-9.04348e-08
-9.58994e-08
0.00326306
-0.00015727
0.00339018
-0.000385534
0.00350638
-0.000480594
0.00358829
-0.000499965
0.00363956
-0.000485286
0.00366211
-0.000446288
0.00365752
-0.000393946
0.00363294
-0.000338535
0.00359584
-0.000282501
0.00355077
-0.00022847
0.00350172
-0.000178756
0.0034542
-0.000134265
0.00341201
-9.52453e-05
0.00337701
-6.1335e-05
0.00335052
-3.20655e-05
0.00333278
-7.19857e-06
0.00332362
1.41576e-05
0.00332245
3.39137e-05
0.00332917
5.35231e-05
0.00334402
7.38285e-05
0.00336732
9.60516e-05
0.00339979
0.000121584
0.00344336
0.0001519
0.00349965
0.00018783
0.00357063
0.000230403
0.00366021
0.00028038
0.00377296
0.000338141
0.00391408
0.00040326
0.00408962
0.000473893
0.00430607
0.000546117
0.00456955
0.000612998
0.00488106
0.000662929
0.00522466
0.000676902
0.00556954
0.00063441
0.00588501
0.000525929
0.00612486
0.000340962
0.006248
9.97209e-05
0.00624989
-0.000146231
0.00615071
-0.000382621
0.00596062
-0.000583041
0.00568874
-0.000714829
0.00535969
-0.000766252
0.00501155
-0.000751742
0.00467369
-0.000688471
0.00436815
-0.000597488
0.0041072
-0.000497163
0.00389369
-0.000399828
0.00372492
-0.000312824
0.00359474
-0.000239564
0.00349607
-0.000180485
0.00342227
-0.000134231
0.00336775
-9.87195e-05
0.00332784
-7.19593e-05
0.00329866
-5.21668e-05
0.00327729
-3.76536e-05
0.00326177
-2.70162e-05
0.00325048
-1.92957e-05
0.00324225
-1.37255e-05
0.00323627
-9.71082e-06
0.00323192
-6.82918e-06
0.00322876
-4.76826e-06
0.00322648
-3.29916e-06
0.00322483
-2.25812e-06
0.00322364
-1.52614e-06
0.00322279
-1.01615e-06
0.00322218
-6.64475e-07
0.00322174
-4.2491e-07
0.00322143
-2.64385e-07
0.00322121
-1.59469e-07
0.00322105
-9.37081e-08
0.00322094
-5.53881e-08
0.00322085
-3.71042e-08
0.00322079
-3.27611e-08
0.00322074
-4.00122e-08
-5.54119e-08
0.00332636
-0.000283634
0.00346233
-0.000521495
0.00352939
-0.000547663
0.00353768
-0.000508253
0.00350162
-0.000449227
0.00343165
-0.000376318
0.00333936
-0.000301649
0.00323611
-0.000235285
0.00313427
-0.000180664
0.00304229
-0.00013649
0.00296378
-0.000100242
0.00289999
-7.04755e-05
0.00285083
-4.6089e-05
0.00281552
-2.60252e-05
0.00279298
-9.52157e-06
0.00278199
3.7857e-06
0.00278085
1.52992e-05
0.0027885
2.62618e-05
0.00280485
3.71778e-05
0.00282992
4.87559e-05
0.00286418
6.17873e-05
0.00290869
7.70733e-05
0.00296519
9.53958e-05
0.00303567
0.000117345
0.00312264
0.000143424
0.00322916
0.000173862
0.00335867
0.000208626
0.00351482
0.000247108
0.00370102
0.000287688
0.00391982
0.000327321
0.00417174
0.000361074
0.004453
0.000381664
0.00475108
0.000378813
0.00504369
0.0003418
0.00530457
0.000265055
0.00549817
0.000147361
0.00559023
7.66085e-06
0.00557481
-0.000130814
0.00545422
-0.000262026
0.0052368
-0.000365623
0.00494891
-0.000426939
0.00462426
-0.000441599
0.00429204
-0.000419525
0.00397837
-0.000374799
0.00370088
-0.000320002
0.00346701
-0.000263292
0.00327733
-0.000210142
0.00312809
-0.000163593
0.00301335
-0.000124822
0.00292659
-9.37277e-05
0.00286182
-6.94564e-05
0.00281397
-5.08729e-05
0.00277891
-3.6897e-05
0.0027533
-2.6563e-05
0.00273465
-1.89978e-05
0.00272112
-1.34851e-05
0.00271132
-9.50281e-06
0.00270424
-6.64709e-06
0.00269914
-4.60864e-06
0.00269547
-3.16247e-06
0.00269285
-2.14264e-06
0.00269098
-1.42789e-06
0.00268965
-9.31232e-07
0.00268871
-5.90315e-07
0.00268806
-3.59865e-07
0.0026876
-2.07306e-07
0.00268728
-1.08748e-07
0.00268707
-4.71697e-08
0.00268692
-1.08909e-08
0.00268682
8.08239e-09
0.00268674
1.52768e-08
0.00268669
1.38859e-08
0.00268665
6.18502e-09
0.00268662
-6.23471e-09
-2.43991e-08
0.00336539
-0.000449022
0.00335133
-0.000507439
0.00323302
-0.000429355
0.00305608
-0.000331308
0.00285017
-0.000243316
0.00264594
-0.000172094
0.00246476
-0.000120464
0.00231332
-8.38479e-05
0.00219117
-5.85149e-05
0.00209562
-4.09321e-05
0.00202349
-2.8121e-05
0.00197137
-1.83545e-05
0.00193598
-1.06989e-05
0.00191451
-4.55047e-06
0.00190463
3.60589e-07
0.00190427
4.14587e-06
0.0019118
7.76157e-06
0.00192681
1.12577e-05
0.0019491
1.48829e-05
0.00197895
1.89003e-05
0.00201715
2.35835e-05
0.00206501
2.9218e-05
0.00212431
3.60876e-05
0.00219723
4.44199e-05
0.00228626
5.43882e-05
0.00239405
6.60666e-05
0.00252329
7.93912e-05
0.00267637
9.40266e-05
0.00285487
0.000109183
0.00305875
0.000123437
0.00328526
0.000134568
0.00352749
0.000139425
0.00377238
0.000133919
0.00399971
0.000114467
0.00418514
7.96202e-05
0.00430175
3.0758e-05
0.00433009
-2.06775e-05
0.00427015
-7.08806e-05
0.00412289
-0.000114758
0.00390219
-0.000144923
0.00363349
-0.000158244
0.00334711
-0.000155214
0.00306901
-0.000141432
0.00281714
-0.000122927
0.00260015
-0.00010301
0.00242054
-8.36905e-05
0.00227662
-6.62173e-05
0.00216424
-5.12108e-05
0.00207825
-3.88378e-05
0.00201349
-2.89658e-05
0.00196531
-2.1284e-05
0.00192986
-1.54214e-05
0.00190399
-1.10306e-05
0.00188523
-7.80219e-06
0.00187169
-5.45828e-06
0.00186198
-3.77025e-06
0.00185504
-2.568e-06
0.00185012
-1.72076e-06
0.00184664
-1.12952e-06
0.0018442
-7.21975e-07
0.0018425
-4.4444e-07
0.00184133
-2.57844e-07
0.00184053
-1.34776e-07
0.00184
-5.58549e-08
0.00183964
-7.42797e-09
0.00183942
2.06122e-08
0.00183927
3.47265e-08
0.00183919
4.02319e-08
0.00183913
3.99151e-08
0.00183911
3.61007e-08
0.00183909
3.03032e-08
0.00183908
2.33957e-08
0.00183907
1.51909e-08
0.00183906
6.17309e-09
-6.1177e-09
0.00275098
0.00224354
0.00181418
0.00148288
0.00123956
0.00106747
0.000947002
0.000863154
0.000804639
0.000763707
0.000735586
0.000717231
0.000706532
0.000701982
0.000702343
0.000706488
0.00071425
0.000725507
0.000740389
0.000759287
0.000782869
0.000812084
0.000848169
0.000892587
0.000946973
0.00101304
0.00109243
0.00118646
0.00129564
0.00141907
0.00155364
0.00169306
0.00182698
0.00194144
0.00202106
0.00205182
0.00203114
0.00196026
0.00184551
0.00170058
0.00154234
0.00138713
0.00124569
0.00112277
0.00101976
0.000936066
0.000869849
0.000818637
0.000779799
0.000750833
0.000729548
0.000714126
0.000703096
0.000695294
0.000689835
0.000686065
0.000683496
0.000681776
0.000680646
0.000679924
0.00067948
0.000679222
0.000679087
0.000679031
0.000679023
0.000679043
0.000679078
0.000679118
0.000679158
0.000679194
0.000679224
0.000679248
0.000679263
0.000679269
)
;

boundaryField
{
    ibCylinder
    {
        type            immersedBoundary;
        value           nonuniform List<scalar> 
44
(
0.000700028
0.000359428
8.31352e-05
-0.00016728
-0.000419423
-0.000555888
0.00062691
0.000915102
-0.00128821
-0.0002538
0.000639004
0.000903008
-0.00154201
0.00154201
-0.00154201
0.0009724
0.000569611
-0.00154201
0.00154201
-0.000598993
-0.000943019
0.00154201
-0.00154201
0.00154201
-0.000598993
-0.000943019
0.0009724
0.000569611
-0.00154201
0.00154201
-0.00154201
0.000639004
0.000903008
-0.00154201
0.00062691
0.000915102
-0.00128821
-0.0002538
0.000700028
0.000359428
8.31352e-05
-0.00016728
-0.000419423
-0.000555888
)
;
        value           nonuniform List<scalar> 0();
    }
    in
    {
        type            calculated;
        value           nonuniform List<scalar> 
25
(
-0.0032
-0.0032
-0.0032
-0.0032
-0.0032
-0.0032
-0.0032
-0.0032
-0.0032
-0.0032
-0.0032
-0.0032
-0.0032
-0.0032
-0.0032
-0.0032
-0.0032
-0.0032
-0.0032
-0.0032
-0.0032
-0.0032
-0.0032
-0.0032
-0.0032
)
;
    }
    out
    {
        type            calculated;
        value           nonuniform List<scalar> 
25
(
0.000679271
0.00183905
0.00268659
0.0032207
0.00351517
0.00365945
0.00372319
0.00374889
0.00375844
0.00376175
0.00376281
0.00376312
0.00376319
0.00376312
0.00376281
0.00376174
0.00375844
0.00374888
0.00372319
0.00365945
0.00351517
0.0032207
0.00268659
0.00183904
0.000679263
)
;
    }
    top
    {
        type            calculated;
        value           uniform 0;
    }
    bottom
    {
        type            calculated;
        value           uniform 0;
    }
    frontAndBack
    {
        type            empty;
        value           nonuniform List<scalar> 0();
    }
}


// ************************************************************************* //
