/*--------------------------------*- C++ -*----------------------------------*\
| =========                 |                                                 |
| \\      /  F ield         | OpenFOAM: The Open Source CFD Toolbox           |
|  \\    /   O peration     | Version:  2206                                  |
|   \\  /    A nd           | Website:  www.openfoam.com                      |
|    \\/     M anipulation  |                                                 |
\*---------------------------------------------------------------------------*/
FoamFile
{
    version     2.0;
    format      ascii;
    arch        "LSB;label=32;scalar=64";
    class       surfaceScalarField;
    location    "0.8";
    object      phi;
}
// * * * * * * * * * * * * * * * * * * * * * * * * * * * * * * * * * * * * * //

dimensions      [0 3 -1 0 0 0 0];

oriented        oriented;

internalField   nonuniform List<scalar> 
3650
(
0.00275158
0.000448424
0.00224501
0.000506566
0.00181638
0.000428628
0.00148558
0.000330806
0.00124261
0.000242968
0.00107044
0.000172172
0.000949481
0.000120956
0.000864654
8.48273e-05
0.000804462
6.01924e-05
0.000761175
4.32879e-05
0.000730118
3.10577e-05
0.000708466
2.16523e-05
0.000694688
1.37795e-05
0.000688144
6.54405e-06
0.000688714
-5.69265e-07
0.000696324
-7.60952e-06
0.000711598
-1.52731e-05
0.000735799
-2.42009e-05
0.000770457
-3.4658e-05
0.000817548
-4.70908e-05
0.000879613
-6.2065e-05
0.000959821
-8.02082e-05
0.00106201
-0.000102189
0.00119067
-0.000128664
0.00135082
-0.000160144
0.00154762
-0.000196803
0.0017858
-0.000238171
0.00206853
-0.000282728
0.00239594
-0.00032741
0.00276296
-0.000367023
0.00315701
-0.000394048
0.00355574
-0.000398736
0.0039252
-0.000369461
0.00422215
-0.000296948
0.00440344
-0.000181296
0.00443469
-3.12518e-05
0.00430751
0.000127182
0.00403683
0.000270681
0.00364603
0.000390806
0.0031799
0.000466132
0.00268743
0.000492475
0.00221191
0.000475526
0.0017858
0.00042611
0.00142798
0.000357823
0.00113997
0.00028801
0.000912854
0.000227124
0.000739073
0.000173785
0.000609862
0.000129215
0.00051828
9.15873e-05
0.000457688
6.05944e-05
0.000421165
3.65275e-05
0.000403683
1.74834e-05
0.00040007
3.61606e-06
0.000405323
-5.25161e-06
0.000416588
-1.12628e-05
0.000431549
-1.49597e-05
0.000448374
-1.68226e-05
0.000465342
-1.69683e-05
0.000481678
-1.63331e-05
0.000496691
-1.50139e-05
0.00051
-1.33071e-05
0.000521464
-1.14633e-05
0.000531149
-9.68373e-06
0.000539186
-8.03701e-06
0.000545771
-6.58299e-06
0.000551091
-5.32108e-06
0.000555344
-4.25144e-06
0.000558706
-3.36265e-06
0.000561341
-2.63347e-06
0.000563384
-2.04265e-06
0.000564951
-1.56703e-06
0.000566138
-1.18702e-06
0.000567022
-8.83286e-07
0.000567659
-6.37043e-07
-4.61665e-07
0.00336561
0.000282814
0.00335218
0.000519992
0.00323464
0.000546175
0.00305849
0.000506957
0.00285281
0.000448646
0.00264788
0.000377106
0.00246466
0.000304169
0.00230954
0.000239956
0.00218153
0.000188199
0.00207806
0.000146756
0.00199621
0.000112906
0.00193295
8.49152e-05
0.00188608
6.06525e-05
0.00185439
3.82351e-05
0.00183735
1.64673e-05
0.00183484
-5.09261e-06
0.00184708
-2.75166e-05
0.00187562
-5.27372e-05
0.00192225
-8.1294e-05
0.00198951
-0.000114343
0.00208066
-0.000153222
0.00219983
-0.000199379
0.00235199
-0.000254343
0.00254292
-0.000319598
0.00277909
-0.000396316
0.00306726
-0.000484971
0.00341385
-0.000584755
0.00382392
-0.000692801
0.00429969
-0.000803179
0.00483817
-0.0009055
0.00542855
-0.000984428
0.00604944
-0.00101963
0.00666593
-0.000985951
0.0072308
-0.000861825
0.0076889
-0.000639397
0.00798269
-0.000325041
0.00807928
3.05967e-05
0.00797275
0.00037721
0.00768054
0.000683015
0.00722686
0.000919813
0.00664656
0.00107278
0.00597707
0.00114502
0.00525765
0.00114553
0.00452947
0.00108601
0.00383913
0.000978348
0.00322804
0.000838214
0.0027172
0.000684636
0.00231023
0.000536186
0.00199956
0.000402256
0.00177211
0.000288047
0.00161349
0.000195155
0.0015084
0.000122576
0.00144395
6.80707e-05
0.00141022
2.84707e-05
0.0013987
2.6299e-07
0.00140149
-1.77502e-05
0.00141331
-2.86428e-05
0.00143001
-3.3667e-05
0.00144869
-3.50058e-05
0.00146749
-3.38162e-05
0.00148536
-3.11707e-05
0.00150158
-2.76839e-05
0.00151581
-2.39136e-05
0.00152799
-2.02213e-05
0.00153821
-1.67984e-05
0.00154663
-1.374e-05
0.00155347
-1.10959e-05
0.00155897
-8.85819e-06
0.00156333
-6.99645e-06
0.00156676
-5.46827e-06
0.00156942
-4.22604e-06
0.00157145
-3.22302e-06
0.00157298
-2.41325e-06
0.00157411
-1.76605e-06
-1.18977e-06
0.0033264
0.000156415
0.00346266
0.00038373
0.00353028
0.000478558
0.00353917
0.000498063
0.00350352
0.000484298
0.00343373
0.000446899
0.00334097
0.000396927
0.00323606
0.000344867
0.00313088
0.000293378
0.00303385
0.000243791
0.00294846
0.000198291
0.00287575
0.000157625
0.00281639
0.000120018
0.00277101
8.36102e-05
0.0027401
4.73793e-05
0.00272425
1.07651e-05
0.00272419
-2.7456e-05
0.00274119
-6.97402e-05
0.00277713
-0.000117233
0.00283439
-0.000171607
0.00291608
-0.000234904
0.00302603
-0.00030933
0.00316894
-0.000397257
0.00335051
-0.000501166
0.00357735
-0.000623159
0.00385693
-0.000764551
0.00419722
-0.000925045
0.00460611
-0.00110168
0.00509017
-0.00128725
0.00565215
-0.00146748
0.00628903
-0.00162131
0.00698609
-0.00171668
0.00770754
-0.0017074
0.00839939
-0.00155368
0.00899536
-0.00123536
0.00941761
-0.000747294
0.00963924
-0.000191027
0.00965435
0.000362098
0.00948349
0.000853874
0.00916125
0.00124205
0.00871496
0.00151908
0.00816542
0.00169455
0.00753282
0.00177814
0.00684066
0.00177818
0.00611696
0.00170204
0.00539573
0.00155945
0.00471457
0.0013658
0.00410869
0.00114208
0.00360042
0.000910522
0.00319559
0.000692879
0.0028877
0.000503051
0.00266332
0.000346959
0.00250708
0.000224308
0.002404
0.000131554
0.00234006
6.42008e-05
0.00230457
1.77447e-05
0.00228855
-1.26207e-05
0.00228561
-3.07316e-05
0.00229077
-4.01653e-05
0.00230027
-4.33076e-05
0.00231149
-4.23918e-05
0.00232335
-3.95458e-05
0.00233482
-3.53864e-05
0.00234531
-3.07106e-05
0.00235454
-2.60212e-05
0.00236242
-2.16219e-05
0.00236902
-1.76977e-05
0.00237445
-1.42883e-05
0.00237885
-1.13962e-05
0.00238237
-8.98489e-06
0.00238514
-6.99923e-06
0.0023873
-5.38017e-06
0.00238894
-4.05773e-06
0.00239019
-3.01669e-06
-2.00288e-06
0.0032631
9.33152e-05
0.00339036
0.000256466
0.0035069
0.000362019
0.00358942
0.000415546
0.00364159
0.000432133
0.0036653
0.000423184
0.00366236
0.00039987
0.00363922
0.000368005
0.0036037
0.000328893
0.00356058
0.000286914
0.0035128
0.000246075
0.00346531
0.000205114
0.00342173
0.000163593
0.00338487
0.000120472
0.00335656
7.56904e-05
0.00333807
2.92596e-05
0.00333103
-2.04201e-05
0.00333708
-7.57892e-05
0.00335822
-0.000138372
0.00339678
-0.000210169
0.00345581
-0.00029393
0.0035389
-0.000392424
0.0036504
-0.000508751
0.00379619
-0.00064696
0.00398354
-0.000810508
0.00422143
-0.00100244
0.0045208
-0.00122441
0.00489434
-0.00147523
0.00535596
-0.00174885
0.00591833
-0.00202985
0.00659458
-0.00229756
0.00738101
-0.00250312
0.00822209
-0.00254848
0.00902062
-0.0023522
0.00966707
-0.00188182
0.0101061
-0.00118632
0.0103177
-0.000402582
0.0103127
0.000367045
0.0101257
0.00104092
0.00982359
0.00154412
0.00944331
0.00189936
0.00900177
0.0021361
0.00850764
0.00227226
0.00796678
0.00231904
0.00738313
0.0022857
0.00677019
0.00217239
0.00614288
0.0019931
0.00552583
0.00175912
0.00495221
0.00148415
0.00445123
0.00119386
0.00403624
0.000918043
0.00370847
0.000674726
0.00346054
0.00047224
0.00328002
0.000312078
0.00315322
0.000191002
0.00306763
0.000103332
0.00301246
4.25567e-05
0.00297911
2.61234e-06
0.00296083
-2.18841e-05
0.00295253
-3.50043e-05
0.00295068
-4.05403e-05
0.00295275
-4.16167e-05
0.00295682
-3.94522e-05
0.00296198
-3.58783e-05
0.00296739
-3.14266e-05
0.00297254
-2.67739e-05
0.00297719
-2.23403e-05
0.00298122
-1.83192e-05
0.00298463
-1.4806e-05
0.00298745
-1.1807e-05
0.00298974
-9.29067e-06
0.00299157
-7.21021e-06
0.002993
-5.48495e-06
0.00299412
-4.1371e-06
-2.75335e-06
0.0032334
5.99123e-05
0.00331568
0.000174187
0.00341607
0.000261634
0.00351316
0.000318452
0.0035957
0.000349598
0.00365884
0.000360046
0.00370302
0.000355685
0.00373177
0.000339261
0.00374778
0.000312882
0.00375197
0.000282724
0.00374709
0.000250952
0.00373655
0.000215652
0.00372329
0.00017686
0.00370958
0.000134182
0.0036968
8.84656e-05
0.00368659
3.94707e-05
0.00368108
-1.49047e-05
0.00368253
-7.72385e-05
0.00369292
-0.000148764
0.00371417
-0.000231422
0.00374891
-0.000328661
0.00380079
-0.000444309
0.0038744
-0.000582362
0.00397569
-0.000748247
0.00411282
-0.000947643
0.00429678
-0.00118639
0.00454222
-0.00146985
0.00486843
-0.00180143
0.00529959
-0.00218001
0.00586474
-0.002595
0.0066063
-0.00303912
0.00750245
-0.00339927
0.00840156
-0.00344759
0.00917314
-0.00312378
0.00971013
-0.0024188
0.00998196
-0.00145815
0.0100054
-0.000425996
0.00985252
0.000519894
0.00959787
0.00129557
0.00931996
0.00182204
0.00901727
0.00220204
0.00870226
0.00245112
0.00837165
0.00260288
0.00801043
0.00268026
0.00759499
0.00270114
0.00714232
0.00262507
0.00665874
0.00247669
0.0061665
0.00225136
0.00568259
0.00196806
0.00522564
0.00165081
0.00481507
0.00132862
0.00446371
0.00102609
0.00417649
0.000759456
0.00395068
0.000537886
0.00377891
0.000362777
0.00365207
0.000230173
0.00356094
0.000133687
0.00349721
6.63407e-05
0.00345389
2.14355e-05
0.00342565
-6.75971e-06
0.00340838
-2.32719e-05
0.00339827
-3.15046e-05
0.00339299
-3.41717e-05
0.00339087
-3.37585e-05
0.00339067
-3.12286e-05
0.00339165
-2.77507e-05
0.00339323
-2.39216e-05
0.00339502
-2.01072e-05
0.00339678
-1.65669e-05
0.00339839
-1.34211e-05
0.0033998
-1.07023e-05
0.003401
-8.40479e-06
0.00340197
-6.46108e-06
0.00340277
-4.93027e-06
-3.30231e-06
0.00321902
4.08943e-05
0.0032711
0.0001221
0.00334316
0.000189578
0.00342318
0.000238435
0.00350274
0.000270039
0.00357584
0.000286939
0.00363971
0.000291818
0.0036926
0.000286371
0.00373343
0.000272058
0.00376413
0.000252022
0.00378716
0.000227923
0.0038039
0.000198913
0.00381526
0.000165502
0.00382167
0.000127767
0.00382446
8.56816e-05
0.00382517
3.8761e-05
0.00382516
-1.49004e-05
0.00382589
-7.79662e-05
0.00382872
-0.000151591
0.00383545
-0.000238156
0.00384849
-0.0003417
0.00387129
-0.000467105
0.00390818
-0.000619256
0.00396458
-0.000804651
0.00404864
-0.0010317
0.00417225
-0.00131
0.00435285
-0.00165045
0.00461598
-0.00206457
0.00499809
-0.00256212
0.00555011
-0.00314702
0.00633453
-0.00382354
0.00715895
-0.00422369
0.00780042
-0.00408907
0.0081894
-0.00351276
0.00808857
-0.00231797
0.00761811
-0.000987687
0.0072216
-2.94855e-05
0.00702242
0.000719069
0.00693747
0.00138052
0.00700924
0.00175027
0.00708676
0.00212452
0.00714879
0.00238909
0.00715452
0.00259715
0.00708951
0.00274527
0.006951
0.00283965
0.00674122
0.00283485
0.00646805
0.00274986
0.006151
0.00256842
0.00580724
0.00231182
0.00545726
0.0020008
0.00512407
0.0016618
0.00482461
0.00132555
0.00456574
0.00101832
0.00434881
0.000754822
0.0041721
0.000539489
0.0040322
0.000370071
0.00392432
0.000241563
0.0038431
0.000147567
0.00378325
8.12797e-05
0.00374023
3.62637e-05
0.00370997
6.9892e-06
0.00368925
-1.07813e-05
0.00367554
-2.04617e-05
0.00366663
-2.48509e-05
0.00366111
-2.57086e-05
0.00365785
-2.44925e-05
0.00365609
-2.21631e-05
0.00365532
-1.93333e-05
0.00365515
-1.63981e-05
0.00365532
-1.35903e-05
0.00365565
-1.10343e-05
0.00365604
-8.79498e-06
0.00365642
-6.84415e-06
0.00365677
-5.27351e-06
-3.55818e-06
0.0032119
2.89906e-05
0.00324659
8.74098e-05
0.00329791
0.000138263
0.00335888
0.000177463
0.00342403
0.000204889
0.00348927
0.000221705
0.00355182
0.000229265
0.00360941
0.000228777
0.00366015
0.000221316
0.00370389
0.000208289
0.00374124
0.000190574
0.00377198
0.000168167
0.00379632
0.000141165
0.00381453
0.000109556
0.00382716
7.30539e-05
0.00383516
3.07569e-05
0.0038391
-1.88343e-05
0.00383911
-7.79797e-05
0.00383625
-0.000148726
0.00383175
-0.000233655
0.00382696
-0.000336913
0.00382322
-0.000463364
0.00382311
-0.000619148
0.00383127
-0.000812811
0.00385472
-0.00105514
0.00390472
-0.00135999
0.00399939
-0.00174512
0.00416763
-0.0022328
0.0044546
-0.00284909
0.00492492
-0.00361732
0.00556056
-0.00445919
0.00583384
-0.00449697
0.00526604
-0.00352126
0.00286097
-0.000662656
0.00102136
-5.14272e-19
0.000252253
-1.57476e-18
0.000195179
-2.09785e-18
0.000635614
-2.53195e-18
0.00142212
-3.04193e-18
0.00244355
0.000487085
0.00327386
0.00129421
0.00404244
0.00162051
0.00467003
0.00196956
0.00511713
0.00229817
0.00540319
0.00255359
0.00554619
0.00269186
0.005581
0.00271504
0.00552559
0.00262383
0.00539921
0.00243819
0.00522641
0.00217359
0.00502894
0.00185928
0.00482741
0.00152708
0.00463857
0.00120716
0.00447032
0.000923067
0.00432624
0.000683566
0.00420612
0.000490198
0.00410811
0.000339569
0.00402984
0.000225837
0.00396865
0.000142471
0.00392189
8.30233e-05
0.00388694
4.19337e-05
0.00386123
1.4932e-05
0.00384274
-1.96582e-06
0.00382968
-1.17967e-05
0.00382056
-1.65906e-05
0.00381429
-1.82198e-05
0.00381003
-1.78989e-05
0.00380718
-1.64904e-05
0.00380534
-1.45506e-05
0.00380417
-1.24262e-05
0.00380346
-1.03259e-05
0.00380305
-8.38299e-06
0.00380283
-6.61846e-06
0.00380271
-5.16053e-06
-3.51533e-06
0.00320823
2.07622e-05
0.00323285
6.27884e-05
0.00327064
0.000100473
0.0033174
0.000130705
0.00336949
0.000152795
0.00342397
0.000167229
0.00347849
0.000174744
0.00353119
0.000176073
0.0035806
0.000171911
0.00362584
0.000163046
0.0036664
0.000150013
0.00370165
0.000132919
0.00373112
0.000111703
0.00375456
8.61151e-05
0.0037718
5.58058e-05
0.00378277
1.97908e-05
0.00378729
-2.33527e-05
0.00378481
-7.55032e-05
0.00377505
-0.000138959
0.003758
-0.000216609
0.00373347
-0.000312382
0.00370155
-0.000431443
0.00366308
-0.000580679
0.00361984
-0.000769574
0.00357567
-0.00101096
0.00353813
-0.00132245
0.00352129
-0.00172828
0.00354996
-0.00226147
0.00366383
-0.00296296
0.00388796
-0.00384145
0.00383181
-0.00440303
0.00261094
-0.00327609
0.000271734
5.09551e-20
8.77242e-19
6.94386e-19
3.66789e-19
-3.80203e-19
1.92286e-19
-6.1993e-20
8.99095e-20
-5.65686e-21
1.62671e-20
-1.02323e-20
9.93507e-19
4.11435e-20
-0.000185049
-1.45788e-18
9.80723e-05
0.000110234
0.000967525
0.000751059
0.00189128
0.0010458
0.00270626
0.00148319
0.0033511
0.00190875
0.00381884
0.00222412
0.00415002
0.00238387
0.00437144
0.00240241
0.00450163
0.002308
0.00455694
0.00211829
0.00455271
0.00186351
0.00450673
0.00157305
0.00443734
0.00127656
0.00435832
0.00100208
0.00427918
0.000762713
0.00420542
0.000563956
0.00413993
0.000405062
0.00408399
0.000281777
0.00403768
0.000188779
0.00400023
0.000120469
0.00397048
7.16884e-05
0.00394727
3.81356e-05
0.00392968
1.56309e-05
0.00391633
1.54669e-06
0.00390635
-6.61045e-06
0.00389897
-1.08404e-05
0.00389352
-1.24489e-05
0.00388954
-1.25045e-05
0.00388664
-1.16584e-05
0.00388456
-1.03436e-05
0.00388307
-8.83751e-06
0.00388202
-7.32716e-06
0.00388128
-5.87632e-06
0.00388076
-4.64266e-06
-3.19411e-06
0.00320615
1.46088e-05
0.00322471
4.42291e-05
0.00325389
7.12928e-05
0.00329099
9.36089e-05
0.00333338
0.000110402
0.00337885
0.000121757
0.00342556
0.000128043
0.00347188
0.000129748
0.00351648
0.000127315
0.00355835
0.000121169
0.00359672
0.000111646
0.00363081
9.88267e-05
0.00365991
8.26102e-05
0.00368329
6.27325e-05
0.00370026
3.88389e-05
0.00371008
9.9682e-06
0.00371182
-2.50969e-05
0.00370435
-6.80298e-05
0.00368636
-0.000120967
0.00365641
-0.000186655
0.00361277
-0.000268745
0.00355352
-0.000372192
0.00347664
-0.000503805
0.00338018
-0.000673109
0.00326283
-0.000893613
0.00312508
-0.00118469
0.00297139
-0.00157458
0.00281383
-0.00210391
0.00267213
-0.00282126
0.00245742
-0.00362674
0.00141843
-0.00336405
2.40128e-18
-0.000284679
2.33232e-18
1.13451e-18
5.66947e-20
-4.56592e-19
9.40045e-21
-6.40829e-21
2.16392e-23
7.64535e-23
6.4597e-23
3.55756e-25
1.9191e-22
4.11639e-24
-7.90028e-20
-1.03889e-20
9.54531e-20
1.67947e-20
-0.000405565
-8.11632e-19
-0.00081018
9.84888e-05
-0.000116621
0.000352245
0.00065434
0.000712231
0.00137187
0.00119121
0.00200315
0.00159284
0.00253755
0.00184947
0.00297652
0.00196345
0.00332976
0.00195476
0.00360089
0.00184715
0.00379804
0.00166635
0.00393094
0.00144016
0.00401126
0.00119624
0.00405336
0.000959981
0.00406901
0.000747062
0.00406775
0.000565214
0.00405674
0.000416068
0.00404082
0.000297697
0.00402327
0.000206328
0.00400614
0.000137606
0.00399035
8.74767e-05
0.00397643
5.20521e-05
0.00396456
2.75032e-05
0.00395473
1.13789e-05
0.00394678
1.33758e-06
0.00394029
-4.35675e-06
0.00393507
-7.22119e-06
0.00393094
-8.37826e-06
0.00392771
-8.4301e-06
0.00392521
-7.8407e-06
0.00392329
-6.91434e-06
0.00392182
-5.86196e-06
0.00392072
-4.77457e-06
0.00391989
-3.81454e-06
-2.64662e-06
0.0032049
9.70591e-06
0.00321973
2.93985e-05
0.00324342
4.76104e-05
0.00327412
6.29053e-05
0.00330987
7.46485e-05
0.00334887
8.27612e-05
0.00338951
8.7407e-05
0.00343039
8.88669e-05
0.00347028
8.74183e-05
0.00350815
8.33056e-05
0.00354308
7.67195e-05
0.00357419
6.77093e-05
0.00360063
5.61762e-05
0.00362148
4.18752e-05
0.00363583
2.44983e-05
0.00364239
3.40591e-06
0.00363979
-2.25021e-05
0.00362627
-5.45044e-05
0.00359963
-9.43242e-05
0.0035572
-0.000144229
0.00349569
-0.000207239
0.003411
-0.000287497
0.003298
-0.000390806
0.00315035
-0.000525454
0.00296023
-0.000703493
0.00271832
-0.000942779
0.00241394
-0.0012702
0.00203477
-0.00172474
0.00154595
-0.00233244
0.00078043
-0.00286122
-0.00019588
-0.00129531
3.23508e-18
2.71439e-18
-2.20245e-19
-2.79399e-19
-1.01687e-21
-1.0045e-20
5.3164e-24
2.0074e-25
1.15434e-23
1.5638e-25
2.75916e-23
4.58097e-25
6.06723e-23
1.34556e-24
1.56907e-22
3.16405e-24
-1.0088e-19
7.47834e-24
3.0382e-19
6.12282e-22
-0.00147449
-1.04013e-18
-0.00114121
1.89614e-05
-0.00064609
0.00021711
-6.8822e-05
0.000613946
0.000526023
0.000997995
0.00110655
0.00126893
0.00165209
0.00141791
0.002149
0.00145785
0.00258491
0.00141123
0.00295172
0.00129954
0.00324728
0.0011446
0.00347502
0.000968497
0.00364391
0.000791085
0.00376472
0.000626254
0.00384801
0.00048192
0.00390321
0.000360868
0.00393802
0.000262886
0.00395837
0.000185986
0.00396875
0.000127223
0.00397258
8.36403e-05
0.00397236
5.22798e-05
0.00396969
3.01704e-05
0.00396584
1.52299e-05
0.00396158
5.59856e-06
0.00395739
-1.71804e-07
0.00395349
-3.32111e-06
0.00394999
-4.88078e-06
0.00394699
-5.42661e-06
0.00394448
-5.32748e-06
0.00394242
-4.85571e-06
0.00394076
-4.20612e-06
0.00393946
-3.47513e-06
0.00393845
-2.80451e-06
-1.95952e-06
0.00320415
5.55144e-06
0.00321673
1.68239e-05
0.00323701
2.73291e-05
0.00326366
3.62529e-05
0.00329512
4.319e-05
0.00332984
4.80454e-05
0.00336636
5.0881e-05
0.0034034
5.18304e-05
0.00343977
5.10479e-05
0.00347441
4.86656e-05
0.00350635
4.47766e-05
0.00353466
3.94084e-05
0.00355834
3.24916e-05
0.00357638
2.38324e-05
0.00358773
1.31509e-05
0.0035908
3.36641e-07
0.00358387
-1.55759e-05
0.0035647
-3.53317e-05
0.00353044
-6.00581e-05
0.00347747
-9.12596e-05
0.00340115
-0.000130926
0.00329547
-0.00018181
0.00315249
-0.000247824
0.00296166
-0.000334628
0.00270877
-0.000450594
0.00237441
-0.000608418
0.0019318
-0.000827588
0.00134283
-0.00113577
0.00054964
-0.00153925
-0.000539396
-0.00177219
6.30267e-18
-0.000261727
1.85846e-19
-2.35036e-19
-8.82393e-20
-1.34013e-19
1.82212e-24
7.41135e-26
3.45214e-24
-6.26896e-27
7.92768e-24
-1.99038e-28
1.72474e-23
3.04562e-25
3.75743e-23
4.92009e-25
9.00087e-23
8.26567e-25
6.32159e-22
7.31901e-25
-1.37039e-19
-2.86143e-24
1.03225e-18
-1.08813e-20
-0.00151279
-4.12287e-05
-0.00130195
6.26617e-06
-0.000941463
0.000253456
-0.000465564
0.000522094
7.83698e-05
0.000724997
0.000650604
0.000845672
0.0012154
0.000893047
0.00174632
0.000880317
0.00222368
0.00082218
0.00263533
0.000732956
0.0029768
0.000627023
0.00325033
0.000517549
0.00346242
0.00041417
0.00362192
0.000322414
0.0037386
0.000244191
0.00382154
0.000179941
0.00387865
0.000128881
0.00391642
8.94468e-05
0.00394019
5.98717e-05
0.00395415
3.83191e-05
0.00396131
2.30121e-05
0.00396403
1.25076e-05
0.00396404
5.59227e-06
0.00396254
1.32804e-06
0.00396029
-1.07441e-06
0.00395778
-2.36707e-06
0.00395528
-2.92919e-06
0.00395298
-3.03055e-06
0.00395097
-2.84529e-06
0.00394927
-2.50745e-06
0.00394789
-2.09616e-06
0.00394679
-1.7055e-06
-1.19726e-06
0.00320374
1.80797e-06
0.0032151
5.47073e-06
0.00323352
8.9076e-06
0.00325792
1.18513e-05
0.00328697
1.41443e-05
0.00331925
1.57583e-05
0.00335342
1.67104e-05
0.00338822
1.70387e-05
0.00342247
1.67916e-05
0.00345513
1.60108e-05
0.00348518
1.47252e-05
0.00351164
1.29443e-05
0.00353349
1.0646e-05
0.00354956
7.75954e-06
0.00355861
4.10505e-06
0.00355916
-2.13072e-07
0.00354914
-5.56288e-06
0.00352604
-1.22295e-05
0.0034866
-2.06112e-05
0.00342657
-3.1234e-05
0.00334043
-4.47829e-05
0.00322084
-6.22221e-05
0.00305795
-8.49323e-05
0.00283825
-0.000114924
0.00254285
-0.000155192
0.00214475
-0.000210317
0.00160453
-0.000287356
0.000864749
-0.000395988
-0.0001398
-0.000534704
-0.00133465
-0.000577341
5.9473e-18
-2.33986e-05
-4.47967e-19
-1.33325e-19
-3.09731e-20
-1.92211e-20
1.44413e-24
-2.47374e-27
2.94792e-24
-4.55565e-28
6.53643e-24
1.70942e-25
1.18251e-23
2.08636e-26
2.58111e-23
6.30313e-26
6.17783e-23
2.10948e-25
1.8048e-22
6.84682e-25
-8.12882e-20
-8.34102e-25
5.10634e-19
-4.69573e-21
-0.00159932
-1.48924e-05
-0.00157392
-1.91336e-05
-0.00138318
6.27085e-05
-0.00101909
0.000158006
-0.000527695
0.000233598
3.8017e-05
0.000279959
0.000630997
0.000300066
0.00121243
0.000298887
0.00175329
0.000281314
0.00223401
0.000252232
0.00264426
0.000216773
0.00298198
0.000179835
0.00325138
0.000144764
0.00346042
0.000113378
0.0036183
8.63032e-05
0.00373432
6.39263e-05
0.00381716
4.60436e-05
0.00387444
3.21654e-05
0.00391261
2.17031e-05
0.00393689
1.40359e-05
0.00395133
8.56791e-06
0.00395905
4.7858e-06
0.00396237
2.27238e-06
0.00396301
6.93071e-07
0.00396213
-1.91817e-07
0.00396043
-6.69186e-07
0.0039584
-9.05054e-07
0.00395635
-9.74724e-07
0.00395443
-9.33439e-07
0.00395276
-8.3039e-07
0.00395136
-6.98276e-07
0.00395022
-5.70937e-07
-4.02479e-07
0.00320361
-1.79708e-06
0.00321455
-5.47013e-06
0.00323236
-8.90424e-06
0.00325606
-1.18468e-05
0.00328434
-1.41368e-05
0.00331584
-1.57475e-05
0.00334925
-1.66957e-05
0.00338331
-1.70194e-05
0.00341687
-1.67668e-05
0.00344886
-1.59803e-05
0.00347827
-1.46891e-05
0.00350412
-1.29031e-05
0.00352537
-1.06006e-05
0.00354084
-7.71146e-06
0.003549
-4.05603e-06
0.00354853
2.60389e-07
0.00353736
5.6061e-06
0.00351286
1.22676e-05
0.00347161
2.06423e-05
0.00340912
3.12563e-05
0.00331954
4.47951e-05
0.00319509
6.22231e-05
0.00302524
8.49233e-05
0.00279541
0.000114908
0.00248505
0.000155171
0.00206444
0.000210294
0.00148976
0.000287331
0.000697814
0.000395959
-0.000371553
0.00053466
-0.00152619
0.000577289
5.28589e-18
2.33965e-05
-4.18236e-19
1.33207e-19
-1.42669e-20
1.92224e-20
1.28554e-24
2.50036e-27
3.02151e-24
1.20632e-27
5.25324e-24
-2.13456e-25
1.10114e-23
-2.21305e-26
2.43217e-23
-6.33315e-26
5.24516e-23
-2.10855e-25
1.36893e-22
-6.84406e-25
-7.19367e-20
8.34781e-25
2.93259e-19
4.70529e-21
-0.0016028
1.49239e-05
-0.00164114
1.92032e-05
-0.00151574
-6.26965e-05
-0.00119969
-0.00015804
-0.000732439
-0.000233659
-0.000172448
-0.000280034
0.000427762
-0.000300145
0.00102561
-0.000298958
0.00158828
-0.000281361
0.00209276
-0.000252247
0.00252628
-0.000216756
0.00288591
-0.000179787
0.00317537
-0.000144696
0.00340204
-0.000113299
0.00357457
-8.62282e-05
0.00370236
-6.38596e-05
0.00379439
-4.59894e-05
0.00385868
-3.21229e-05
0.00390205
-2.16717e-05
0.0039301
-1.40139e-05
0.00394722
-8.5537e-06
0.00395679
-4.77727e-06
0.00396133
-2.26796e-06
0.00396271
-6.90288e-07
0.00396232
1.93808e-07
0.00396098
6.71182e-07
0.00395917
9.07113e-07
0.00395722
9.76989e-07
0.00395535
9.3563e-07
0.00395369
8.32232e-07
0.00395229
6.99686e-07
0.00395115
5.71706e-07
4.02546e-07
0.00320374
-5.53967e-06
0.0032151
-1.68254e-05
0.00323352
-2.73248e-05
0.00325792
-3.62483e-05
0.00328697
-4.31824e-05
0.00331925
-4.80346e-05
0.00335342
-5.08665e-05
0.00338822
-5.18113e-05
0.00342247
-5.10236e-05
0.00345513
-4.86356e-05
0.00348518
-4.47411e-05
0.00351164
-3.93679e-05
0.00353349
-3.24471e-05
0.00354957
-2.37854e-05
0.00355861
-1.31031e-05
0.00355916
-2.90198e-07
0.00354915
1.56186e-05
0.00352605
3.5369e-05
0.0034866
6.00883e-05
0.00342658
9.12813e-05
0.00334044
0.000130937
0.00322085
0.000181811
0.00305796
0.000247815
0.00283826
0.000334611
0.00254286
0.000450573
0.00214476
0.000608395
0.00160453
0.000827564
0.000864752
0.00113574
-0.000139806
0.00153922
-0.00133468
0.00177216
5.94758e-18
0.000261696
-4.48104e-19
2.34722e-19
-3.09851e-20
1.3396e-19
1.43634e-24
-7.39776e-26
2.90818e-24
6.87405e-27
6.52399e-24
1.85746e-27
1.18251e-23
-3.04645e-25
2.58117e-23
-4.91649e-25
6.1782e-23
-8.25912e-25
1.8035e-22
-7.30278e-25
-8.12955e-20
2.86671e-24
5.1068e-19
1.08872e-20
-0.00159934
4.12753e-05
-0.00157394
-6.1919e-06
-0.00138319
-0.000253447
-0.00101911
-0.000522129
-0.000527704
-0.000725064
3.80189e-05
-0.000845758
0.000631012
-0.00089314
0.00121245
-0.000880398
0.00175332
-0.000822234
0.00223405
-0.000732972
0.00264429
-0.000627001
0.002982
-0.000517493
0.00325139
-0.000414094
0.00346042
-0.00032233
0.00361831
-0.000244113
0.00373432
-0.000179873
0.00381716
-0.000128827
0.00387444
-8.94048e-05
0.00391261
-5.98407e-05
0.00393689
-3.82973e-05
0.00395134
-2.29978e-05
0.00395906
-1.24986e-05
0.00396238
-5.58716e-06
0.00396301
-1.32457e-06
0.00396213
1.07714e-06
0.00396043
2.36963e-06
0.0039584
2.93168e-06
0.00395635
3.03304e-06
0.00395443
2.8476e-06
0.00395276
2.50937e-06
0.00395136
2.09761e-06
0.00395022
1.70624e-06
1.19725e-06
0.00320415
-9.69389e-06
0.00321673
-2.94013e-05
0.00323701
-4.76056e-05
0.00326366
-6.29006e-05
0.00329512
-7.4641e-05
0.00332984
-8.27507e-05
0.00336636
-8.73928e-05
0.0034034
-8.88483e-05
0.00343977
-8.73946e-05
0.00347441
-8.32765e-05
0.00350636
-7.66852e-05
0.00353466
-6.76704e-05
0.00355835
-5.61336e-05
0.00357639
-4.18302e-05
0.00358774
-2.44525e-05
0.00359081
-3.3613e-06
0.00358389
2.25432e-05
0.00356472
5.45401e-05
0.00353045
9.43527e-05
0.00347748
0.000144249
0.00340117
0.000207249
0.00329549
0.000287497
0.00315251
0.000390797
0.00296168
0.000525438
0.00270879
0.000703473
0.00237443
0.000942757
0.00193182
0.00127018
0.00134285
0.00172471
0.000549666
0.00233239
-0.000539322
0.00286115
6.30188e-18
0.00129536
1.85963e-19
-2.71376e-18
-8.82157e-20
2.79288e-19
1.82147e-24
1.00441e-20
3.45236e-24
-2.00654e-25
7.92757e-24
-1.55628e-25
1.72482e-23
-4.57685e-25
3.75761e-23
-1.34458e-24
9.00139e-23
-3.16179e-24
6.32089e-22
-7.47453e-24
-1.37032e-19
-6.08234e-22
1.03236e-18
1.04036e-18
-0.00151284
-1.88663e-05
-0.001302
-0.000217037
-0.000941499
-0.00061395
-0.000465585
-0.000998045
7.83709e-05
-0.00126902
0.000650629
-0.00141802
0.00121545
-0.00145796
0.00174638
-0.00141133
0.00222375
-0.0012996
0.00263538
-0.0011446
0.00297684
-0.000968459
0.00325036
-0.000791012
0.00346243
-0.000626166
0.00362192
-0.000481827
0.0037386
-0.00036079
0.00382154
-0.000262818
0.00387865
-0.000185933
0.00391643
-0.000127183
0.0039402
-8.36106e-05
0.00395416
-5.22586e-05
0.00396132
-3.01559e-05
0.00396404
-1.52198e-05
0.00396404
-5.59205e-06
0.00396254
1.76831e-07
0.00396029
3.32521e-06
0.00395778
4.8844e-06
0.00395528
5.42978e-06
0.00395298
5.33032e-06
0.00395097
4.85824e-06
0.00394927
4.20814e-06
0.00394789
3.4766e-06
0.00394679
2.80524e-06
1.95949e-06
0.0032049
-1.45983e-05
0.00321973
-4.42302e-05
0.00324342
-7.12886e-05
0.00327412
-9.36043e-05
0.00330987
-0.000110395
0.00334887
-0.000121747
0.00338951
-0.000128029
0.00343039
-0.00012973
0.00347029
-0.000127293
0.00350815
-0.000121141
0.00354308
-0.000111614
0.0035742
-9.879e-05
0.00360064
-8.25701e-05
0.0036215
-6.26903e-05
0.00363584
-3.8796e-05
0.00364241
-9.92648e-06
0.00363981
2.51353e-05
0.00362629
6.80628e-05
0.00359965
0.000120993
0.00355723
0.000186672
0.00349572
0.000268753
0.00341103
0.000372192
0.00329803
0.000503796
0.00315038
0.000673094
0.00296026
0.000893595
0.00271835
0.00118467
0.00241396
0.00157456
0.00203479
0.00210389
0.00154595
0.00282122
0.000780385
0.00362671
-0.000195879
0.00336404
3.23578e-18
0.000284679
-2.20233e-19
-1.13525e-18
-1.01683e-21
4.56562e-19
5.31894e-24
6.40865e-21
1.15447e-23
-7.614e-23
2.75934e-23
-3.55056e-25
6.0679e-23
-4.1126e-24
1.56937e-22
1.03937e-20
-1.00894e-19
-1.67876e-20
3.03949e-19
8.11992e-19
-0.00147454
-9.84433e-05
-0.00114131
-0.000352102
-0.000646171
-0.000712174
-6.88735e-05
-0.00119125
0.000526008
-0.00159293
0.00110658
-0.00184959
0.00165215
-0.00196358
0.00214907
-0.00195489
0.00258499
-0.00184725
0.0029518
-0.0016664
0.00324733
-0.00144014
0.00347504
-0.00119617
0.00364392
-0.000959887
0.00376472
-0.000746964
0.00384801
-0.00056512
0.00390321
-0.000415993
0.00393803
-0.000297635
0.00395837
-0.00020628
0.00396876
-0.00013757
0.0039726
-8.74488e-05
0.00397237
-5.20314e-05
0.0039697
-2.74879e-05
0.00396585
-1.13672e-05
0.00396158
-1.32883e-06
0.0039574
4.36387e-06
0.00395349
7.22698e-06
0.00395
8.38302e-06
0.00394699
8.43405e-06
0.00394448
7.844e-06
0.00394242
6.91709e-06
0.00394076
5.86407e-06
0.00393946
4.77601e-06
0.00393845
3.81521e-06
2.64651e-06
0.00320615
-2.07528e-05
0.00322471
-6.27881e-05
0.00325389
-0.00010047
0.00329099
-0.000130701
0.00333338
-0.000152787
0.00337885
-0.000167219
0.00342556
-0.000174731
0.00347188
-0.000176056
0.00351648
-0.00017189
0.00355836
-0.00016302
0.00359673
-0.000149983
0.00363082
-0.000132885
0.00365992
-0.000111666
0.0036833
-8.60766e-05
0.00370027
-5.57666e-05
0.0037101
-1.97529e-05
0.00371185
2.33873e-05
0.00370438
7.55323e-05
0.00368639
0.000138981
0.00365644
0.000216623
0.0036128
0.00031239
0.00355356
0.000431442
0.00347668
0.000580671
0.00338022
0.00076956
0.00326287
0.00101095
0.00312511
0.00132243
0.00297142
0.00172826
0.00281385
0.00226145
0.00267214
0.00296293
0.00245742
0.00384142
0.00141845
0.00440302
2.40113e-18
0.00327611
2.33221e-18
-5.07124e-20
5.67195e-20
-6.93824e-19
9.40136e-21
3.80214e-19
2.16423e-23
6.19921e-20
6.46077e-23
5.65318e-21
1.91946e-22
1.02257e-20
-7.90177e-20
-4.11369e-20
9.5756e-20
1.45855e-18
-0.000405585
-0.000110214
-0.000810306
-0.000750907
-0.000116746
-0.00104566
0.000654248
-0.00148317
0.00137183
-0.00190883
0.00200315
-0.00222426
0.00253761
-0.00238405
0.0029766
-0.00240257
0.00332984
-0.00230814
0.00360097
-0.00211838
0.00379809
-0.00186353
0.00393096
-0.00157301
0.00401125
-0.00127646
0.00405333
-0.00100197
0.00406898
-0.000762614
0.00406773
-0.000563871
0.00405674
-0.000404995
0.00404083
-0.000281725
0.00402328
-0.000188738
0.00400615
-0.000120437
0.00399036
-7.16621e-05
0.00397644
-3.81148e-05
0.00396457
-1.56144e-05
0.00395474
-1.5331e-06
0.00394679
6.62162e-06
0.0039403
1.08493e-05
0.00393507
1.24562e-05
0.00393094
1.25103e-05
0.00392771
1.1663e-05
0.00392521
1.03473e-05
0.00392329
8.84035e-06
0.00392182
7.32923e-06
0.00392072
5.87767e-06
0.00391989
4.64321e-06
3.1939e-06
0.00320823
-2.89822e-05
0.00323285
-8.74087e-05
0.00327064
-0.00013826
0.0033174
-0.000177459
0.00336949
-0.000204882
0.00342397
-0.000221695
0.00347849
-0.000229253
0.00353119
-0.000228761
0.0035806
-0.000221296
0.00362585
-0.000208266
0.00366641
-0.000190547
0.00370166
-0.000168137
0.00373113
-0.000141133
0.00375457
-0.000109522
0.00377183
-7.30193e-05
0.0037828
-3.07236e-05
0.00378732
1.8864e-05
0.00378485
7.80035e-05
0.00377509
0.000148743
0.00375804
0.000233667
0.00373351
0.000336918
0.00370159
0.000463362
0.00366313
0.00061914
0.00361989
0.000812799
0.00357571
0.00105513
0.00353816
0.00135998
0.00352132
0.0017451
0.00354999
0.00223278
0.00366385
0.00284907
0.00388798
0.0036173
0.00383182
0.00445917
0.00261098
0.00449696
0.000271813
0.00352122
8.76895e-19
0.000662735
3.66725e-19
5.14723e-19
1.92303e-19
1.57514e-18
8.99298e-20
2.09806e-18
1.63155e-20
2.53223e-18
9.93961e-19
3.04267e-18
-0.000185031
-0.000487104
9.79051e-05
-0.001294
0.000967385
-0.00162039
0.00189121
-0.00196948
0.00270626
-0.00229822
0.00335116
-0.00255373
0.00381894
-0.00269204
0.00415016
-0.00271526
0.00437155
-0.00262396
0.00450172
-0.00243831
0.00455699
-0.00217364
0.00455272
-0.00185926
0.00450671
-0.001527
0.00443729
-0.00120705
0.00435828
-0.000922963
0.00427914
-0.000683477
0.0042054
-0.000490128
0.00413992
-0.000339515
0.00408399
-0.000225794
0.00403769
-0.000142435
0.00400024
-8.29934e-05
0.00397049
-4.19084e-05
0.00394728
-1.49109e-05
0.00392968
1.98355e-06
0.00391634
1.18118e-05
0.00390636
1.66032e-05
0.00389898
1.82301e-05
0.00389353
1.79071e-05
0.00388954
1.64968e-05
0.00388665
1.45555e-05
0.00388456
1.24299e-05
0.00388307
1.03286e-05
0.00388202
8.38488e-06
0.00388128
6.61961e-06
0.00388076
5.16093e-06
3.51501e-06
0.00321191
-4.08878e-05
0.00324659
-0.000122098
0.00329791
-0.000189576
0.00335888
-0.00023843
0.00342403
-0.000270032
0.00348927
-0.00028693
0.00355182
-0.000291806
0.00360941
-0.000286357
0.00366016
-0.00027204
0.00370389
-0.000252001
0.00374125
-0.000227899
0.003772
-0.000198887
0.00379634
-0.000165475
0.00381455
-0.000127738
0.00382719
-8.5653e-05
0.0038352
-3.87342e-05
0.00383914
1.49249e-05
0.00383915
7.79849e-05
0.00383629
0.000151604
0.0038318
0.000238165
0.00382701
0.000341704
0.00382327
0.000467104
0.00382316
0.000619249
0.00383132
0.00080464
0.00385476
0.00103169
0.00390476
0.00130998
0.00399943
0.00165043
0.00416765
0.00206455
0.00445463
0.0025621
0.00492494
0.00314699
0.00556059
0.00382352
0.00583382
0.00422373
0.0052659
0.00408915
0.00286089
0.00351278
0.0010213
0.00231795
0.00025223
0.000987656
0.000195165
2.94763e-05
0.000635623
-0.000719089
0.00142201
-0.00138039
0.00244343
-0.00175027
0.00327386
-0.00212443
0.00404249
-0.00238902
0.0046702
-0.00259719
0.00511735
-0.00274538
0.00540343
-0.00283981
0.0055464
-0.00283502
0.00558119
-0.00275005
0.00552571
-0.00256849
0.00539926
-0.00231187
0.0052264
-0.00200078
0.00502888
-0.00166174
0.00482733
-0.00132544
0.0046385
-0.00101822
0.00447026
-0.000754733
0.00432621
-0.000539418
0.00420609
-0.000370018
0.0041081
-0.000241521
0.00402984
-0.000147531
0.00396865
-8.12485e-05
0.00392189
-3.6236e-05
0.00388695
-6.96534e-06
0.00386124
1.0802e-05
0.00384274
2.04794e-05
0.00382968
2.48661e-05
0.00382057
2.57214e-05
0.00381429
2.45029e-05
0.00381003
2.21714e-05
0.00380719
1.93396e-05
0.00380534
1.64027e-05
0.00380417
1.35935e-05
0.00380347
1.10366e-05
0.00380305
8.79648e-06
0.00380283
6.84502e-06
0.00380272
5.2737e-06
3.55777e-06
0.00321902
-5.99074e-05
0.00327111
-0.000174183
0.00334316
-0.000261631
0.00342318
-0.000318447
0.00350274
-0.000349591
0.00357584
-0.000360038
0.00363971
-0.000355674
0.0036926
-0.000339248
0.00373343
-0.000312867
0.00376414
-0.000282706
0.00378717
-0.000250932
0.00380391
-0.000215631
0.00381528
-0.000176839
0.0038217
-0.00013416
0.00382449
-8.84432e-05
0.0038252
-3.94497e-05
0.0038252
1.49232e-05
0.00382594
7.72526e-05
0.00382877
0.000148774
0.0038355
0.000231428
0.00384854
0.000328664
0.00387134
0.000444308
0.00390823
0.000582356
0.00396463
0.000748239
0.00404869
0.000947632
0.00417229
0.00118638
0.00435288
0.00146984
0.00461601
0.00180143
0.0049981
0.00218
0.00555011
0.00259498
0.00633456
0.00303907
0.00715912
0.00339917
0.00780067
0.0034476
0.00818952
0.00312393
0.00808859
0.00241888
0.00761807
0.00145817
0.0072215
0.000426046
0.00702238
-0.000519965
0.00693751
-0.00129552
0.00700934
-0.00182211
0.00708699
-0.00220208
0.00714915
-0.00245118
0.0071549
-0.00260294
0.00708984
-0.00268032
0.00695129
-0.00270125
0.00674142
-0.00262515
0.00646813
-0.00247676
0.00615102
-0.00225138
0.0058072
-0.00196805
0.00545716
-0.00165074
0.00512395
-0.00132853
0.0048245
-0.001026
0.00456566
-0.000759375
0.00434875
-0.000537823
0.00417206
-0.000362728
0.00403217
-0.000230134
0.00392431
-0.000133654
0.00384308
-6.63112e-05
0.00378324
-2.14091e-05
0.00374022
6.78518e-06
0.00370996
2.32929e-05
0.00368924
3.15231e-05
0.00367553
3.41877e-05
0.00366663
3.37721e-05
0.00366111
3.12402e-05
0.00365785
2.776e-05
0.00365609
2.3929e-05
0.00365532
2.01126e-05
0.00365515
1.65707e-05
0.00365532
1.34237e-05
0.00365565
1.07039e-05
0.00365604
8.40585e-06
0.00365643
6.46164e-06
0.00365677
4.9303e-06
3.30191e-06
0.0032334
-9.33113e-05
0.00331568
-0.000256464
0.00341607
-0.000362017
0.00351316
-0.000415542
0.0035957
-0.000432127
0.00365884
-0.000423177
0.00370303
-0.000399861
0.00373177
-0.000367994
0.00374779
-0.000328881
0.00375198
-0.0002869
0.00374711
-0.00024606
0.00373657
-0.000205098
0.00372331
-0.000163577
0.00370961
-0.000120456
0.00369684
-7.56746e-05
0.00368663
-2.9245e-05
0.00368112
2.04329e-05
0.00368258
7.57992e-05
0.00369297
0.000138379
0.00371423
0.000210174
0.00374896
0.000293933
0.00380084
0.000392424
0.00387445
0.000508748
0.00397573
0.000646954
0.00411286
0.0008105
0.00429681
0.00100243
0.00454225
0.0012244
0.00486845
0.00147522
0.0052996
0.00174885
0.00586474
0.00202984
0.00660629
0.00229752
0.00750246
0.002503
0.00840165
0.00254841
0.00917335
0.00235223
0.00971033
0.0018819
0.00998217
0.00118634
0.0100056
0.000402613
0.0098527
-0.00036706
0.00959808
-0.00104091
0.00932017
-0.00154419
0.0090175
-0.00189941
0.00870246
-0.00213614
0.00837185
-0.00227233
0.00801064
-0.00231911
0.00759512
-0.00228573
0.00714237
-0.0021724
0.00665871
-0.0019931
0.00616642
-0.00175909
0.00568246
-0.00148409
0.00522549
-0.00119378
0.00481493
-0.000917968
0.0044636
-0.000674663
0.00417641
-0.000472189
0.00395063
-0.000312038
0.00377887
-0.000190968
0.00365204
-0.000103302
0.00356091
-4.25303e-05
0.00349719
-2.58861e-06
0.00345387
2.19054e-05
0.00342563
3.50239e-05
0.00340837
4.05573e-05
0.00339826
4.16315e-05
0.00339298
3.94653e-05
0.00339086
3.58894e-05
0.00339067
3.1436e-05
0.00339165
2.67811e-05
0.00339323
2.2346e-05
0.00339502
1.83233e-05
0.00339678
1.48088e-05
0.00339839
1.18087e-05
0.00339981
9.29167e-06
0.003401
7.21085e-06
0.00340198
5.48525e-06
0.00340277
4.1371e-06
2.75309e-06
0.0032631
-0.000156412
0.00339036
-0.000383728
0.0035069
-0.000478555
0.00358942
-0.00049806
0.00364159
-0.000484293
0.0036653
-0.000446893
0.00366236
-0.000396919
0.00363923
-0.000344859
0.00360371
-0.000293369
0.0035606
-0.000243782
0.00351282
-0.000198281
0.00346533
-0.000157615
0.00342176
-0.000120008
0.00338491
-8.35997e-05
0.0033566
-4.7369e-05
0.00333811
-1.07556e-05
0.00333108
2.74645e-05
0.00333713
6.97473e-05
0.00335827
0.000117238
0.00339683
0.000171612
0.00345586
0.000234908
0.00353895
0.000309331
0.00365044
0.000397257
0.00379623
0.000501163
0.00398357
0.000623153
0.00422146
0.000764543
0.00452082
0.000925038
0.00489436
0.00110168
0.00535597
0.00128725
0.00591833
0.00146748
0.00659454
0.0016213
0.00738093
0.00171662
0.00822203
0.0017073
0.00902062
0.00155364
0.00966715
0.00123538
0.0101062
0.000747289
0.0103177
0.000191079
0.0103128
-0.000362115
0.0101258
-0.000853926
0.00982374
-0.00124213
0.00944346
-0.00151913
0.0090019
-0.00169458
0.00850773
-0.00177816
0.00796681
-0.00177819
0.0073831
-0.00170202
0.0067701
-0.0015594
0.00614274
-0.00136574
0.00552567
-0.00114202
0.00495205
-0.000910463
0.0044511
-0.000692825
0.00403613
-0.000503005
0.00370839
-0.000346922
0.00346048
-0.000224277
0.00327997
-0.000131527
0.00315317
-6.4176e-05
0.00306759
-1.77226e-05
0.00301242
1.26402e-05
0.00297909
3.07485e-05
0.00296081
4.01801e-05
0.00295251
4.33209e-05
0.00295067
4.24037e-05
0.00295274
3.95562e-05
0.00295681
3.53959e-05
0.00296198
3.07184e-05
0.00296739
2.60276e-05
0.00297254
2.16269e-05
0.00297719
1.77015e-05
0.00298122
1.4291e-05
0.00298463
1.1398e-05
0.00298745
8.98583e-06
0.00298974
6.99978e-06
0.00299157
5.38048e-06
0.002993
4.05793e-06
0.00299412
3.01674e-06
2.00277e-06
0.0033264
-0.000282812
0.00346266
-0.00051999
0.00353028
-0.000546173
0.00353917
-0.000506954
0.00350352
-0.000448642
0.00343373
-0.000377102
0.00334098
-0.000304165
0.00323607
-0.000239951
0.0031309
-0.000188195
0.00303386
-0.000146752
0.00294848
-0.000112901
0.00287578
-8.49101e-05
0.00281642
-6.0647e-05
0.00277105
-3.82293e-05
0.00274014
-1.64614e-05
0.00272429
5.09831e-06
0.00272423
2.75221e-05
0.00274123
5.27422e-05
0.00277717
8.12985e-05
0.00283443
0.000114347
0.00291612
0.000153225
0.00302606
0.000199382
0.00316897
0.000254344
0.00335054
0.000319597
0.00357738
0.000396312
0.00385695
0.000484966
0.00419724
0.000584751
0.00460612
0.0006928
0.00509018
0.000803182
0.00565215
0.000905509
0.00628902
0.000984431
0.00698603
0.0010196
0.00770743
0.000985899
0.00839928
0.000861785
0.00899528
0.00063938
0.00941753
0.000325039
0.0096392
-3.05957e-05
0.00965432
-0.000377232
0.00948346
-0.000683063
0.00916119
-0.000919865
0.00871485
-0.00107279
0.00816528
-0.00114502
0.00753267
-0.00114554
0.00684047
-0.00108599
0.00611677
-0.00097832
0.00539555
-0.000838179
0.0047144
-0.000684594
0.00410853
-0.000536151
0.00360029
-0.000402225
0.00319549
-0.000288019
0.00288761
-0.000195132
0.00266325
-0.000122555
0.00250702
-6.80526e-05
0.00240395
-2.84538e-05
0.00234002
-2.46932e-07
0.00230453
1.7764e-05
0.00228852
2.86547e-05
0.00228559
3.36762e-05
0.00229075
3.50143e-05
0.00230025
3.38235e-05
0.00231148
3.11775e-05
0.00232334
2.769e-05
0.00233482
2.39194e-05
0.00234531
2.0226e-05
0.00235454
1.68022e-05
0.00236242
1.37428e-05
0.00236902
1.10981e-05
0.00237445
8.85964e-06
0.00237885
6.99736e-06
0.00238237
5.46869e-06
0.00238514
4.22627e-06
0.0023873
3.22319e-06
0.00238895
2.41336e-06
0.0023902
1.76618e-06
1.18974e-06
0.00336561
-0.000448424
0.00335219
-0.000506565
0.00323464
-0.000428627
0.00305849
-0.000330804
0.00285281
-0.000242967
0.00264788
-0.00017217
0.00246467
-0.000120955
0.00230955
-8.48259e-05
0.00218154
-6.0191e-05
0.00207808
-4.32867e-05
0.00199623
-3.10562e-05
0.00193297
-2.16508e-05
0.0018861
-1.37774e-05
0.00185441
-6.5418e-06
0.00183738
5.71815e-07
0.00183487
7.61208e-06
0.00184711
1.52757e-05
0.00187565
2.42034e-05
0.00192229
3.46604e-05
0.00198954
4.70932e-05
0.00208069
6.20673e-05
0.00219986
8.02102e-05
0.00235202
0.00010219
0.00254295
0.000128664
0.00277912
0.000160143
0.00306728
0.000196802
0.00341386
0.000238171
0.00382393
0.000282731
0.0042997
0.000327414
0.00483818
0.000367028
0.00542855
0.000394052
0.00604942
0.00039873
0.00666588
0.000369446
0.00723073
0.000296933
0.00768882
0.000181285
0.00798261
3.12435e-05
0.00807921
-0.000127189
0.00797267
-0.000270694
0.00768043
-0.000390825
0.00722672
-0.000466151
0.00664639
-0.000492463
0.00597688
-0.000475515
0.00525747
-0.000426125
0.00452928
-0.000357809
0.00383896
-0.000288
0.0032279
-0.00022712
0.00271708
-0.000173771
0.00231013
-0.000129201
0.00199947
-9.15734e-05
0.00177204
-6.05842e-05
0.00161342
-3.65171e-05
0.00150834
-1.74745e-05
0.0014439
-3.60778e-06
0.00141018
5.25862e-06
0.00139867
1.12699e-05
0.00140147
1.49652e-05
0.00141329
1.68274e-05
0.00143
1.6971e-05
0.00144867
1.63365e-05
0.00146748
1.50166e-05
0.00148535
1.33097e-05
0.00150157
1.14656e-05
0.00151581
9.68599e-06
0.00152799
8.03886e-06
0.00153821
6.5847e-06
0.00154663
5.32205e-06
0.00155348
4.25237e-06
0.00155897
3.36303e-06
0.00156333
2.63386e-06
0.00156676
2.04262e-06
0.00156942
1.56718e-06
0.00157146
1.18697e-06
0.00157298
8.83365e-07
0.00157411
6.37133e-07
4.61689e-07
0.00275158
0.00224501
0.00181638
0.00148558
0.00124261
0.00107044
0.000949487
0.000864661
0.00080447
0.000761183
0.000730127
0.000708476
0.000694699
0.000688157
0.000688728
0.00069634
0.000711615
0.000735818
0.000770478
0.00081757
0.000879636
0.000959845
0.00106203
0.0011907
0.00135084
0.00154764
0.00178581
0.00206854
0.00239596
0.00276298
0.00315703
0.00355576
0.00392521
0.00422214
0.00440342
0.00443467
0.00430748
0.00403678
0.00364596
0.00317981
0.00268734
0.00221183
0.0017857
0.00142789
0.00113989
0.000912773
0.000739001
0.0006098
0.000518227
0.000457643
0.000421125
0.000403651
0.000400043
0.000405301
0.000416571
0.000431536
0.000448363
0.000465334
0.00048167
0.000496686
0.000509996
0.000521461
0.000531147
0.000539186
0.00054577
0.000551092
0.000555344
0.000558707
0.000561341
0.000563383
0.00056495
0.000566137
0.00056702
0.000567658
)
;

boundaryField
{
    ibCylinder
    {
        type            immersedBoundary;
        value           nonuniform List<scalar> 
44
(
-0.000445036
-0.000478359
-0.000218582
2.75884e-05
0.000278632
0.000594009
0.000241747
-0.00118206
-0.000390922
0.000672134
0.000900849
-0.00157298
0.000515799
0.00105718
-0.00109242
-0.000480558
0.00157298
-0.00157298
0.00157298
-0.00157298
0.00157298
-0.00157298
0.00157298
-0.00157298
0.00157298
-0.00157298
0.00157298
-0.00109242
-0.000480558
0.00157298
-0.00157298
0.000515799
0.00105718
-0.00118206
-0.000390922
0.000672134
0.000900849
-0.000445036
-0.000478359
-0.000218582
2.75884e-05
0.000278632
0.000594009
0.000241747
)
;
        value           nonuniform List<scalar> 0();
    }
    in
    {
        type            calculated;
        value           nonuniform List<scalar> 
25
(
-0.0032
-0.0032
-0.0032
-0.0032
-0.0032
-0.0032
-0.0032
-0.0032
-0.0032
-0.0032
-0.0032
-0.0032
-0.0032
-0.0032
-0.0032
-0.0032
-0.0032
-0.0032
-0.0032
-0.0032
-0.0032
-0.0032
-0.0032
-0.0032
-0.0032
)
;
    }
    out
    {
        type            calculated;
        value           nonuniform List<scalar> 
25
(
0.00056812
0.00157484
0.00239101
0.00299487
0.00340332
0.00365702
0.00380267
0.00388044
0.00391934
0.00393777
0.00394603
0.00394943
0.00395034
0.00394943
0.00394603
0.00393776
0.00391934
0.00388044
0.00380267
0.00365703
0.00340332
0.00299487
0.00239101
0.00157484
0.000568119
)
;
    }
    top
    {
        type            calculated;
        value           uniform 0;
    }
    bottom
    {
        type            calculated;
        value           uniform 0;
    }
    frontAndBack
    {
        type            empty;
        value           nonuniform List<scalar> 0();
    }
}


// ************************************************************************* //
