/*--------------------------------*- C++ -*----------------------------------*\
| =========                 |                                                 |
| \\      /  F ield         | OpenFOAM: The Open Source CFD Toolbox           |
|  \\    /   O peration     | Version:  2206                                  |
|   \\  /    A nd           | Website:  www.openfoam.com                      |
|    \\/     M anipulation  |                                                 |
\*---------------------------------------------------------------------------*/
FoamFile
{
    version     2.0;
    format      ascii;
    arch        "LSB;label=32;scalar=64";
    class       volVectorField;
    location    "0.8";
    object      U;
}
// * * * * * * * * * * * * * * * * * * * * * * * * * * * * * * * * * * * * * //

dimensions      [0 1 -1 0 0 0 0];

internalField   nonuniform List<vector> 
1875
(
(0.792645 0.0207388 0)
(0.749655 0.0857196 0)
(0.648472 0.0834707 0)
(0.515687 0.0486751 0)
(0.41972 0.0245795 0)
(0.356811 0.0132763 0)
(0.313041 0.00720698 0)
(0.281752 0.00375963 0)
(0.259552 0.00188558 0)
(0.243715 0.000871698 0)
(0.232316 0.000274776 0)
(0.224212 -0.000122221 0)
(0.218744 -0.000458381 0)
(0.215576 -0.000804197 0)
(0.214718 -0.00118835 0)
(0.216005 -0.00168817 0)
(0.21951 -0.00229148 0)
(0.225601 -0.00302507 0)
(0.234731 -0.00392914 0)
(0.247404 -0.00506305 0)
(0.264325 -0.00648545 0)
(0.286386 -0.0082592 0)
(0.314683 -0.0104523 0)
(0.350518 -0.0131302 0)
(0.395385 -0.0163377 0)
(0.450891 -0.020073 0)
(0.518611 -0.0242447 0)
(0.599826 -0.0286147 0)
(0.695123 -0.0327249 0)
(0.803827 -0.0358179 0)
(0.923267 -0.0368189 0)
(1.04805 -0.0343378 0)
(1.16979 -0.0267519 0)
(1.27692 -0.0132474 0)
(1.35558 0.00386981 0)
(1.38911 0.0246344 0)
(1.3752 0.041956 0)
(1.31386 0.057762 0)
(1.20903 0.0675162 0)
(1.07212 0.0683035 0)
(0.91904 0.0612287 0)
(0.763237 0.049465 0)
(0.625327 0.0365974 0)
(0.498646 0.0208994 0)
(0.397356 0.0104889 0)
(0.317069 0.00577386 0)
(0.254663 0.00352558 0)
(0.206904 0.00328964 0)
(0.174618 0.00221163 0)
(0.150665 0.000312267 0)
(0.135717 -0.000360991 0)
(0.127751 -0.000935159 0)
(0.124799 -0.00132784 0)
(0.125299 -0.00140852 0)
(0.128038 -0.00147231 0)
(0.132259 -0.00148329 0)
(0.137378 -0.00138649 0)
(0.14273 -0.00138945 0)
(0.147994 -0.00143303 0)
(0.152916 -0.00144994 0)
(0.157358 -0.00131608 0)
(0.161265 -0.00109607 0)
(0.164583 -0.000887043 0)
(0.167308 -0.000729538 0)
(0.169587 -0.000586371 0)
(0.171439 -0.000465209 0)
(0.172927 -0.000365129 0)
(0.174109 -0.000284148 0)
(0.175039 -0.000219073 0)
(0.175764 -0.000167355 0)
(0.176323 -0.000126375 0)
(0.17675 -9.41446e-05 0)
(0.17707 -6.85294e-05 0)
(0.177308 -4.69384e-05 0)
(0.177506 -4.2184e-05 0)
(1.01389 0.122125 0)
(1.05115 0.187444 0)
(1.03835 0.178601 0)
(0.989469 0.157633 0)
(0.925415 0.128888 0)
(0.857832 0.097529 0)
(0.797127 0.0714596 0)
(0.74419 0.0519884 0)
(0.69991 0.0379975 0)
(0.663895 0.0278647 0)
(0.635153 0.0202882 0)
(0.61267 0.0143753 0)
(0.59559 0.00942956 0)
(0.583375 0.00493231 0)
(0.575792 0.000600686 0)
(0.572824 -0.00359716 0)
(0.574238 -0.00811164 0)
(0.580522 -0.0132796 0)
(0.592158 -0.0192439 0)
(0.609797 -0.0262454 0)
(0.634338 -0.0345841 0)
(0.666939 -0.0445867 0)
(0.709019 -0.0565932 0)
(0.762265 -0.0709294 0)
(0.828602 -0.0878396 0)
(0.910117 -0.107392 0)
(1.0089 -0.129334 0)
(1.1268 -0.152902 0)
(1.26504 -0.176588 0)
(1.42362 -0.19786 0)
(1.60053 -0.213054 0)
(1.79088 -0.217414 0)
(1.98612 -0.205472 0)
(2.17428 -0.172609 0)
(2.33831 -0.116941 0)
(2.46042 -0.0421641 0)
(2.52355 0.0413305 0)
(2.52324 0.115931 0)
(2.46116 0.183611 0)
(2.34242 0.232463 0)
(2.17782 0.25889 0)
(1.97904 0.263623 0)
(1.759 0.250131 0)
(1.52974 0.223075 0)
(1.30291 0.187808 0)
(1.09708 0.150169 0)
(0.920787 0.114658 0)
(0.777711 0.0843107 0)
(0.666636 0.0593357 0)
(0.583475 0.0393968 0)
(0.52437 0.0239641 0)
(0.484419 0.0121973 0)
(0.458637 0.00371932 0)
(0.44387 -0.00191904 0)
(0.437531 -0.00569742 0)
(0.436676 -0.00799346 0)
(0.439198 -0.00923833 0)
(0.443991 -0.00936358 0)
(0.449662 -0.00898564 0)
(0.455607 -0.00821075 0)
(0.461429 -0.00726622 0)
(0.466797 -0.00628376 0)
(0.471569 -0.00532769 0)
(0.475704 -0.00444075 0)
(0.479201 -0.0036451 0)
(0.482103 -0.00295169 0)
(0.484477 -0.00236274 0)
(0.486393 -0.00187164 0)
(0.487922 -0.00146801 0)
(0.489128 -0.00114007 0)
(0.49007 -0.000875671 0)
(0.490795 -0.000663673 0)
(0.491347 -0.000493864 0)
(0.491754 -0.000357075 0)
(0.492103 -0.000245172 0)
(1.01269 0.0738092 0)
(1.05993 0.148028 0)
(1.09705 0.166313 0)
(1.10958 0.163351 0)
(1.10339 0.154624 0)
(1.08611 0.139745 0)
(1.0602 0.119779 0)
(1.02829 0.0987392 0)
(0.994567 0.0798492 0)
(0.962558 0.0638061 0)
(0.93385 0.0502779 0)
(0.90908 0.0387375 0)
(0.888402 0.0284702 0)
(0.871992 0.0188603 0)
(0.860042 0.00950621 0)
(0.852734 0.000181716 0)
(0.850181 -0.00941115 0)
(0.852704 -0.0201042 0)
(0.860869 -0.0321075 0)
(0.875287 -0.0458734 0)
(0.896797 -0.0619452 0)
(0.926493 -0.0809139 0)
(0.965705 -0.103391 0)
(1.01605 -0.129984 0)
(1.07945 -0.161185 0)
(1.15812 -0.197228 0)
(1.25446 -0.237862 0)
(1.37099 -0.282035 0)
(1.51002 -0.327518 0)
(1.67312 -0.370295 0)
(1.86034 -0.404389 0)
(2.06933 -0.421684 0)
(2.29289 -0.41155 0)
(2.51782 -0.365313 0)
(2.7242 -0.279393 0)
(2.88884 -0.158072 0)
(2.99223 -0.0194455 0)
(3.03026 0.121294 0)
(3.00597 0.241973 0)
(2.92668 0.340269 0)
(2.80377 0.409506 0)
(2.64596 0.449797 0)
(2.45943 0.463294 0)
(2.25035 0.45295 0)
(2.02637 0.421963 0)
(1.79763 0.373965 0)
(1.57477 0.314644 0)
(1.37144 0.251837 0)
(1.19635 0.192137 0)
(1.05384 0.139848 0)
(0.94345 0.0967145 0)
(0.86152 0.0627855 0)
(0.803215 0.0370988 0)
(0.7638 0.0182071 0)
(0.738713 0.00488699 0)
(0.72393 -0.00401209 0)
(0.716345 -0.009431 0)
(0.713891 -0.0122535 0)
(0.714557 -0.0132648 0)
(0.717062 -0.0131306 0)
(0.720448 -0.0123459 0)
(0.724146 -0.011091 0)
(0.727854 -0.00965549 0)
(0.731324 -0.00821599 0)
(0.734421 -0.00686092 0)
(0.7371 -0.00563762 0)
(0.739361 -0.00457047 0)
(0.741235 -0.00366056 0)
(0.742763 -0.00289939 0)
(0.743992 -0.00227192 0)
(0.744967 -0.00176002 0)
(0.745729 -0.00134556 0)
(0.746321 -0.0010098 0)
(0.746755 -0.000743405 0)
(0.747155 -0.000495411 0)
(1.00548 0.0374594 0)
(1.03486 0.0950212 0)
(1.07841 0.130577 0)
(1.11218 0.14529 0)
(1.13159 0.146567 0)
(1.14457 0.139514 0)
(1.14644 0.128749 0)
(1.14212 0.116931 0)
(1.13273 0.103805 0)
(1.12004 0.0890388 0)
(1.10532 0.0739513 0)
(1.0902 0.0598519 0)
(1.07576 0.046494 0)
(1.063 0.0333752 0)
(1.05269 0.0202258 0)
(1.04531 0.00681362 0)
(1.0412 -0.0073767 0)
(1.04091 -0.0230298 0)
(1.04503 -0.0406279 0)
(1.05422 -0.0607554 0)
(1.06927 -0.0841385 0)
(1.09128 -0.111581 0)
(1.1214 -0.143966 0)
(1.16124 -0.182221 0)
(1.21285 -0.227231 2.29549e-33)
(1.27873 -0.279633 -2.2358e-33)
(1.36197 -0.339525 0)
(1.46622 -0.406148 0)
(1.59568 -0.477226 0)
(1.75447 -0.547705 0)
(1.94644 -0.610173 0)
(2.17502 -0.651403 0)
(2.43306 -0.652138 0)
(2.69806 -0.597428 0)
(2.92718 -0.479939 0)
(3.10412 -0.297041 0)
(3.20559 -0.0951828 0)
(3.24202 0.107091 0)
(3.20881 0.292587 0)
(3.12792 0.434723 0)
(3.01784 0.537787 0)
(2.88737 0.607245 0)
(2.74042 0.647216 0)
(2.57849 0.658555 0)
(2.40193 0.642699 0)
(2.21341 0.602027 0)
(2.01779 0.540847 0)
(1.8212 0.464099 0)
(1.63208 0.378626 0)
(1.46257 0.294249 0)
(1.31905 0.218248 0)
(1.20342 0.154279 0)
(1.11435 0.103112 0)
(1.04848 0.0639248 0)
(1.00154 0.0351367 0)
(0.969251 0.0149415 0)
(0.947984 0.0014334 0)
(0.934738 -0.00700683 0)
(0.927166 -0.0118406 0)
(0.92328 -0.0138998 0)
(0.921912 -0.0141221 0)
(0.92219 -0.0136034 0)
(0.923213 -0.0124277 0)
(0.924736 -0.0109327 0)
(0.92644 -0.00936401 0)
(0.928127 -0.00784338 0)
(0.929672 -0.00646242 0)
(0.931034 -0.00524691 0)
(0.932199 -0.00420478 0)
(0.933171 -0.00332868 0)
(0.933967 -0.00260263 0)
(0.934606 -0.00200797 0)
(0.935117 -0.00151957 0)
(0.935493 -0.00113813 0)
(0.935865 -0.000754852 0)
(1.00294 0.0230945 0)
(1.01942 0.0644849 0)
(1.05001 0.0947703 0)
(1.08348 0.113689 0)
(1.1122 0.122799 0)
(1.13516 0.12418 0)
(1.1517 0.120649 0)
(1.16241 0.11327 0)
(1.17012 0.102312 0)
(1.17262 0.0909387 0)
(1.17217 0.0803609 0)
(1.16972 0.0689132 0)
(1.16584 0.0565533 0)
(1.16142 0.0428372 0)
(1.1571 0.027908 0)
(1.15342 0.012159 0)
(1.15084 -0.00479262 0)
(1.15005 -0.0236506 0)
(1.15176 -0.0450738 0)
(1.1566 -0.0697676 0)
(1.16517 -0.0986984 0)
(1.17853 -0.132697 0)
(1.19783 -0.172891 0)
(1.2248 -0.221045 0)
(1.26157 -0.278425 0)
(1.31107 -0.346329 0)
(1.37722 -0.425754 0)
(1.46517 -0.516767 0)
(1.58182 -0.617793 0)
(1.73462 -0.724015 0)
(1.93566 -0.829277 0)
(2.19546 -0.913799 0)
(2.48589 -0.944107 0)
(2.75408 -0.888207 0)
(2.95252 -0.721774 0)
(3.10321 -0.461274 0)
(3.13602 -0.167154 0)
(3.11562 0.107305 0)
(3.05024 0.340708 0)
(2.96279 0.512714 0)
(2.86967 0.634256 0)
(2.76992 0.715869 0)
(2.66885 0.763064 0)
(2.56547 0.784979 0)
(2.44221 0.782535 0)
(2.30562 0.753397 0)
(2.15764 0.703414 0)
(2.00403 0.635575 0)
(1.85016 0.550496 0)
(1.70082 0.454111 0)
(1.56411 0.357471 0)
(1.44461 0.268858 0)
(1.34488 0.193051 0)
(1.26522 0.131839 0)
(1.20384 0.0847399 0)
(1.15794 0.050014 0)
(1.12457 0.0254392 0)
(1.10099 0.00883755 0)
(1.08472 -0.00173236 0)
(1.07389 -0.00795022 0)
(1.06709 -0.0111588 0)
(1.06308 -0.0123639 0)
(1.06079 -0.0122132 0)
(1.05978 -0.0114867 0)
(1.05948 -0.0102637 0)
(1.05965 -0.00887931 0)
(1.06009 -0.00749606 0)
(1.06065 -0.00620207 0)
(1.06122 -0.00505035 0)
(1.06175 -0.004053 0)
(1.06223 -0.00320668 0)
(1.06264 -0.00250114 0)
(1.06298 -0.00191127 0)
(1.06324 -0.0014501 0)
(1.06351 -0.000967731 0)
(1.00169 0.0155101 0)
(1.01147 0.0449265 0)
(1.03157 0.0685958 0)
(1.05674 0.0852439 0)
(1.08247 0.0956169 0)
(1.10666 0.100707 0)
(1.12823 0.101497 0)
(1.14652 0.0986556 0)
(1.16127 0.0929245 0)
(1.17223 0.0854027 0)
(1.18044 0.0766201 0)
(1.18647 0.0662535 0)
(1.19103 0.0543946 0)
(1.19367 0.0414732 0)
(1.19489 0.0278593 0)
(1.19537 0.0130406 0)
(1.19545 -0.00398533 0)
(1.19544 -0.0238409 0)
(1.19588 -0.0469419 0)
(1.19729 -0.0736961 0)
(1.20026 -0.105307 0)
(1.20557 -0.143517 0)
(1.21472 -0.189673 0)
(1.229 -0.245277 0)
(1.25052 -0.312651 0)
(1.28229 -0.394221 0)
(1.32876 -0.492443 0)
(1.39639 -0.609494 0)
(1.49483 -0.746362 0)
(1.63599 -0.901325 0)
(1.84493 -1.07517 0)
(2.11205 -1.22703 0)
(2.34599 -1.25177 0)
(2.52373 -1.14237 0)
(2.56031 -0.906139 0)
(2.45209 -0.551275 0)
(2.31553 -0.167855 0)
(2.21384 0.179153 0)
(2.18221 0.445241 0)
(2.18357 0.602834 0)
(2.20486 0.722463 0)
(2.22774 0.797775 0)
(2.23936 0.849856 0)
(2.23152 0.878638 0)
(2.20064 0.897321 0)
(2.14633 0.882824 0)
(2.06611 0.841319 0)
(1.97569 0.769068 0)
(1.86973 0.679368 0)
(1.75899 0.57863 0)
(1.65041 0.47441 0)
(1.55102 0.374135 0)
(1.46361 0.283286 0)
(1.3894 0.205818 0)
(1.32823 0.143134 0)
(1.27917 0.0946759 0)
(1.24089 0.0587155 0)
(1.21178 0.0330523 0)
(1.19013 0.0154554 0)
(1.1744 0.00391357 0)
(1.16322 -0.00321616 0)
(1.15548 -0.00720969 0)
(1.15029 -0.00905981 0)
(1.14689 -0.00957237 0)
(1.14474 -0.00924146 0)
(1.14344 -0.00845403 0)
(1.1427 -0.00744183 0)
(1.14234 -0.00635459 0)
(1.14222 -0.00529895 0)
(1.14224 -0.00433403 0)
(1.14233 -0.00348316 0)
(1.14245 -0.00275367 0)
(1.14257 -0.0021289 0)
(1.14269 -0.00163212 0)
(1.14281 -0.00109728 0)
(1.00107 0.0108411 0)
(1.00737 0.0319726 0)
(1.02103 0.0499776 0)
(1.03936 0.0636238 0)
(1.05964 0.0729697 0)
(1.08027 0.0784818 0)
(1.10043 0.0807506 0)
(1.11937 0.0801949 0)
(1.13644 0.0772081 0)
(1.15119 0.0723446 0)
(1.1638 0.0659517 0)
(1.17444 0.0581059 0)
(1.18296 0.0489243 0)
(1.18975 0.0382122 0)
(1.19441 0.0257947 0)
(1.19756 0.0116075 0)
(1.19948 -0.00483513 0)
(1.19996 -0.0241997 0)
(1.19949 -0.047082 0)
(1.19832 -0.07431 0)
(1.1968 -0.107255 0)
(1.19542 -0.147202 0)
(1.19469 -0.19585 0)
(1.19578 -0.255804 0)
(1.20041 -0.33008 0)
(1.21136 -0.422351 0)
(1.23303 -0.537104 0)
(1.27249 -0.679571 0)
(1.34115 -0.855196 0)
(1.45504 -1.06925 0)
(1.6368 -1.32732 0)
(1.82152 -1.44339 0)
(1.79394 -1.35292 0)
(1.48543 -0.970282 -4.89738e-19)
(0.986991 -0.442212 1.09498e-18)
(0.462509 -0.0578451 1.5202e-16)
(0.0861139 0.00664822 -5.51501e-32)
(0.286043 0.0556973 0)
(0.553853 0.213647 4.64466e-18)
(0.647284 0.396203 0)
(0.907505 0.576497 0)
(1.14643 0.679786 0)
(1.3719 0.762908 0)
(1.54208 0.828873 0)
(1.65722 0.87139 0)
(1.72228 0.883961 0)
(1.74591 0.874941 0)
(1.74176 0.834518 0)
(1.71148 0.762741 0)
(1.66261 0.669792 0)
(1.60293 0.563783 0)
(1.53882 0.455151 0)
(1.47701 0.354421 0)
(1.42102 0.267137 0)
(1.37233 0.195122 0)
(1.33126 0.137557 0)
(1.29741 0.0930263 0)
(1.2701 0.0597673 0)
(1.24854 0.0357717 0)
(1.23189 0.0190391 0)
(1.21932 0.00780032 0)
(1.21002 0.000625531 0)
(1.20326 -0.00362644 0)
(1.19845 -0.00586948 0)
(1.19509 -0.00676181 0)
(1.19276 -0.00681831 0)
(1.19117 -0.00639231 0)
(1.19009 -0.00571745 0)
(1.18939 -0.00494035 0)
(1.18894 -0.00415275 0)
(1.18866 -0.00340893 0)
(1.1885 -0.00274117 0)
(1.1884 -0.0021485 0)
(1.18836 -0.00166521 0)
(1.18833 -0.00112913 0)
(1.00074 0.00773636 0)
(1.00516 0.0230234 0)
(1.01498 0.0365391 0)
(1.02864 0.0472356 0)
(1.04446 0.0549615 0)
(1.06134 0.0599275 0)
(1.07853 0.0624085 0)
(1.09543 0.0626877 0)
(1.1115 0.0610392 0)
(1.12635 0.0577893 0)
(1.13978 0.0531374 0)
(1.15168 0.0470906 0)
(1.1618 0.0396373 0)
(1.1701 0.0307241 0)
(1.17647 0.0202588 0)
(1.18088 0.00795396 0)
(1.18332 -0.00663398 0)
(1.18367 -0.0241153 0)
(1.18179 -0.0452663 0)
(1.17764 -0.0709741 0)
(1.17117 -0.102434 0)
(1.1624 -0.141284 0)
(1.15147 -0.189646 0)
(1.13874 -0.250334 0)
(1.12508 -0.327098 4.08067e-32)
(1.1122 -0.424959 -4.00543e-32)
(1.10333 -0.550629 0)
(1.10446 -0.71298 0)
(1.12522 -0.923235 0)
(1.17996 -1.19041 0)
(1.2583 -1.45501 0)
(1.10297 -1.35959 0)
(0.545701 -0.73743 0)
(-0.191402 -0.164041 -1.16885e-18)
(0 0 0)
(0 0 0)
(0 0 0)
(0 0 0)
(0 0 0)
(-0.237989 0.0943074 0)
(-0.0193359 0.219957 0)
(0.147487 0.351805 0)
(0.444601 0.478844 0)
(0.727661 0.61081 0)
(0.962126 0.722186 0)
(1.13554 0.794725 0)
(1.25568 0.819517 0)
(1.33921 0.805045 0)
(1.39268 0.762006 0)
(1.42033 0.689719 0)
(1.4265 0.598822 0)
(1.41714 0.499341 0)
(1.39793 0.400132 0)
(1.37416 0.310205 0)
(1.349 0.232822 0)
(1.32496 0.169587 0)
(1.30314 0.119878 0)
(1.28419 0.0819043 0)
(1.26829 0.0536798 0)
(1.2553 0.0331771 0)
(1.24489 0.0186533 0)
(1.23667 0.00887795 0)
(1.23043 0.00250676 0)
(1.22564 -0.00140554 0)
(1.22208 -0.00354127 0)
(1.21941 -0.00451718 0)
(1.21745 -0.00475607 0)
(1.21601 -0.00456446 0)
(1.21496 -0.00413819 0)
(1.2142 -0.00360288 0)
(1.21365 -0.00303719 0)
(1.21327 -0.00249308 0)
(1.21299 -0.00198498 0)
(1.21281 -0.00155885 0)
(1.21264 -0.00106798 0)
(1.00056 0.00550599 0)
(1.00387 0.0164576 0)
(1.01134 0.0263658 0)
(1.02198 0.0344562 0)
(1.03467 0.0404903 0)
(1.04857 0.0445284 0)
(1.0631 0.0467289 0)
(1.07777 0.0472724 0)
(1.09208 0.0463257 0)
(1.10566 0.0440642 0)
(1.11825 0.0406126 0)
(1.12963 0.0359972 0)
(1.13956 0.0301939 0)
(1.14781 0.0231372 0)
(1.15415 0.0146954 0)
(1.1584 0.00454204 0)
(1.16028 -0.00773385 0)
(1.15947 -0.0227045 0)
(1.1556 -0.0410712 0)
(1.14823 -0.063719 0)
(1.13689 -0.0918529 0)
(1.12101 -0.127091 0)
(1.10001 -0.171627 0)
(1.07326 -0.228492 0)
(1.04029 -0.301899 0)
(1.00098 -0.397803 0)
(0.956124 -0.524689 0)
(0.908393 -0.69458 0)
(0.862922 -0.922811 0)
(0.830794 -1.2038 0)
(0.696523 -1.29924 0)
(0.116548 -0.663341 0)
(0 0 0)
(0 0 0)
(0 0 0)
(0 0 0)
(0 0 0)
(0 0 0)
(0 0 0)
(0 0 0)
(-0.410523 0.0357289 -3.55668e-17)
(-0.290342 0.108891 -3.76528e-16)
(-0.159444 0.189831 0)
(0.0818826 0.329951 0)
(0.322886 0.48124 0)
(0.537935 0.601333 0)
(0.719206 0.67214 0)
(0.869327 0.696592 0)
(0.992136 0.681437 0)
(1.08834 0.635545 0)
(1.16052 0.56725 0)
(1.21121 0.485341 0)
(1.24359 0.399125 0)
(1.2619 0.317212 0)
(1.27031 0.24458 0)
(1.27212 0.183339 0)
(1.26988 0.13365 0)
(1.26547 0.0945707 0)
(1.26004 0.0646452 0)
(1.25454 0.0423805 0)
(1.24935 0.0263426 0)
(1.24469 0.0151177 0)
(1.24065 0.00739026 0)
(1.23723 0.00246027 0)
(1.23451 -0.000522573 0)
(1.23226 -0.00220526 0)
(1.23044 -0.00298637 0)
(1.22899 -0.00322249 0)
(1.22785 -0.00312799 0)
(1.22697 -0.00284761 0)
(1.22629 -0.00247628 0)
(1.22577 -0.00207942 0)
(1.22537 -0.00168285 0)
(1.22509 -0.00133871 0)
(1.22479 -0.000926089 0)
(1.00045 0.0037877 0)
(1.00309 0.011345 0)
(1.00909 0.0182853 0)
(1.01779 0.0240755 0)
(1.02837 0.0284951 0)
(1.04019 0.0315309 0)
(1.05274 0.0332541 0)
(1.06559 0.0337768 0)
(1.07832 0.0332077 0)
(1.09054 0.0316447 0)
(1.10198 0.0291627 0)
(1.11236 0.0257812 0)
(1.12142 0.0214687 0)
(1.12887 0.0161439 0)
(1.13442 0.00970553 0)
(1.13779 0.00186192 0)
(1.13852 -0.00771495 0)
(1.13613 -0.0195049 0)
(1.13002 -0.0341239 0)
(1.11944 -0.0523724 0)
(1.10347 -0.0753192 0)
(1.08098 -0.104416 0)
(1.05057 -0.141676 0)
(1.0105 -0.189954 0)
(0.958659 -0.253366 5.72518e-33)
(0.892521 -0.3379 -5.70433e-33)
(0.809235 -0.452479 0)
(0.705494 -0.610058 0)
(0.58296 -0.823519 0)
(0.410744 -1.04194 0)
(0.010656 -0.77422 -1.84277e-16)
(-0.402712 -0.111539 0)
(0 0 0)
(0 0 0)
(0 0 0)
(0 0 0)
(0 0 0)
(0 0 0)
(0 0 0)
(0 0 0)
(0 0 0)
(-0.451656 0.0153152 0)
(-0.395044 0.0199259 0)
(-0.293286 0.119825 0)
(-0.114271 0.267454 0)
(0.0749887 0.398295 0)
(0.26017 0.487273 0)
(0.435601 0.533013 0)
(0.598269 0.541024 0)
(0.744203 0.519046 0)
(0.869558 0.474477 0)
(0.97287 0.415149 0)
(1.05429 0.34905 0)
(1.11568 0.28333 0)
(1.16038 0.222919 0)
(1.19172 0.170482 0)
(1.21286 0.126864 0)
(1.22649 0.0918334 0)
(1.23475 0.0645417 0)
(1.23928 0.0437993 0)
(1.24128 0.0284897 0)
(1.24169 0.0175465 0)
(1.24109 0.00987549 0)
(1.24003 0.0047163 0)
(1.23869 0.00142262 0)
(1.23732 -0.000477578 0)
(1.23607 -0.00149719 0)
(1.23489 -0.00198638 0)
(1.23387 -0.00212033 0)
(1.23301 -0.00203851 0)
(1.2323 -0.00183507 0)
(1.23172 -0.00157719 0)
(1.23125 -0.00129655 0)
(1.23092 -0.00104286 0)
(1.23055 -0.000726944 0)
(1.00038 0.00237838 0)
(1.00261 0.00712946 0)
(1.00772 0.0115369 0)
(1.01521 0.0152665 0)
(1.02444 0.0181575 0)
(1.0349 0.0201763 0)
(1.04614 0.0213504 0)
(1.05772 0.0217393 0)
(1.0693 0.0214071 0)
(1.08047 0.0204094 0)
(1.09094 0.0187878 0)
(1.10043 0.0165527 0)
(1.10862 0.013677 0)
(1.11522 0.0100907 0)
(1.11988 0.00570307 0)
(1.12223 0.000386052 0)
(1.12177 -0.00619267 0)
(1.11786 -0.0143383 0)
(1.10972 -0.0245116 0)
(1.09636 -0.0373172 0)
(1.07652 -0.0535568 0)
(1.04856 -0.0743308 0)
(1.01037 -0.101191 0)
(0.959157 -0.136369 0)
(0.891208 -0.183134 0)
(0.801567 -0.246402 0)
(0.683579 -0.333612 0)
(0.528702 -0.455406 0)
(0.327595 -0.615649 0)
(0.0156901 -0.724536 0)
(-0.335955 -0.414958 -3.80393e-16)
(0 0 0)
(0 0 0)
(0 0 0)
(0 0 0)
(0 0 0)
(0 0 0)
(0 0 0)
(0 0 0)
(0 0 0)
(0 0 0)
(0 0 0)
(-0.429365 -0.0278167 0)
(-0.441379 0.0174613 0)
(-0.361527 0.121131 0)
(-0.22354 0.22971 0)
(-0.0605717 0.308815 0)
(0.115151 0.354891 0)
(0.293417 0.371328 0)
(0.465435 0.363702 0)
(0.623757 0.33803 0)
(0.763195 0.300229 0)
(0.881109 0.256084 0)
(0.977162 0.210913 0)
(1.05273 0.16845 0)
(1.11031 0.130776 0)
(1.1529 0.0987753 0)
(1.18353 0.0725896 0)
(1.2049 0.0518398 0)
(1.2193 0.0358544 0)
(1.22856 0.0238987 0)
(1.23417 0.0152124 0)
(1.23725 0.00906461 0)
(1.23864 0.00486543 0)
(1.23895 0.00210845 0)
(1.23862 0.000397607 0)
(1.23799 -0.000553473 0)
(1.23722 -0.00104573 0)
(1.23641 -0.00125513 0)
(1.23565 -0.00127941 0)
(1.23497 -0.00119163 0)
(1.23439 -0.0010458 0)
(1.2339 -0.000871408 0)
(1.23355 -0.000707728 0)
(1.23313 -0.000496545 0)
(1.00034 0.00114623 0)
(1.00236 0.00344048 0)
(1.00698 0.00558118 0)
(1.0138 0.00740934 0)
(1.02228 0.0088383 0)
(1.03197 0.00984482 0)
(1.04246 0.0104382 0)
(1.05332 0.0106428 0)
(1.06421 0.0104884 0)
(1.07474 0.0100008 0)
(1.08461 0.00919813 0)
(1.09351 0.00808486 0)
(1.10114 0.00664546 0)
(1.10715 0.00483397 0)
(1.11117 0.00256956 0)
(1.11273 -8.55956e-05 0)
(1.11143 -0.00343275 0)
(1.10645 -0.00759455 0)
(1.09691 -0.0128163 0)
(1.08168 -0.0194216 0)
(1.05925 -0.0278388 0)
(1.02767 -0.0386611 0)
(0.984311 -0.0527334 0)
(0.925653 -0.0712814 0)
(0.846843 -0.0961186 2.53857e-32)
(0.741102 -0.129997 -2.58794e-32)
(0.598915 -0.177132 0)
(0.407126 -0.243224 0)
(0.141018 -0.326684 0)
(-0.247363 -0.344229 0)
(-0.456562 -0.0880434 1.2807e-16)
(0 0 0)
(0 0 0)
(0 0 0)
(0 0 0)
(0 0 0)
(0 0 0)
(0 0 0)
(0 0 0)
(0 0 0)
(0 0 0)
(0 0 0)
(-0.473507 -0.0227597 -2.98828e-16)
(-0.482691 -0.00898609 0)
(-0.476957 0.0416023 0)
(-0.383709 0.100712 0)
(-0.245554 0.148112 0)
(-0.0778118 0.176952 0)
(0.104399 0.189204 0)
(0.289039 0.188045 0)
(0.466115 0.176847 0)
(0.628276 0.159526 0)
(0.767477 0.136635 0)
(0.88356 0.112866 0)
(0.978315 0.0906129 0)
(1.05273 0.0708686 0)
(1.10952 0.0539496 0)
(1.15171 0.0399661 0)
(1.1822 0.0287883 0)
(1.20358 0.0201147 0)
(1.21805 0.0135756 0)
(1.22744 0.00878367 0)
(1.23321 0.00536189 0)
(1.23646 0.00299476 0)
(1.23802 0.00142637 0)
(1.23852 0.000457498 0)
(1.2384 -9.90644e-05 0)
(1.23796 -0.00042022 0)
(1.23734 -0.000567854 0)
(1.23668 -0.000608183 0)
(1.23605 -0.000581684 0)
(1.23549 -0.000518066 0)
(1.23499 -0.000436402 0)
(1.23463 -0.000356928 0)
(1.2342 -0.000251152 0)
(1.00033 1.71557e-06 0)
(1.00224 6.67327e-08 0)
(1.00672 4.7913e-07 0)
(1.01334 6.95859e-07 0)
(1.02159 1.16484e-06 0)
(1.03103 1.68116e-06 0)
(1.04127 2.29943e-06 0)
(1.05189 3.0271e-06 0)
(1.06256 3.88112e-06 0)
(1.07288 4.77298e-06 0)
(1.08255 5.66815e-06 0)
(1.09125 6.4703e-06 0)
(1.09869 7.1326e-06 0)
(1.1045 7.55866e-06 0)
(1.10837 7.6877e-06 0)
(1.10955 7.40213e-06 0)
(1.10792 6.86313e-06 0)
(1.10256 6.0109e-06 0)
(1.09254 4.8995e-06 0)
(1.07665 3.53063e-06 0)
(1.05332 1.93699e-06 0)
(1.02046 1.92165e-07 0)
(0.9753 -1.40761e-06 0)
(0.914029 -2.62574e-06 0)
(0.831389 -3.33731e-06 0)
(0.719956 -3.65427e-06 0)
(0.56919 -3.82221e-06 0)
(0.364138 -4.45497e-06 0)
(0.0730611 -6.56882e-06 0)
(-0.321953 -7.48739e-06 0)
(-0.465209 -1.32964e-06 0)
(0 0 0)
(0 0 0)
(0 0 0)
(0 0 0)
(0 0 0)
(0 0 0)
(0 0 0)
(0 0 0)
(0 0 0)
(0 0 0)
(0 0 0)
(-0.470172 1.00414e-05 0)
(-0.490338 9.72989e-06 0)
(-0.508693 3.96878e-07 0)
(-0.434303 -6.0014e-06 0)
(-0.307191 -9.56499e-06 0)
(-0.143631 -1.16747e-05 0)
(0.0390434 -1.20879e-05 0)
(0.227376 -1.07774e-05 0)
(0.411031 -6.66631e-06 0)
(0.581186 -1.61488e-06 0)
(0.726385 2.80973e-06 0)
(0.84939 8.00748e-06 0)
(0.951512 1.05778e-05 0)
(1.03201 1.20513e-05 0)
(1.0938 1.15372e-05 0)
(1.14009 1.02666e-05 0)
(1.17384 8.44189e-06 0)
(1.19772 6.61241e-06 0)
(1.21406 4.91843e-06 0)
(1.22483 3.43531e-06 0)
(1.23158 2.21946e-06 0)
(1.23552 1.30582e-06 0)
(1.23753 6.88968e-07 0)
(1.23837 4.09617e-07 0)
(1.23837 2.78258e-07 0)
(1.23809 2.87422e-07 0)
(1.23756 2.99822e-07 0)
(1.23694 3.40555e-07 0)
(1.23633 3.3729e-07 0)
(1.23578 2.82643e-07 0)
(1.23528 2.14383e-07 0)
(1.23492 1.14762e-07 0)
(1.23448 1.21149e-08 0)
(1.00034 -0.00114305 0)
(1.00236 -0.00344029 0)
(1.00698 -0.00558003 0)
(1.0138 -0.00740791 0)
(1.02228 -0.00883594 0)
(1.03197 -0.00984146 0)
(1.04246 -0.0104336 0)
(1.05332 -0.0106368 0)
(1.06421 -0.0104807 0)
(1.07474 -0.00999134 0)
(1.08461 -0.0091869 0)
(1.09351 -0.00807203 0)
(1.10114 -0.00663136 0)
(1.10715 -0.00481906 0)
(1.11118 -0.00255434 0)
(1.11273 0.000100379 0)
(1.11143 0.00344627 0)
(1.10645 0.00760635 0)
(1.09692 0.0128259 0)
(1.08168 0.0194285 0)
(1.05925 0.0278426 0)
(1.02767 0.0386614 0)
(0.984314 0.0527306 0)
(0.925657 0.0712762 0)
(0.846846 0.096112 0)
(0.741105 0.12999 0)
(0.598917 0.177124 0)
(0.407128 0.243215 0)
(0.141017 0.326671 0)
(-0.247368 0.344216 0)
(-0.456564 0.088034 -1.28057e-16)
(0 0 0)
(0 0 0)
(0 0 0)
(0 0 0)
(0 0 0)
(0 0 0)
(0 0 0)
(0 0 0)
(0 0 0)
(0 0 0)
(0 0 0)
(-0.473524 0.0227857 2.97017e-16)
(-0.48271 0.00901211 0)
(-0.476962 -0.0415982 0)
(-0.383715 -0.100722 0)
(-0.245558 -0.148132 0)
(-0.0778131 -0.176976 0)
(0.104402 -0.18923 0)
(0.289046 -0.188068 0)
(0.466124 -0.176862 0)
(0.628283 -0.159529 0)
(0.767488 -0.136632 0)
(0.883568 -0.112851 0)
(0.978319 -0.0905913 0)
(1.05274 -0.0708436 0)
(1.10952 -0.0539259 0)
(1.15171 -0.0399451 0)
(1.1822 -0.0287713 0)
(1.20358 -0.0201014 0)
(1.21805 -0.0135658 0)
(1.22744 -0.00877679 0)
(1.23321 -0.00535745 0)
(1.23646 -0.00299201 0)
(1.23802 -0.00142497 0)
(1.23852 -0.000456605 0)
(1.2384 9.9737e-05 0)
(1.23796 0.000420881 0)
(1.23734 0.000568535 0)
(1.23668 0.000608912 0)
(1.23605 0.000582377 0)
(1.23549 0.000518653 0)
(1.23499 0.000436857 0)
(1.23463 0.000357168 0)
(1.2342 0.000251159 0)
(1.00038 -0.00237415 0)
(1.00262 -0.00713068 0)
(1.00772 -0.0115355 0)
(1.01521 -0.0152651 0)
(1.02444 -0.0181552 0)
(1.0349 -0.020173 0)
(1.04614 -0.0213459 0)
(1.05772 -0.0217334 0)
(1.0693 -0.0213996 0)
(1.08047 -0.0204002 0)
(1.09094 -0.0187768 0)
(1.10043 -0.0165402 0)
(1.10862 -0.0136634 0)
(1.11522 -0.0100763 0)
(1.11988 -0.00568837 0)
(1.12223 -0.000371773 0)
(1.12178 0.00620581 0)
(1.11787 0.0143497 0)
(1.10973 0.0245209 0)
(1.09637 0.0373238 0)
(1.07652 0.0535602 0)
(1.04857 0.074331 0)
(1.01038 0.101188 0)
(0.959163 0.136364 0)
(0.891214 0.183127 0)
(0.801573 0.246395 0)
(0.683584 0.333605 0)
(0.528707 0.455397 0)
(0.327601 0.615636 0)
(0.0156611 0.724519 0)
(-0.335992 0.414962 3.80406e-16)
(0 0 0)
(0 0 0)
(0 0 0)
(0 0 0)
(0 0 0)
(0 0 0)
(0 0 0)
(0 0 0)
(0 0 0)
(0 0 0)
(0 0 0)
(-0.429382 0.027855 0)
(-0.441401 -0.0174389 0)
(-0.361537 -0.121131 0)
(-0.22355 -0.229722 0)
(-0.0605748 -0.308838 0)
(0.115155 -0.354921 0)
(0.293429 -0.371359 0)
(0.465453 -0.36373 0)
(0.623777 -0.338048 0)
(0.763214 -0.300233 0)
(0.881124 -0.256076 0)
(0.977172 -0.210894 0)
(1.05274 -0.168425 0)
(1.11031 -0.130748 0)
(1.1529 -0.0987506 0)
(1.18353 -0.0725681 0)
(1.20491 -0.0518229 0)
(1.2193 -0.0358414 0)
(1.22856 -0.0238891 0)
(1.23417 -0.0152056 0)
(1.23726 -0.00906011 0)
(1.23864 -0.00486257 0)
(1.23895 -0.0021067 0)
(1.23862 -0.00039636 0)
(1.23799 0.00055454 0)
(1.23722 0.00104666 0)
(1.23641 0.00125599 0)
(1.23565 0.00128023 0)
(1.23497 0.00119237 0)
(1.23439 0.00104641 0)
(1.2339 0.000871859 0)
(1.23355 0.000707961 0)
(1.23313 0.000496546 0)
(1.00045 -0.00378422 0)
(1.00309 -0.0113456 0)
(1.00909 -0.0182838 0)
(1.01779 -0.0240741 0)
(1.02837 -0.0284928 0)
(1.04019 -0.0315277 0)
(1.05274 -0.0332497 0)
(1.06559 -0.0337711 0)
(1.07832 -0.0332005 0)
(1.09054 -0.0316358 0)
(1.10198 -0.0291522 0)
(1.11236 -0.0257694 0)
(1.12142 -0.0214558 0)
(1.12888 -0.0161302 0)
(1.13443 -0.00969161 0)
(1.1378 -0.00184837 0)
(1.13853 0.00772745 0)
(1.13614 0.0195157 0)
(1.13003 0.0341325 0)
(1.11945 0.0523784 0)
(1.10348 0.0753223 0)
(1.08099 0.104416 0)
(1.05057 0.141673 0)
(1.0105 0.189949 0)
(0.958668 0.25336 0)
(0.892529 0.337894 0)
(0.809242 0.452472 0)
(0.7055 0.610049 0)
(0.58296 0.823507 0)
(0.41074 1.04192 0)
(0.0106498 0.774227 1.84276e-16)
(-0.402711 0.111537 0)
(0 0 0)
(0 0 0)
(0 0 0)
(0 0 0)
(0 0 0)
(0 0 0)
(0 0 0)
(0 0 0)
(0 0 0)
(-0.4517 -0.0152999 0)
(-0.395081 -0.0198895 0)
(-0.293311 -0.119798 0)
(-0.114291 -0.267458 0)
(0.0749767 -0.398314 0)
(0.260173 -0.487305 0)
(0.435614 -0.533052 0)
(0.598291 -0.541064 0)
(0.744229 -0.519078 0)
(0.869584 -0.474495 0)
(0.97289 -0.415149 0)
(1.0543 -0.349034 0)
(1.11569 -0.283304 0)
(1.16038 -0.22289 0)
(1.19172 -0.170451 0)
(1.21286 -0.12684 0)
(1.22649 -0.0918125 0)
(1.23475 -0.0645258 0)
(1.23928 -0.0437873 0)
(1.24128 -0.0284807 0)
(1.24169 -0.01754 0)
(1.24109 -0.00987094 0)
(1.24003 -0.00471295 0)
(1.23869 -0.00142029 0)
(1.23732 0.000479467 0)
(1.23608 0.00149871 0)
(1.23489 0.00198768 0)
(1.23387 0.00212144 0)
(1.23301 0.00203946 0)
(1.2323 0.0018359 0)
(1.23172 0.00157784 0)
(1.23125 0.00129701 0)
(1.23092 0.00104309 0)
(1.23055 0.000726923 0)
(1.00056 -0.00550297 0)
(1.00387 -0.0164576 0)
(1.01134 -0.0263647 0)
(1.02198 -0.0344549 0)
(1.03467 -0.040488 0)
(1.04857 -0.0445253 0)
(1.0631 -0.0467247 0)
(1.07777 -0.0472669 0)
(1.09208 -0.0463188 0)
(1.10566 -0.0440558 0)
(1.11826 -0.0406028 0)
(1.12964 -0.0359862 0)
(1.13956 -0.0301818 0)
(1.14781 -0.0231245 0)
(1.15416 -0.0146824 0)
(1.15841 -0.00452952 0)
(1.16029 0.00774534 0)
(1.15948 0.0227143 0)
(1.15561 0.0410788 0)
(1.14824 0.0637241 0)
(1.1369 0.0918553 0)
(1.12102 0.127091 0)
(1.10002 0.171624 0)
(1.07327 0.228487 0)
(1.0403 0.301894 0)
(1.00099 0.397797 0)
(0.956134 0.524682 0)
(0.908401 0.694573 0)
(0.862929 0.922802 0)
(0.830794 1.20379 0)
(0.696531 1.29923 0)
(0.11655 0.663349 0)
(0 0 0)
(0 0 0)
(0 0 0)
(0 0 0)
(0 0 0)
(0 0 0)
(0 0 0)
(0 0 0)
(-0.410534 -0.035707 3.55756e-17)
(-0.29038 -0.108838 3.76619e-16)
(-0.159491 -0.189786 0)
(0.0818512 -0.329939 0)
(0.322865 -0.481256 0)
(0.537927 -0.601368 0)
(0.719218 -0.672189 0)
(0.869349 -0.696639 0)
(0.992164 -0.681482 0)
(1.08837 -0.635578 0)
(1.16054 -0.567262 0)
(1.21122 -0.485332 0)
(1.24359 -0.3991 0)
(1.26189 -0.31718 0)
(1.27031 -0.244549 0)
(1.27211 -0.183311 0)
(1.26988 -0.133627 0)
(1.26547 -0.0945531 0)
(1.26004 -0.0646313 0)
(1.25455 -0.0423698 0)
(1.24935 -0.0263342 0)
(1.2447 -0.0151112 0)
(1.24065 -0.00738533 0)
(1.23723 -0.00245628 0)
(1.23451 0.000525721 0)
(1.23226 0.00220778 0)
(1.23045 0.00298842 0)
(1.22899 0.00322416 0)
(1.22786 0.00312934 0)
(1.22697 0.00284872 0)
(1.22629 0.00247716 0)
(1.22577 0.00208008 0)
(1.22537 0.00168329 0)
(1.22509 0.0013389 0)
(1.22479 0.00092604 0)
(1.00074 -0.00773359 0)
(1.00515 -0.0230231 0)
(1.01498 -0.0365382 0)
(1.02864 -0.0472342 0)
(1.04446 -0.0549593 0)
(1.06134 -0.0599244 0)
(1.07853 -0.0624044 0)
(1.09543 -0.0626825 0)
(1.1115 -0.0610328 0)
(1.12635 -0.0577815 0)
(1.13978 -0.0531285 0)
(1.15168 -0.0470806 0)
(1.16181 -0.0396265 0)
(1.17011 -0.0307128 0)
(1.17648 -0.0202473 0)
(1.18088 -0.00794281 0)
(1.18332 0.00664418 0)
(1.18368 0.0241238 0)
(1.1818 0.0452727 0)
(1.17765 0.0709782 0)
(1.17119 0.102436 0)
(1.16242 0.141284 0)
(1.15148 0.189644 0)
(1.13876 0.25033 0)
(1.12509 0.327093 0)
(1.11221 0.424953 0)
(1.10334 0.550623 0)
(1.10446 0.712973 0)
(1.12523 0.923227 0)
(1.17997 1.1904 0)
(1.25831 1.45501 0)
(1.10298 1.35958 0)
(0.545749 0.73744 0)
(-0.191458 0.164052 2.39129e-18)
(0 0 0)
(0 0 0)
(0 0 0)
(0 0 0)
(0 0 0)
(-0.23799 -0.0942919 -1.47502e-16)
(-0.0193586 -0.219963 -1.89706e-16)
(0.147422 -0.351758 0)
(0.444565 -0.478802 0)
(0.727653 -0.610811 0)
(0.962135 -0.722225 0)
(1.13556 -0.794781 0)
(1.25573 -0.819575 0)
(1.33925 -0.805098 0)
(1.39271 -0.762048 0)
(1.42036 -0.689743 0)
(1.42651 -0.598823 0)
(1.41713 -0.499322 0)
(1.39792 -0.400098 0)
(1.37415 -0.310172 0)
(1.34899 -0.232793 0)
(1.32496 -0.169562 0)
(1.30314 -0.119859 0)
(1.28419 -0.0818895 0)
(1.26829 -0.0536679 0)
(1.2553 -0.0331675 0)
(1.2449 -0.0186453 0)
(1.23668 -0.00887138 0)
(1.23043 -0.00250132 0)
(1.22564 0.00141004 0)
(1.22208 0.00354505 0)
(1.21942 0.00452025 0)
(1.21745 0.00475854 0)
(1.21601 0.00456642 0)
(1.21496 0.0041397 0)
(1.2142 0.00360406 0)
(1.21365 0.00303807 0)
(1.21327 0.00249371 0)
(1.21299 0.00198538 0)
(1.21281 0.001559 0)
(1.21264 0.0010679 0)
(1.00107 -0.0108385 0)
(1.00737 -0.0319723 0)
(1.02103 -0.0499766 0)
(1.03936 -0.0636224 0)
(1.05964 -0.0729676 0)
(1.08027 -0.0784789 0)
(1.10043 -0.0807467 0)
(1.11937 -0.0801901 0)
(1.13644 -0.0772022 0)
(1.15119 -0.0723376 0)
(1.16381 -0.0659437 0)
(1.17445 -0.0580971 0)
(1.18296 -0.0489148 0)
(1.18976 -0.0382021 0)
(1.19442 -0.0257847 0)
(1.19757 -0.0115981 0)
(1.19949 0.00484311 0)
(1.19997 0.0242061 0)
(1.1995 0.0470868 0)
(1.19833 0.0743133 0)
(1.19681 0.107256 0)
(1.19543 0.147201 0)
(1.1947 0.195848 0)
(1.19579 0.2558 0)
(1.20043 0.330075 0)
(1.21137 0.422346 0)
(1.23304 0.537098 0)
(1.2725 0.679565 0)
(1.34116 0.855189 0)
(1.45505 1.06924 0)
(1.6368 1.32731 0)
(1.82154 1.44341 0)
(1.79394 1.35292 0)
(1.48533 0.970164 4.89527e-19)
(0.986998 0.442184 -1.09556e-18)
(0.462477 0.0578365 -1.52042e-16)
(0.0860977 -0.00666141 5.51608e-32)
(0.28604 -0.0557219 0)
(0.553861 -0.213614 0)
(0.647288 -0.396189 -4.00795e-17)
(0.907493 -0.576491 0)
(1.14641 -0.679746 0)
(1.37194 -0.76291 0)
(1.54215 -0.828902 0)
(1.6573 -0.871437 0)
(1.72236 -0.884019 0)
(1.74597 -0.875024 0)
(1.74181 -0.834547 0)
(1.7115 -0.762772 0)
(1.66262 -0.669798 0)
(1.60291 -0.563768 0)
(1.5388 -0.45512 0)
(1.47699 -0.354387 0)
(1.421 -0.267106 0)
(1.37231 -0.195096 0)
(1.33125 -0.137538 0)
(1.2974 -0.0930114 0)
(1.27009 -0.0597553 0)
(1.24854 -0.0357612 0)
(1.23189 -0.0190302 0)
(1.21932 -0.00779252 0)
(1.21002 -0.000618921 0)
(1.20326 0.00363211 0)
(1.19845 0.00587431 0)
(1.19509 0.00676588 0)
(1.19276 0.00682163 0)
(1.19117 0.00639495 0)
(1.1901 0.00571951 0)
(1.18939 0.00494187 0)
(1.18894 0.00415388 0)
(1.18866 0.00340972 0)
(1.1885 0.00274172 0)
(1.18841 0.00214881 0)
(1.18836 0.0016653 0)
(1.18833 0.00112901 0)
(1.00169 -0.0155086 0)
(1.01147 -0.0449252 0)
(1.03157 -0.0685951 0)
(1.05674 -0.0852426 0)
(1.08247 -0.0956148 0)
(1.10666 -0.100705 0)
(1.12823 -0.101494 0)
(1.14652 -0.0986512 0)
(1.16127 -0.0929194 0)
(1.17224 -0.0853966 0)
(1.18045 -0.0766132 0)
(1.18647 -0.0662464 0)
(1.19103 -0.0543872 0)
(1.19367 -0.0414653 0)
(1.1949 -0.027851 0)
(1.19538 -0.0130329 0)
(1.19546 0.00399176 0)
(1.19545 0.0238461 0)
(1.19589 0.0469455 0)
(1.19731 0.0736982 0)
(1.20028 0.105308 0)
(1.20558 0.143517 0)
(1.21473 0.189671 0)
(1.22901 0.245274 0)
(1.25053 0.312647 -1.87108e-32)
(1.2823 0.394216 1.82576e-32)
(1.32877 0.492439 0)
(1.3964 0.60949 0)
(1.49484 0.746356 0)
(1.63599 0.901317 0)
(1.84493 1.07516 0)
(2.11206 1.22702 0)
(2.3461 1.25178 0)
(2.52376 1.14244 0)
(2.56034 0.906159 0)
(2.4521 0.551248 0)
(2.31548 0.167833 0)
(2.21381 -0.179225 0)
(2.18221 -0.445224 0)
(2.18359 -0.602855 0)
(2.20492 -0.722458 0)
(2.22783 -0.797784 0)
(2.23949 -0.849876 0)
(2.23163 -0.878669 0)
(2.20074 -0.89737 0)
(2.14642 -0.88287 0)
(2.06614 -0.841359 0)
(1.97571 -0.769081 0)
(1.86973 -0.679373 0)
(1.75896 -0.578618 0)
(1.65037 -0.474383 0)
(1.55098 -0.374102 0)
(1.46358 -0.283256 0)
(1.38938 -0.205793 0)
(1.32821 -0.143116 0)
(1.27916 -0.0946618 0)
(1.24089 -0.058704 0)
(1.21177 -0.0330421 0)
(1.19013 -0.0154464 0)
(1.17439 -0.00390551 0)
(1.16322 0.00322326 0)
(1.15548 0.00721596 0)
(1.15029 0.00906517 0)
(1.14689 0.009577 0)
(1.14474 0.00924536 0)
(1.14344 0.00845717 0)
(1.1427 0.00744439 0)
(1.14234 0.00635643 0)
(1.14222 0.00530034 0)
(1.14224 0.00433493 0)
(1.14233 0.00348381 0)
(1.14245 0.00275405 0)
(1.14257 0.00212913 0)
(1.14269 0.00163215 0)
(1.14281 0.00109714 0)
(1.00294 -0.0230931 0)
(1.01942 -0.064484 0)
(1.05001 -0.0947695 0)
(1.08348 -0.113687 0)
(1.1122 -0.122797 0)
(1.13516 -0.124177 0)
(1.1517 -0.120646 0)
(1.16241 -0.113266 0)
(1.17012 -0.102308 0)
(1.17262 -0.0909336 0)
(1.17218 -0.0803553 0)
(1.16973 -0.0689072 0)
(1.16585 -0.0565473 0)
(1.16143 -0.0428313 0)
(1.15711 -0.0279023 0)
(1.15344 -0.0121536 0)
(1.15085 0.00479728 0)
(1.15006 0.0236542 0)
(1.15177 0.0450764 0)
(1.15662 0.0697693 0)
(1.16519 0.0986992 0)
(1.17854 0.132697 0)
(1.19784 0.172889 0)
(1.22481 0.221043 0)
(1.26159 0.278422 0)
(1.31109 0.346325 0)
(1.37723 0.425751 0)
(1.46518 0.516765 0)
(1.58183 0.617792 0)
(1.73462 0.72401 0)
(1.93565 0.829256 0)
(2.19546 0.913761 0)
(2.4859 0.944114 0)
(2.75413 0.888249 0)
(2.9526 0.721815 0)
(3.10326 0.461298 0)
(3.1361 0.167175 0)
(3.11569 -0.107275 0)
(3.05029 -0.340673 0)
(2.96285 -0.512726 0)
(2.86974 -0.634265 0)
(2.76999 -0.715885 0)
(2.66889 -0.763081 0)
(2.56557 -0.784994 0)
(2.44225 -0.782558 0)
(2.30565 -0.753412 0)
(2.15764 -0.703424 0)
(2.00401 -0.635573 0)
(1.85012 -0.55048 0)
(1.70077 -0.454084 0)
(1.56406 -0.357442 0)
(1.44457 -0.268832 0)
(1.34485 -0.193031 0)
(1.2652 -0.131824 0)
(1.20382 -0.0847274 0)
(1.15793 -0.0500035 0)
(1.12456 -0.0254298 0)
(1.10098 -0.0088292 0)
(1.08472 0.00173999 0)
(1.07388 0.00795693 0)
(1.06709 0.0111648 0)
(1.06308 0.0123693 0)
(1.06079 0.0122178 0)
(1.05978 0.0114906 0)
(1.05948 0.010267 0)
(1.05965 0.00888192 0)
(1.06009 0.0074981 0)
(1.06065 0.00620363 0)
(1.06122 0.00505134 0)
(1.06175 0.00405371 0)
(1.06223 0.00320704 0)
(1.06264 0.00250143 0)
(1.06298 0.00191137 0)
(1.06324 0.00145009 0)
(1.06351 0.000967622 0)
(1.00548 -0.0374584 0)
(1.03486 -0.0950204 0)
(1.07841 -0.130576 0)
(1.11218 -0.145288 0)
(1.1316 -0.146565 0)
(1.14457 -0.139512 0)
(1.14645 -0.128746 0)
(1.14212 -0.116928 0)
(1.13273 -0.103802 0)
(1.12004 -0.0890353 0)
(1.10533 -0.0739475 0)
(1.0902 -0.0598479 0)
(1.07577 -0.0464899 0)
(1.06301 -0.0333711 0)
(1.0527 -0.0202218 0)
(1.04532 -0.00680994 0)
(1.04121 0.00737993 0)
(1.04093 0.0230324 0)
(1.04505 0.0406298 0)
(1.05424 0.0607567 0)
(1.06929 0.0841394 0)
(1.0913 0.111581 0)
(1.12141 0.143966 0)
(1.16125 0.182219 0)
(1.21286 0.227229 0)
(1.27874 0.27963 0)
(1.36198 0.339523 0)
(1.46623 0.406147 0)
(1.59569 0.477226 0)
(1.75447 0.547706 0)
(1.94643 0.610165 0)
(2.175 0.651368 0)
(2.43303 0.652089 0)
(2.69807 0.597406 0)
(2.92718 0.47995 0)
(3.10416 0.297041 0)
(3.20562 0.0952186 0)
(3.24204 -0.107101 0)
(3.20885 -0.292609 0)
(3.12797 -0.434754 0)
(3.01789 -0.537818 0)
(2.88742 -0.607266 0)
(2.74045 -0.647235 0)
(2.57851 -0.65857 0)
(2.40193 -0.642697 0)
(2.2134 -0.602014 0)
(2.01776 -0.540833 0)
(1.82115 -0.464078 0)
(1.63203 -0.378603 0)
(1.46252 -0.294227 0)
(1.31901 -0.218229 0)
(1.20339 -0.154264 0)
(1.11433 -0.1031 0)
(1.04847 -0.0639148 0)
(1.00152 -0.0351277 0)
(0.969238 -0.0149333 0)
(0.947973 -0.00142623 0)
(0.934729 0.00701333 0)
(0.927159 0.0118461 0)
(0.923274 0.013905 0)
(0.921908 0.0141267 0)
(0.922187 0.0136073 0)
(0.92321 0.0124313 0)
(0.924735 0.0109357 0)
(0.926439 0.00936646 0)
(0.928127 0.0078453 0)
(0.929672 0.00646392 0)
(0.931035 0.00524794 0)
(0.9322 0.00420552 0)
(0.933172 0.00332904 0)
(0.933968 0.00260289 0)
(0.934607 0.00200806 0)
(0.935118 0.00151966 0)
(0.935494 0.00113812 0)
(0.935866 0.000754794 0)
(1.01269 -0.0738084 0)
(1.05993 -0.148027 0)
(1.09705 -0.166313 0)
(1.10958 -0.163351 0)
(1.10339 -0.154622 0)
(1.08612 -0.139744 0)
(1.0602 -0.119777 0)
(1.02829 -0.0987373 0)
(0.994571 -0.0798472 0)
(0.962563 -0.063804 0)
(0.933856 -0.0502757 0)
(0.909087 -0.0387352 0)
(0.888411 -0.0284679 0)
(0.872002 -0.0188579 0)
(0.860053 -0.00950381 0)
(0.852746 -0.000179483 0)
(0.850194 0.00941323 0)
(0.852717 0.020106 0)
(0.860883 0.0321091 0)
(0.8753 0.0458748 0)
(0.89681 0.0619463 0)
(0.926504 0.0809147 0)
(0.965716 0.103391 0)
(1.01606 0.129984 0)
(1.07946 0.161183 0)
(1.15812 0.197226 0)
(1.25447 0.23786 0)
(1.37099 0.282035 0)
(1.51002 0.327519 0)
(1.67312 0.370298 0)
(1.86033 0.404389 0)
(2.06932 0.421672 0)
(2.29287 0.411525 0)
(2.51778 0.365295 0)
(2.72417 0.279384 0)
(2.88881 0.158071 0)
(2.99221 0.0194393 0)
(3.03026 -0.121305 0)
(3.00596 -0.241989 0)
(2.92667 -0.340286 0)
(2.80374 -0.409513 0)
(2.64592 -0.449794 0)
(2.45938 -0.463289 0)
(2.2503 -0.452945 0)
(2.02631 -0.421952 0)
(1.79757 -0.373948 0)
(1.57471 -0.314624 0)
(1.37139 -0.251821 0)
(1.1963 -0.192123 0)
(1.05381 -0.139835 0)
(0.943421 -0.0967044 0)
(0.861496 -0.0627772 0)
(0.803195 -0.0370915 0)
(0.763783 -0.0182003 0)
(0.738699 -0.00488074 0)
(0.723918 0.00401762 0)
(0.716335 0.00943584 0)
(0.713883 0.0122574 0)
(0.71455 0.0132684 0)
(0.717057 0.0131336 0)
(0.720444 0.0123487 0)
(0.724144 0.0110934 0)
(0.727852 0.00965779 0)
(0.731323 0.0082179 0)
(0.734421 0.00686249 0)
(0.7371 0.00563878 0)
(0.739362 0.00457139 0)
(0.741236 0.00366118 0)
(0.742764 0.00289978 0)
(0.743993 0.00227212 0)
(0.744968 0.0017601 0)
(0.74573 0.00134565 0)
(0.746322 0.00100982 0)
(0.746755 0.000743455 0)
(0.747156 0.000495393 0)
(1.01389 -0.122125 0)
(1.05115 -0.187443 0)
(1.03836 -0.1786 0)
(0.989469 -0.157633 0)
(0.925416 -0.128887 0)
(0.857833 -0.097528 0)
(0.797129 -0.0714586 0)
(0.744193 -0.0519875 0)
(0.699913 -0.0379966 0)
(0.663899 -0.0278639 0)
(0.635158 -0.0202874 0)
(0.612676 -0.0143744 0)
(0.595597 -0.00942851 0)
(0.583383 -0.00493114 0)
(0.575801 -0.000599454 0)
(0.572834 0.00359842 0)
(0.574248 0.00811288 0)
(0.580532 0.0132808 0)
(0.592168 0.0192451 0)
(0.609808 0.0262465 0)
(0.634348 0.0345852 0)
(0.666949 0.0445877 0)
(0.709029 0.0565938 0)
(0.762274 0.0709295 0)
(0.82861 0.0878391 0)
(0.910123 0.107391 0)
(1.00891 0.129333 0)
(1.12681 0.152902 0)
(1.26504 0.176589 0)
(1.42362 0.197862 0)
(1.60053 0.213056 0)
(1.79088 0.217411 0)
(1.98611 0.205465 0)
(2.17426 0.172604 0)
(2.33828 0.116937 0)
(2.46039 0.0421598 0)
(2.52353 -0.0413312 0)
(2.52322 -0.115937 0)
(2.46113 -0.183623 0)
(2.34238 -0.232477 0)
(2.17777 -0.258888 0)
(1.97897 -0.263623 0)
(1.75895 -0.25014 0)
(1.52968 -0.223067 0)
(1.30286 -0.187802 0)
(1.09703 -0.150166 0)
(0.920748 -0.114652 0)
(0.777677 -0.0843044 0)
(0.666606 -0.0593309 0)
(0.58345 -0.0393924 0)
(0.524348 -0.0239597 0)
(0.4844 -0.0121932 0)
(0.458621 -0.00371579 0)
(0.443857 0.00192222 0)
(0.43752 0.00570063 0)
(0.436667 0.00799623 0)
(0.43919 0.00924079 0)
(0.443985 0.00936527 0)
(0.449657 0.00898722 0)
(0.455603 0.00821205 0)
(0.461427 0.00726757 0)
(0.466795 0.00628503 0)
(0.471568 0.00532895 0)
(0.475703 0.00444166 0)
(0.479201 0.00364589 0)
(0.482104 0.00295225 0)
(0.484477 0.00236316 0)
(0.486394 0.00187189 0)
(0.487923 0.00146819 0)
(0.489129 0.0011401 0)
(0.49007 0.00087572 0)
(0.490796 0.000663679 0)
(0.491348 0.000493904 0)
(0.491754 0.000357101 0)
(0.492103 0.000245172 0)
(0.792645 -0.0207388 0)
(0.749656 -0.0857195 0)
(0.648473 -0.0834705 0)
(0.515688 -0.048675 0)
(0.419721 -0.0245793 0)
(0.356812 -0.0132761 0)
(0.313043 -0.00720685 0)
(0.281754 -0.00375958 0)
(0.259555 -0.00188554 0)
(0.243717 -0.000871695 0)
(0.232318 -0.000274683 0)
(0.224215 0.00012236 0)
(0.218747 0.000458661 0)
(0.215579 0.000804533 0)
(0.214723 0.00118878 0)
(0.216009 0.00168866 0)
(0.219515 0.00229203 0)
(0.225607 0.00302566 0)
(0.234737 0.00392974 0)
(0.247411 0.00506363 0)
(0.264332 0.00648589 0)
(0.286394 0.00825947 0)
(0.314691 0.0104523 0)
(0.350526 0.0131301 0)
(0.395392 0.0163376 0)
(0.450897 0.0200731 0)
(0.518617 0.0242452 0)
(0.599831 0.0286157 0)
(0.695128 0.0327263 0)
(0.803834 0.0358194 0)
(0.923276 0.0368203 0)
(1.04806 0.0343385 0)
(1.1698 0.0267521 0)
(1.27692 0.0132463 0)
(1.35558 -0.00387168 0)
(1.3891 -0.0246366 0)
(1.37519 -0.0419584 0)
(1.31384 -0.0577652 0)
(1.20901 -0.067519 0)
(1.07209 -0.0683053 0)
(0.919013 -0.0612301 0)
(0.763213 -0.0494644 0)
(0.625307 -0.0366097 0)
(0.498621 -0.0208999 0)
(0.397327 -0.0104884 0)
(0.317044 -0.00577427 0)
(0.25464 -0.00352084 0)
(0.20688 -0.00328817 0)
(0.174602 -0.00220667 0)
(0.150649 -0.000309231 0)
(0.135704 0.000363545 0)
(0.12774 0.000937281 0)
(0.124789 0.00133003 0)
(0.125292 0.00141037 0)
(0.128032 0.00147376 0)
(0.132255 0.00148433 0)
(0.137374 0.0013871 0)
(0.142727 0.00138966 0)
(0.147992 0.0014337 0)
(0.152914 0.00145076 0)
(0.157357 0.00131643 0)
(0.161264 0.00109648 0)
(0.16458 0.00088777 0)
(0.167307 0.000729965 0)
(0.169587 0.000586569 0)
(0.171439 0.000465313 0)
(0.172927 0.000365282 0)
(0.174109 0.000284219 0)
(0.175039 0.000219145 0)
(0.175764 0.000167387 0)
(0.176323 0.000126428 0)
(0.176749 9.41772e-05 0)
(0.177069 6.85686e-05 0)
(0.177308 4.69811e-05 0)
(0.177505 4.22021e-05 0)
)
;

boundaryField
{
    ibCylinder
    {
        type            movingImmersedBoundaryVelocity;
        patchType       immersedBoundary;
        setDeadValue    true;
        deadValue       (0 0 0);
        value           nonuniform List<vector> 0();
    }
    in
    {
        type            fixedValue;
        value           uniform (1 0 0);
    }
    out
    {
        type            inletOutlet;
        inletValue      uniform (0 0 0);
        value           nonuniform List<vector> 
25
(
(0.177506 -4.2184e-05 0)
(0.492103 -0.000245172 0)
(0.747155 -0.000495411 0)
(0.935865 -0.000754852 0)
(1.06351 -0.000967731 0)
(1.14281 -0.00109728 0)
(1.18833 -0.00112913 0)
(1.21264 -0.00106798 0)
(1.22479 -0.000926089 0)
(1.23055 -0.000726944 0)
(1.23313 -0.000496545 0)
(1.2342 -0.000251152 0)
(1.23448 1.21149e-08 0)
(1.2342 0.000251159 0)
(1.23313 0.000496546 0)
(1.23055 0.000726923 0)
(1.22479 0.00092604 0)
(1.21264 0.0010679 0)
(1.18833 0.00112901 0)
(1.14281 0.00109714 0)
(1.06351 0.000967622 0)
(0.935866 0.000754794 0)
(0.747156 0.000495393 0)
(0.492103 0.000245172 0)
(0.177505 4.22021e-05 0)
)
;
    }
    top
    {
        type            fixedValue;
        value           uniform (0 0 0);
    }
    bottom
    {
        type            fixedValue;
        value           uniform (0 0 0);
    }
    frontAndBack
    {
        type            empty;
    }
}


// ************************************************************************* //
