/*--------------------------------*- C++ -*----------------------------------*\
| =========                 |                                                 |
| \\      /  F ield         | OpenFOAM: The Open Source CFD Toolbox           |
|  \\    /   O peration     | Version:  2206                                  |
|   \\  /    A nd           | Website:  www.openfoam.com                      |
|    \\/     M anipulation  |                                                 |
\*---------------------------------------------------------------------------*/
FoamFile
{
    version     2.0;
    format      ascii;
    arch        "LSB;label=32;scalar=64";
    class       surfaceVectorField;
    location    "0.1";
    object      Uf;
}
// * * * * * * * * * * * * * * * * * * * * * * * * * * * * * * * * * * * * * //

dimensions      [0 1 -1 0 0 0 0];

internalField   nonuniform List<vector> 
3650
(
(0.86476 0.042603 0)
(0.901811 0.13524 0)
(0.732764 0.0672107 0)
(0.908767 0.131996 0)
(0.631974 0.0532851 0)
(0.866716 0.10079 0)
(0.566281 0.0291674 0)
(0.80597 0.0656932 0)
(0.528363 0.0128881 0)
(0.762427 0.0379183 0)
(0.507274 0.00558945 0)
(0.736969 0.0210897 0)
(0.495416 0.0025134 0)
(0.720805 0.0118574 0)
(0.4885 0.00124955 0)
(0.710184 0.0069164 0)
(0.484179 0.000731367 0)
(0.703105 0.00432123 0)
(0.481178 0.000522443 0)
(0.698133 0.00300143 0)
(0.478813 0.000447105 0)
(0.694326 0.00236471 0)
(0.476708 0.000434857 0)
(0.69108 0.00210563 0)
(0.47463 0.000457953 0)
(0.688043 0.00207735 0)
(0.47242 0.00050882 0)
(0.684941 0.00221018 0)
(0.469935 0.000589102 0)
(0.681552 0.0024857 0)
(0.467028 0.000702143 0)
(0.677663 0.00290686 0)
(0.463547 0.000850529 0)
(0.673055 0.00348221 0)
(0.459325 0.00103385 0)
(0.667491 0.00422205 0)
(0.454207 0.00124768 0)
(0.660728 0.00511827 0)
(0.448065 0.00148494 0)
(0.652526 0.00614181 0)
(0.440819 0.00171915 0)
(0.642706 0.00724605 0)
(0.432535 0.0019038 0)
(0.63121 0.00828364 0)
(0.423476 0.00198573 0)
(0.618183 0.00905965 0)
(0.414153 0.0019138 0)
(0.604166 0.00932273 0)
(0.405321 0.0016547 0)
(0.590067 0.00883147 0)
(0.397866 0.00119786 0)
(0.577147 0.00745586 0)
(0.392762 0.000600576 0)
(0.566891 0.00510306 0)
(0.390536 -4.96989e-05 0)
(0.560714 0.00222606 0)
(0.391214 -0.000742003 0)
(0.559068 -0.000677517 0)
(0.39498 -0.00137267 0)
(0.561903 -0.00376577 0)
(0.401428 -0.00180458 0)
(0.569229 -0.00644761 0)
(0.409766 -0.00201709 0)
(0.580083 -0.00833786 0)
(0.419044 -0.00202321 0)
(0.59315 -0.00927743 0)
(0.428405 -0.00187348 0)
(0.607079 -0.00936147 0)
(0.437213 -0.00162842 0)
(0.620736 -0.00880748 0)
(0.445072 -0.00134496 0)
(0.633339 -0.0078596 0)
(0.451809 -0.00106716 0)
(0.644455 -0.00673623 0)
(0.457404 -0.000820179 0)
(0.653921 -0.00559491 0)
(0.461938 -0.000614612 0)
(0.661767 -0.00453435 0)
(0.465544 -0.000451334 0)
(0.668138 -0.00360589 0)
(0.468371 -0.00032576 0)
(0.673221 -0.00282689 0)
(0.470562 -0.000231699 0)
(0.677231 -0.00219078 0)
(0.472245 -0.00016246 0)
(0.680364 -0.00168294 0)
(0.473529 -0.000111943 0)
(0.682792 -0.00128354 0)
(0.474502 -7.55643e-05 0)
(0.684664 -0.000973087 0)
(0.475236 -4.98107e-05 0)
(0.686097 -0.000734322 0)
(0.475788 -3.19083e-05 0)
(0.687192 -0.000552217 0)
(0.476202 -1.97248e-05 0)
(0.688025 -0.000414204 0)
(0.476513 -1.16082e-05 0)
(0.688658 -0.000310263 0)
(0.476745 -6.28302e-06 0)
(0.689138 -0.000232189 0)
(0.476918 -2.84369e-06 0)
(0.689502 -0.000173563 0)
(0.477048 -6.79361e-07 0)
(0.689778 -0.000129537 0)
(0.477144 6.19855e-07 0)
(0.689987 -9.65153e-05 0)
(0.477216 1.33353e-06 0)
(0.690144 -7.17657e-05 0)
(0.477269 1.66921e-06 0)
(0.690263 -5.32845e-05 0)
(0.477309 1.76135e-06 0)
(0.690353 -3.94881e-05 0)
(0.477338 1.70367e-06 0)
(0.690421 -2.9245e-05 0)
(0.47736 1.54483e-06 0)
(0.690472 -2.16227e-05 0)
(0.477375 1.32925e-06 0)
(0.69051 -1.6006e-05 0)
(0.477387 1.09496e-06 0)
(0.690539 -1.18386e-05 0)
(0.477396 8.78791e-07 0)
(0.69056 -8.79524e-06 0)
(0.477403 6.90085e-07 0)
(0.690577 -6.52093e-06 0)
(0.477407 5.31344e-07 0)
(0.690589 -4.87709e-06 0)
(0.477411 3.85699e-07 0)
(0.690598 -3.63873e-06 0)
(0.477414 2.49316e-07 0)
(0.690605 -2.78165e-06 0)
(0.477416 1.46974e-07 0)
(0.690611 -2.13767e-06 0)
(0.477417 8.95752e-08 0)
(0.690615 -1.67379e-06 0)
(0.477419 3.8153e-08 0)
(0.690618 -1.28336e-06 0)
(0.47742 3.77521e-09 0)
(0.69062 -1.02864e-06 0)
(0.47742 -3.32222e-08 0)
(0.690622 -7.94787e-07 0)
(0.477421 -7.60916e-08 0)
(0.690623 -6.97574e-07 0)
(0.477422 -1.12546e-07 0)
(0.690625 -5.85084e-07 0)
(0.477422 -1.31099e-07 0)
(0.690626 -5.66068e-07 0)
(0.477423 -1.45779e-07 0)
(0.690626 -5.23391e-07 0)
(0.690627 -5.01822e-07 0)
(1.04814 0.136383 0)
(1.01273 0.0870957 0)
(1.04735 0.142169 0)
(1.05044 0.132793 0)
(1.02493 0.111617 0)
(1.05935 0.123207 0)
(0.996881 0.0759349 0)
(1.05033 0.0937433 0)
(0.970536 0.0474317 0)
(1.03195 0.0642642 0)
(0.949907 0.0284563 0)
(1.01512 0.0417186 0)
(0.935 0.0170435 0)
(1.0015 0.0267645 0)
(0.924469 0.0105479 0)
(0.990789 0.0174477 0)
(0.916906 0.00701536 0)
(0.982583 0.0118842 0)
(0.911197 0.00518882 0)
(0.976264 0.0087106 0)
(0.90654 0.00433106 0)
(0.971183 0.00702197 0)
(0.902376 0.0040478 0)
(0.966784 0.00626966 0)
(0.898317 0.00414761 0)
(0.962672 0.00613678 0)
(0.894039 0.00454855 0)
(0.958509 0.00648814 0)
(0.889251 0.00522824 0)
(0.953991 0.00727385 0)
(0.883667 0.00619193 0)
(0.94882 0.00849167 0)
(0.876989 0.00745463 0)
(0.942691 0.0101606 0)
(0.868897 0.00901729 0)
(0.935268 0.012314 0)
(0.859071 0.0108405 0)
(0.926191 0.0149442 0)
(0.847229 0.0128421 0)
(0.915044 0.0179843 0)
(0.833185 0.0148334 0)
(0.901483 0.0212902 0)
(0.816988 0.0164823 0)
(0.885289 0.0244802 0)
(0.799018 0.017361 0)
(0.866428 0.0270295 0)
(0.780232 0.0170316 0)
(0.845679 0.0281089 0)
(0.762034 0.0152056 0)
(0.824168 0.0270298 0)
(0.746187 0.0117283 0)
(0.803971 0.0233019 0)
(0.734829 0.00688646 0)
(0.787327 0.0164611 0)
(0.729155 0.00149905 0)
(0.776619 0.00790038 0)
(0.729505 -0.00407318 0)
(0.77312 -0.00102818 0)
(0.735891 -0.0094184 0)
(0.776496 -0.0101514 0)
(0.747651 -0.0136618 0)
(0.786642 -0.0182065 0)
(0.763314 -0.0163115 0)
(0.802212 -0.0240014 0)
(0.781111 -0.0173345 0)
(0.821272 -0.0270741 0)
(0.799392 -0.0170126 0)
(0.84163 -0.027642 0)
(0.816895 -0.0157369 0)
(0.861615 -0.0263109 0)
(0.83278 -0.0138999 0)
(0.880063 -0.0237437 0)
(0.84663 -0.0118362 0)
(0.89638 -0.0205866 0)
(0.858344 -0.00979409 0)
(0.910325 -0.0173081 0)
(0.868016 -0.0079248 0)
(0.921921 -0.0142066 0)
(0.875853 -0.0063017 0)
(0.931372 -0.011443 0)
(0.88211 -0.00494585 0)
(0.93895 -0.00908387 0)
(0.887054 -0.00384394 0)
(0.944962 -0.00713394 0)
(0.890926 -0.00296487 0)
(0.949693 -0.00555566 0)
(0.893938 -0.00227234 0)
(0.95339 -0.00429495 0)
(0.896265 -0.00173257 0)
(0.956261 -0.00330086 0)
(0.898057 -0.0013157 0)
(0.95848 -0.00252553 0)
(0.89943 -0.000996079 0)
(0.960187 -0.00192583 0)
(0.900481 -0.000752546 0)
(0.961498 -0.00146471 0)
(0.901283 -0.000567852 0)
(0.962501 -0.00111244 0)
(0.901895 -0.000428031 0)
(0.963269 -0.000844072 0)
(0.902361 -0.000322265 0)
(0.963855 -0.000639831 0)
(0.902716 -0.000242311 0)
(0.964303 -0.000484507 0)
(0.902986 -0.000181914 0)
(0.964645 -0.000366445 0)
(0.903191 -0.000136359 0)
(0.964905 -0.000276776 0)
(0.903346 -0.000102087 0)
(0.965103 -0.000208808 0)
(0.903464 -7.63561e-05 0)
(0.965253 -0.00015743 0)
(0.903554 -5.70717e-05 0)
(0.965368 -0.000118633 0)
(0.903621 -4.26343e-05 0)
(0.965455 -8.93728e-05 0)
(0.903673 -3.18362e-05 0)
(0.965521 -6.72966e-05 0)
(0.903711 -2.377e-05 0)
(0.965571 -5.06784e-05 0)
(0.903741 -1.77586e-05 0)
(0.965609 -3.81641e-05 0)
(0.903763 -1.32903e-05 0)
(0.965638 -2.87803e-05 0)
(0.90378 -9.97526e-06 0)
(0.965659 -2.17296e-05 0)
(0.903793 -7.52354e-06 0)
(0.965676 -1.64535e-05 0)
(0.903802 -5.71481e-06 0)
(0.965689 -1.24851e-05 0)
(0.90381 -4.36649e-06 0)
(0.965698 -9.51587e-06 0)
(0.903815 -3.35319e-06 0)
(0.965705 -7.2543e-06 0)
(0.903819 -2.59021e-06 0)
(0.965711 -5.56507e-06 0)
(0.903823 -2.01649e-06 0)
(0.965715 -4.2838e-06 0)
(0.903825 -1.6108e-06 0)
(0.965718 -3.33821e-06 0)
(0.903827 -1.31909e-06 0)
(0.965721 -2.65597e-06 0)
(0.903829 -1.11898e-06 0)
(0.965723 -2.13545e-06 0)
(0.90383 -9.78381e-07 0)
(0.965724 -1.77583e-06 0)
(0.903831 -8.46709e-07 0)
(0.965725 -1.45502e-06 0)
(0.965726 -1.1855e-06 0)
(1.03649 0.0981741 0)
(1.00995 0.0506087 0)
(1.0672 0.12004 0)
(1.04183 0.102085 0)
(1.08236 0.106669 0)
(1.06782 0.108038 0)
(1.08339 0.0827288 0)
(1.08151 0.0927214 0)
(1.07601 0.059237 0)
(1.08208 0.0716423 0)
(1.06637 0.0406299 0)
(1.07672 0.0513604 0)
(1.05688 0.0276998 0)
(1.07002 0.0362486 0)
(1.04864 0.0192151 0)
(1.06325 0.0256883 0)
(1.04181 0.0139122 0)
(1.05715 0.0187139 0)
(1.03617 0.0107904 0)
(1.05194 0.0143516 0)
(1.03138 0.00913591 0)
(1.04742 0.0118149 0)
(1.02703 0.00848493 0)
(1.04342 0.0106139 0)
(1.02282 0.00858173 0)
(1.03961 0.010349 0)
(1.01843 0.00931601 0)
(1.03575 0.0108853 0)
(1.01353 0.0106516 0)
(1.03155 0.0121707 0)
(1.00781 0.0125975 0)
(1.02672 0.0142074 0)
(1.00095 0.0151891 0)
(1.02094 0.0170268 0)
(0.99255 0.0184473 0)
(1.01383 0.0207126 0)
(0.982168 0.0223335 0)
(1.00499 0.0253267 0)
(0.969337 0.0267176 0)
(0.993843 0.0308152 0)
(0.953648 0.0312649 0)
(0.97981 0.0369792 0)
(0.934857 0.0353882 0)
(0.962313 0.0432708 0)
(0.913212 0.0381469 0)
(0.940928 0.0486741 0)
(0.889789 0.0384673 0)
(0.916397 0.051532 0)
(0.866295 0.0354673 0)
(0.890204 0.0505239 2.66e-34)
(0.845114 0.0283472 0)
(0.864965 0.0444831 -2.68294e-34)
(0.829186 0.0176902 0)
(0.843718 0.0323889 0)
(0.820491 0.00553303 0)
(0.830105 0.0165953 0)
(0.819861 -0.00689112 0)
(0.825473 -0.000398755 0)
(0.826973 -0.0187541 0)
(0.829295 -0.0172623 0)
(0.841005 -0.0285118 0)
(0.841151 -0.0322389 0)
(0.860043 -0.0348881 0)
(0.859499 -0.0430388 0)
(0.881702 -0.0376035 0)
(0.881829 -0.0487327 0)
(0.903809 -0.0372005 0)
(0.905454 -0.0497493 0)
(0.924797 -0.034586 0)
(0.928356 -0.0472993 0)
(0.943713 -0.0307001 0)
(0.949245 -0.0426593 0)
(0.960126 -0.0263245 0)
(0.967473 -0.0369998 0)
(0.97395 -0.0219671 0)
(0.982831 -0.0311312 0)
(0.985318 -0.0179408 0)
(0.995435 -0.0255752 0)
(0.994503 -0.0144077 0)
(1.00559 -0.020628 0)
(1.00183 -0.0114171 0)
(1.01366 -0.0164075 0)
(1.00762 -0.00895062 0)
(1.02002 -0.0129247 0)
(1.01217 -0.00695773 0)
(1.025 -0.0101085 0)
(1.01572 -0.00537394 0)
(1.02889 -0.00784859 0)
(1.01848 -0.00413063 0)
(1.0319 -0.00605941 0)
(1.02061 -0.00316334 0)
(1.03423 -0.0046575 0)
(1.02226 -0.00241589 0)
(1.03602 -0.00356812 0)
(1.02352 -0.00184175 0)
(1.0374 -0.00272627 0)
(1.02449 -0.00140253 0)
(1.03846 -0.00208055 0)
(1.02523 -0.00106699 0)
(1.03927 -0.00158615 0)
(1.0258 -0.000810885 0)
(1.03989 -0.00120796 0)
(1.02623 -0.00061559 0)
(1.04037 -0.000918985 0)
(1.02656 -0.00046677 0)
(1.04073 -0.000698305 0)
(1.02682 -0.000353515 0)
(1.04101 -0.000529931 0)
(1.02701 -0.000267513 0)
(1.04122 -0.000401809 0)
(1.02716 -0.000202322 0)
(1.04138 -0.000304507 0)
(1.02727 -0.000152946 0)
(1.04151 -0.000230664 0)
(1.02735 -0.000115566 0)
(1.0416 -0.000174636 0)
(1.02742 -8.7291e-05 0)
(1.04167 -0.00013215 0)
(1.02747 -6.59336e-05 0)
(1.04173 -9.99808e-05 0)
(1.02751 -4.98245e-05 0)
(1.04177 -7.56561e-05 0)
(1.02753 -3.76887e-05 0)
(1.0418 -5.72799e-05 0)
(1.02756 -2.85512e-05 0)
(1.04183 -4.34098e-05 0)
(1.02757 -2.16652e-05 0)
(1.04184 -3.29338e-05 0)
(1.02758 -1.64673e-05 0)
(1.04186 -2.50086e-05 0)
(1.02759 -1.25374e-05 0)
(1.04187 -1.90071e-05 0)
(1.0276 -9.56684e-06 0)
(1.04188 -1.44636e-05 0)
(1.02761 -7.33046e-06 0)
(1.04188 -1.10378e-05 0)
(1.02761 -5.65759e-06 0)
(1.04189 -8.46603e-06 0)
(1.02761 -4.41577e-06 0)
(1.04189 -6.5478e-06 0)
(1.02762 -3.48606e-06 0)
(1.04189 -5.11608e-06 0)
(1.02762 -2.79378e-06 0)
(1.0419 -4.01625e-06 0)
(1.02762 -2.26052e-06 0)
(1.0419 -3.21974e-06 0)
(1.02762 -1.80616e-06 0)
(1.0419 -2.55386e-06 0)
(1.0419 -1.97236e-06 0)
(1.01863 0.0623801 0)
(1.00443 0.0319825 0)
(1.04704 0.0903369 0)
(1.02484 0.0736689 0)
(1.06848 0.0920953 0)
(1.04903 0.0866022 0)
(1.07943 0.0801023 0)
(1.06601 0.0817743 0)
(1.08233 0.0628877 0)
(1.07488 0.0687418 0)
(1.08021 0.046587 0)
(1.07667 0.0534802 0)
(1.07616 0.0340559 0)
(1.0754 0.0402945 0)
(1.0716 0.0250854 0)
(1.07267 0.0302449 0)
(1.06718 0.0190708 0)
(1.06945 0.0231349 0)
(1.06312 0.0153039 0)
(1.06624 0.0184136 0)
(1.05942 0.0132398 0)
(1.06315 0.0155206 0)
(1.05594 0.0124542 0)
(1.06024 0.014088 0)
(1.05249 0.0126507 0)
(1.05735 0.0137969 0)
(1.04884 0.0137428 0)
(1.05435 0.0145426 0)
(1.04471 0.0157213 0)
(1.05105 0.0163023 0)
(1.03981 0.0186156 0)
(1.04719 0.0191062 0)
(1.03379 0.0225062 0)
(1.04248 0.0230422 0)
(1.02625 0.0275162 0)
(1.03652 0.0282605 0)
(1.01665 0.0337014 0)
(1.02886 0.0349253 0)
(1.00434 0.0409582 0)
(1.01883 0.0431234 0)
(0.988543 0.0488883 0)
(1.00553 0.0527753 0)
(0.968525 0.0565394 0)
(0.987785 0.0632882 0)
(0.944176 0.0621276 0)
(0.964539 0.0730232 0)
(0.916978 0.0637606 2.66e-34)
(0.936645 0.0787299 0)
(0.88912 0.0599277 -2.55285e-36)
(0.90686 0.0783818 2.66e-34)
(0.86367 0.0491322 -2.68294e-34)
(0.879242 0.0699333 -2.68294e-34)
(0.844687 0.0319827 0)
(0.856592 0.0513713 0)
(0.835024 0.0113165 0)
(0.84542 0.0262591 0)
(0.834692 -0.0102594 0)
(0.842781 -6.73279e-05 0)
(0.843123 -0.0304443 0)
(0.847424 -0.0256934 0)
(0.859465 -0.0465856 0)
(0.859138 -0.0485806 0)
(0.881206 -0.0567498 0)
(0.877765 -0.0647795 0)
(0.905478 -0.0608134 0)
(0.900732 -0.0730039 0)
(0.929918 -0.059858 0)
(0.925252 -0.0741894 0)
(0.952793 -0.0554318 0)
(0.949125 -0.0701742 0)
(0.973047 -0.0490326 0)
(0.970835 -0.0629138 0)
(0.990227 -0.0418756 0)
(0.989471 -0.0541794 0)
(1.00436 -0.0348082 0)
(1.00478 -0.0452634 0)
(1.01574 -0.0283353 0)
(1.01701 -0.0369559 0)
(1.02477 -0.0227039 0)
(1.02661 -0.0296612 0)
(1.03187 -0.017994 0)
(1.03409 -0.0235075 0)
(1.03742 -0.0141633 0)
(1.03987 -0.0184699 0)
(1.04173 -0.0110755 0)
(1.04432 -0.0144219 0)
(1.04507 -0.00859902 0)
(1.04775 -0.0111905 0)
(1.04766 -0.00663843 0)
(1.05038 -0.00864018 0)
(1.04964 -0.00510292 0)
(1.05241 -0.00664518 0)
(1.05117 -0.00390881 0)
(1.05396 -0.00509593 0)
(1.05234 -0.00298558 0)
(1.05515 -0.00389896 0)
(1.05324 -0.00227673 0)
(1.05606 -0.00298104 0)
(1.05394 -0.00173468 0)
(1.05676 -0.00227747 0)
(1.05447 -0.0013209 0)
(1.05729 -0.00173785 0)
(1.05487 -0.00100501 0)
(1.0577 -0.00132452 0)
(1.05518 -0.000763878 0)
(1.05802 -0.00100829 0)
(1.05542 -0.000580058 0)
(1.05826 -0.000766599 0)
(1.0556 -0.000440243 0)
(1.05844 -0.000582667 0)
(1.05574 -0.000334027 0)
(1.05858 -0.000442742 0)
(1.05584 -0.000253338 0)
(1.05868 -0.000336229 0)
(1.05592 -0.000192042 0)
(1.05877 -0.000255141 0)
(1.05598 -0.000145515 0)
(1.05883 -0.000193481 0)
(1.05603 -0.000110256 0)
(1.05888 -0.000146731 0)
(1.05607 -8.35693e-05 0)
(1.05891 -0.00011129 0)
(1.05609 -6.3384e-05 0)
(1.05894 -8.44449e-05 0)
(1.05611 -4.81103e-05 0)
(1.05896 -6.41009e-05 0)
(1.05613 -3.65378e-05 0)
(1.05898 -4.86944e-05 0)
(1.05614 -2.77613e-05 0)
(1.05899 -3.69848e-05 0)
(1.05615 -2.11062e-05 0)
(1.059 -2.81115e-05 0)
(1.05616 -1.60745e-05 0)
(1.05901 -2.13768e-05 0)
(1.05616 -1.2286e-05 0)
(1.05901 -1.63098e-05 0)
(1.05617 -9.44679e-06 0)
(1.05901 -1.24865e-05 0)
(1.05617 -7.31734e-06 0)
(1.05902 -9.63172e-06 0)
(1.05617 -5.70074e-06 0)
(1.05902 -7.46931e-06 0)
(1.05617 -4.48236e-06 0)
(1.05902 -5.80915e-06 0)
(1.05618 -3.54143e-06 0)
(1.05902 -4.5934e-06 0)
(1.05618 -2.74081e-06 0)
(1.05902 -3.58607e-06 0)
(1.05903 -2.70007e-06 0)
(1.01033 0.044113 0)
(1.00243 0.0216513 0)
(1.02985 0.06926 0)
(1.015 0.0541491 0)
(1.04822 0.0755786 0)
(1.03289 0.0682343 0)
(1.06137 0.070068 0)
(1.0485 0.0686203 0)
(1.06893 0.0590132 0)
(1.05932 0.061188 0)
(1.07178 0.0468566 0)
(1.06515 0.0506294 0)
(1.07183 0.0362402 0)
(1.06755 0.0402418 0)
(1.07045 0.0281069 0)
(1.06795 0.0316258 0)
(1.06844 0.0223412 0)
(1.06727 0.0251438 0)
(1.06622 0.0185445 0)
(1.06603 0.0206365 0)
(1.06392 0.0163301 0)
(1.06455 0.0178147 0)
(1.06159 0.0154227 0)
(1.06295 0.0164193 0)
(1.05917 0.0156866 0)
(1.06122 0.0162198 0)
(1.05653 0.0170882 0)
(1.05931 0.0171789 0)
(1.0535 0.0196518 0)
(1.05715 0.0193409 0)
(1.04981 0.0234652 0)
(1.05456 0.0227913 0)
(1.04516 0.0286883 0)
(1.05129 0.0276986 0)
(1.03909 0.0355266 0)
(1.04701 0.0343269 0)
(1.03101 0.044181 0)
(1.04122 0.0430113 0)
(1.02003 0.0547732 0)
(1.0332 0.0540976 0)
(1.00487 0.0670672 0)
(1.0217 0.0679335 0)
(0.984041 0.0798528 0)
(1.00474 0.0841194 0)
(0.956888 0.0900117 0)
(0.98029 0.100176 0)
(0.92664 0.0942341 0)
(0.951469 0.108978 0)
(0.897408 0.0894863 0)
(0.923317 0.107614 0)
(0.872531 0.0722794 0)
(0.905629 0.0948105 0)
(0.857069 0.0448072 0)
(0.900184 0.0668333 0)
(0.853274 0.0141839 0)
(0.905877 0.0300541 0)
(0.855394 -0.0158886 0)
(0.910139 -0.0021881 0)
(0.862817 -0.0441261 0)
(0.910068 -0.033116 0)
(0.877296 -0.0668012 0)
(0.909839 -0.0630596 0)
(0.897277 -0.0807986 0)
(0.916466 -0.0847596 0)
(0.920375 -0.0862362 0)
(0.929453 -0.0961017 0)
(0.944329 -0.0844348 0)
(0.947642 -0.0981438 0)
(0.967132 -0.0775866 0)
(0.96776 -0.0929773 0)
(0.987306 -0.0680231 0)
(0.987326 -0.0830879 0)
(1.00408 -0.0575453 0)
(1.00456 -0.0709531 0)
(1.01748 -0.0473868 0)
(1.0185 -0.0586628 0)
(1.02792 -0.0382558 0)
(1.02927 -0.0473957 0)
(1.03595 -0.0304429 0)
(1.03743 -0.0376953 0)
(1.0421 -0.0239718 0)
(1.04356 -0.0296569 0)
(1.04679 -0.0187318 0)
(1.04816 -0.0231568 0)
(1.05035 -0.0145532 0)
(1.05161 -0.0179845 0)
(1.05307 -0.0112549 0)
(1.0542 -0.0139057 0)
(1.05514 -0.00867184 0)
(1.05616 -0.0107134 0)
(1.05673 -0.00666172 0)
(1.05764 -0.00823004 0)
(1.05794 -0.00510743 0)
(1.05877 -0.00630766 0)
(1.05887 -0.00391439 0)
(1.05963 -0.00482672 0)
(1.05958 -0.00300034 0)
(1.06028 -0.00369178 0)
(1.06012 -0.00229663 0)
(1.06078 -0.00282111 0)
(1.06053 -0.00175441 0)
(1.06116 -0.00215295 0)
(1.06085 -0.00133793 0)
(1.06145 -0.00164123 0)
(1.06109 -0.00101874 0)
(1.06167 -0.00124989 0)
(1.06128 -0.000774854 0)
(1.06184 -0.000950868 0)
(1.06142 -0.000589048 0)
(1.06197 -0.000723734 0)
(1.06153 -0.000447551 0)
(1.06207 -0.000550949 0)
(1.06161 -0.000339809 0)
(1.06214 -0.000419 0)
(1.06167 -0.000257814 0)
(1.0622 -0.000318362 0)
(1.06172 -0.000195574 0)
(1.06225 -0.000241692 0)
(1.06176 -0.000148407 0)
(1.06228 -0.00018354 0)
(1.06179 -0.000112655 0)
(1.06231 -0.000139405 0)
(1.06181 -8.5539e-05 0)
(1.06233 -0.00010591 0)
(1.06182 -6.49715e-05 0)
(1.06234 -8.04671e-05 0)
(1.06184 -4.93596e-05 0)
(1.06235 -6.1166e-05 0)
(1.06185 -3.75048e-05 0)
(1.06236 -4.6486e-05 0)
(1.06185 -2.85168e-05 0)
(1.06237 -3.5338e-05 0)
(1.06186 -2.17188e-05 0)
(1.06237 -2.68877e-05 0)
(1.06186 -1.65946e-05 0)
(1.06238 -2.05205e-05 0)
(1.06187 -1.27326e-05 0)
(1.06238 -1.57149e-05 0)
(1.06187 -9.828e-06 0)
(1.06238 -1.20958e-05 0)
(1.06187 -7.60901e-06 0)
(1.06238 -9.35555e-06 0)
(1.06187 -5.94018e-06 0)
(1.06239 -7.23781e-06 0)
(1.06187 -4.65058e-06 0)
(1.06239 -5.68114e-06 0)
(1.06187 -3.55115e-06 0)
(1.06239 -4.41113e-06 0)
(1.06239 -3.27828e-06 0)
(1.00619 0.0324126 0)
(1.00149 0.0154582 0)
(1.01973 0.0533264 0)
(1.00975 0.0406108 0)
(1.03438 0.0610675 0)
(1.02302 0.0535892 0)
(1.04669 0.0593945 0)
(1.03625 0.0563059 0)
(1.05549 0.0524943 0)
(1.04686 0.0523921 0)
(1.06088 0.0437456 0)
(1.0542 0.0452343 0)
(1.06367 0.0354058 0)
(1.05876 0.0374504 0)
(1.06476 0.0285329 0)
(1.06136 0.0305413 0)
(1.06483 0.0233872 0)
(1.06265 0.0250751 0)
(1.06433 0.0198936 0)
(1.06314 0.0211289 0)
(1.06354 0.0178872 0)
(1.06314 0.0186143 0)
(1.06253 0.0171763 0)
(1.06286 0.0174241 0)
(1.06132 0.0176625 0)
(1.06237 0.017431 0)
(1.05989 0.0193827 0)
(1.06171 0.0186055 0)
(1.05817 0.02243 0)
(1.06087 0.0210701 0)
(1.05597 0.0269722 0)
(1.05976 0.0249851 0)
(1.05306 0.0332797 0)
(1.05826 0.0306088 0)
(1.04905 0.0417386 0)
(1.05614 0.0383374 0)
(1.04332 0.0528327 0)
(1.05301 0.0487473 0)
(1.03483 0.0671681 0)
(1.04825 0.0625872 0)
(1.02165 0.084967 0)
(1.04036 0.0811086 0)
(1.00153 0.104483 0)
(1.02643 0.104241 0)
(0.97424 0.11903 0)
(1.0038 0.127467 0)
(0.948732 0.121186 0)
(0.984545 0.134486 0)
(0.932675 0.111284 0)
(0.97709 0.123671 0)
(0.932658 0.0876973 0)
(0.996109 0.0948278 0)
(0.948422 0.04906 0)
(1.03316 0.0510692 0)
(0.963464 0.00989016 0)
(1.06292 0.015012 -2.80229e-17)
(0.964724 -0.0233117 0)
(1.07285 -0.00344793 -2.48445e-17)
(0.955592 -0.0574365 0)
(1.06345 -0.0239838 -5.54051e-19)
(0.94953 -0.0859424 0)
(1.04469 -0.0569976 0)
(0.948541 -0.102479 0)
(1.02009 -0.0837709 0)
(0.956338 -0.109167 0)
(0.998368 -0.103899 0)
(0.971015 -0.107237 0)
(0.99417 -0.11282 0)
(0.987856 -0.0987186 0)
(1.00093 -0.109818 0)
(1.00465 -0.0860767 0)
(1.01196 -0.0998791 0)
(1.01907 -0.0720938 0)
(1.02405 -0.085372 0)
(1.03036 -0.0586766 0)
(1.03454 -0.0699578 0)
(1.03883 -0.0468288 0)
(1.04248 -0.0558598 0)
(1.04507 -0.0368978 0)
(1.04819 -0.0439355 0)
(1.04964 -0.0288234 0)
(1.05227 -0.0342347 0)
(1.053 -0.0223821 0)
(1.05517 -0.0265157 0)
(1.05547 -0.0173051 0)
(1.05724 -0.0204554 0)
(1.0573 -0.0133345 0)
(1.05873 -0.0157348 0)
(1.05867 -0.010247 0)
(1.05981 -0.0120768 0)
(1.05969 -0.00785733 0)
(1.0606 -0.00925279 0)
(1.06046 -0.00601428 0)
(1.06118 -0.0070794 0)
(1.06104 -0.00459722 0)
(1.06162 -0.00541118 0)
(1.06149 -0.00351059 0)
(1.06195 -0.00413374 0)
(1.06182 -0.00267879 0)
(1.0622 -0.0031561 0)
(1.06208 -0.00204273 0)
(1.06239 -0.00240796 0)
(1.06227 -0.00155661 0)
(1.06253 -0.0018358 0)
(1.06242 -0.00118539 0)
(1.06264 -0.00139851 0)
(1.06253 -0.00090303 0)
(1.06272 -0.00106463 0)
(1.06262 -0.000688812 0)
(1.06278 -0.000810856 0)
(1.06269 -0.000525242 0)
(1.06283 -0.00061763 0)
(1.06274 -0.000399924 0)
(1.06287 -0.000469925 0)
(1.06278 -0.000304161 0)
(1.0629 -0.000357272 0)
(1.06281 -0.000231196 0)
(1.06292 -0.000271417 0)
(1.06283 -0.000175729 0)
(1.06293 -0.000206213 0)
(1.06285 -0.000133521 0)
(1.06295 -0.00015678 0)
(1.06286 -0.000101446 0)
(1.06296 -0.000119243 0)
(1.06287 -7.71004e-05 0)
(1.06296 -9.06601e-05 0)
(1.06288 -5.86108e-05 0)
(1.06297 -6.89422e-05 0)
(1.06288 -4.4552e-05 0)
(1.06297 -5.24371e-05 0)
(1.06289 -3.38812e-05 0)
(1.06298 -3.98681e-05 0)
(1.06289 -2.5816e-05 0)
(1.06298 -3.03729e-05 0)
(1.06289 -1.97331e-05 0)
(1.06298 -2.31918e-05 0)
(1.0629 -1.5145e-05 0)
(1.06298 -1.77786e-05 0)
(1.0629 -1.16719e-05 0)
(1.06299 -1.36643e-05 0)
(1.0629 -9.0184e-06 0)
(1.06299 -1.05601e-05 0)
(1.0629 -7.00472e-06 0)
(1.06299 -8.15632e-06 0)
(1.0629 -5.45649e-06 0)
(1.06299 -6.36525e-06 0)
(1.0629 -4.1444e-06 0)
(1.06299 -4.94634e-06 0)
(1.06299 -3.64411e-06 0)
(1.00408 0.0242315 0)
(1.00102 0.0113807 0)
(1.01398 0.0411423 0)
(1.00689 0.0307059 0)
(1.02576 0.0487911 0)
(1.01717 0.0418121 0)
(1.03673 0.0491386 0)
(1.02834 0.0453391 0)
(1.04561 0.0449594 0)
(1.03822 0.0435077 0)
(1.05211 0.03879 0)
(1.04598 0.03874 0)
(1.05649 0.032467 0)
(1.05167 0.0330684 0)
(1.05927 0.0269886 0)
(1.05566 0.0277543 0)
(1.06096 0.0227391 0)
(1.0584 0.0233874 0)
(1.06193 0.0197907 0)
(1.06026 0.0201589 0)
(1.06245 0.0181201 0)
(1.06153 0.0181006 0)
(1.06268 0.0176695 0)
(1.06244 0.0171924 0)
(1.06273 0.018369 0)
(1.06316 0.0173771 0)
(1.06265 0.0202916 0)
(1.06379 0.0186902 0)
(1.06241 0.0236305 0)
(1.06434 0.0213072 0)
(1.06198 0.0286227 0)
(1.06487 0.0254218 0)
(1.06123 0.0356463 0)
(1.0654 0.0313545 0)
(1.05995 0.0452829 0)
(1.06589 0.0396164 0)
(1.05771 0.0583733 0)
(1.06621 0.050995 0)
(1.05362 0.0763589 0)
(1.06635 0.0666777 0)
(1.04521 0.100304 0)
(1.06483 0.0895129 0)
(1.02973 0.126594 0)
(1.05788 0.119717 0)
(1.01323 0.140052 0)
(1.04493 0.143975 0)
(1.01307 0.129758 0)
(1.04225 0.134645 2.04041e-18)
(1.04618 0.0996976 0)
(1.05646 0.0905622 3.15358e-48)
(1.09442 0.0546641 0)
(0.53212 0.470498 0)
(1.14503 0.0172609 -2.80229e-17)
(0.56359 0.318626 0)
(1.17431 0.00309047 -5.28674e-17)
(0.58374 0.239434 -2.80229e-17)
(1.17258 -0.00342618 -2.53986e-17)
(0.589187 0.222733 -2.48445e-17)
(1.1494 -0.0189069 -5.54051e-19)
(0.58233 0.246246 -5.54051e-19)
(1.12266 -0.0466382 0)
(0.569127 0.157074 0)
(1.06889 -0.0805292 0)
(1.14296 -0.0300073 0)
(1.03512 -0.106787 0)
(1.10169 -0.070128 0)
(1.02406 -0.115167 0)
(1.06662 -0.101759 0)
(1.02493 -0.11093 0)
(1.05253 -0.110692 0)
(1.03134 -0.0991892 0)
(1.0493 -0.106287 0)
(1.03966 -0.0832438 0)
(1.0513 -0.0936945 0)
(1.04676 -0.0671616 0)
(1.05514 -0.0770519 0)
(1.05189 -0.0529806 0)
(1.05847 -0.060989 0)
(1.05542 -0.0412788 0)
(1.06065 -0.0474709 0)
(1.05781 -0.0319321 0)
(1.06195 -0.0366254 0)
(1.05942 -0.024594 0)
(1.06268 -0.0281226 0)
(1.0605 -0.0188896 0)
(1.06306 -0.0215372 0)
(1.06124 -0.0144807 0)
(1.06323 -0.0164696 0)
(1.06174 -0.0110852 0)
(1.06329 -0.012583 0)
(1.0621 -0.00847678 0)
(1.0633 -0.00960762 0)
(1.06235 -0.00647691 0)
(1.06328 -0.00733247 0)
(1.06253 -0.00494611 0)
(1.06325 -0.00559437 0)
(1.06267 -0.00377552 0)
(1.06322 -0.00426741 0)
(1.06277 -0.00288065 0)
(1.06319 -0.00325452 0)
(1.06284 -0.0021967 0)
(1.06317 -0.00248127 0)
(1.06289 -0.00167416 0)
(1.06315 -0.001891 0)
(1.06294 -0.00127515 0)
(1.06313 -0.00144052 0)
(1.06297 -0.000970773 0)
(1.06312 -0.00109698 0)
(1.06299 -0.000738859 0)
(1.06311 -0.000835411 0)
(1.06301 -0.000562171 0)
(1.06311 -0.00063618 0)
(1.06303 -0.000427517 0)
(1.0631 -0.000484206 0)
(1.06304 -0.000324941 0)
(1.0631 -0.000368307 0)
(1.06305 -0.000246895 0)
(1.0631 -0.000280004 0)
(1.06305 -0.00018774 0)
(1.06309 -0.000212852 0)
(1.06306 -0.000142986 0)
(1.06309 -0.000161931 0)
(1.06306 -0.000108916 0)
(1.06309 -0.000123243 0)
(1.06306 -8.29057e-05 0)
(1.06309 -9.37269e-05 0)
(1.06307 -6.31142e-05 0)
(1.06309 -7.12981e-05 0)
(1.06307 -4.80395e-05 0)
(1.06309 -5.4244e-05 0)
(1.06307 -3.65865e-05 0)
(1.06309 -4.12762e-05 0)
(1.06307 -2.79218e-05 0)
(1.06309 -3.14774e-05 0)
(1.06307 -2.13639e-05 0)
(1.06309 -2.40775e-05 0)
(1.06307 -1.6391e-05 0)
(1.06309 -1.84647e-05 0)
(1.06307 -1.26188e-05 0)
(1.06309 -1.41954e-05 0)
(1.06307 -9.74565e-06 0)
(1.06309 -1.09638e-05 0)
(1.06307 -7.55024e-06 0)
(1.06309 -8.47893e-06 0)
(1.06307 -5.87892e-06 0)
(1.06309 -6.59374e-06 0)
(1.06307 -4.46164e-06 0)
(1.06309 -5.15187e-06 0)
(1.06309 -3.78375e-06 0)
(1.00296 0.0182034 0)
(1.00077 0.00841626 0)
(1.01063 0.0315685 0)
(1.00527 0.0230379 0)
(1.02035 0.0383823 0)
(1.0136 0.0320905 0)
(1.03009 0.0396384 0)
(1.02323 0.0356038 0)
(1.03867 0.03719 0)
(1.03234 0.0349256 0)
(1.04561 0.0329201 0)
(1.04011 0.0318022 0)
(1.05091 0.0282681 0)
(1.04637 0.0277712 0)
(1.05483 0.0240808 0)
(1.05124 0.0238321 0)
(1.05771 0.0207531 0)
(1.05498 0.0205047 0)
(1.05986 0.0184316 0)
(1.05789 0.0180112 0)
(1.06153 0.0171501 0)
(1.06023 0.0164354 0)
(1.06292 0.0168945 0)
(1.06221 0.0157945 0)
(1.0642 0.0177105 0)
(1.06404 0.0160972 0)
(1.06544 0.0197275 0)
(1.06586 0.01745 0)
(1.06675 0.0231225 0)
(1.06777 0.0200041 0)
(1.06821 0.0281709 0)
(1.06994 0.0239654 0)
(1.0699 0.0353123 0)
(1.07255 0.0296614 0)
(1.07191 0.0452386 0)
(1.07583 0.0376046 0)
(1.07435 0.0590474 0)
(1.08005 0.0485543 0)
(1.07712 0.079351 0)
(1.08649 0.0639083 0)
(1.07786 0.108135 0)
(1.09453 0.0887802 0)
(1.0754 0.137073 0)
(1.09512 0.122175 0)
(1.07675 0.141261 2.04041e-18)
(1.08253 0.142628 0)
(1.10431 0.103925 2.04041e-18)
(1.10827 0.109011 2.04041e-18)
(1.39173 0.0374076 -2.54141e-32)
(0.547206 0.358155 3.15358e-48)
(0.763538 0 0)
(0 0.0324603 0)
(0.39521 0 0)
(0 0.00382123 0)
(0.39302 0 0)
(0 -0.000352842 0)
(0.445753 0 0)
(0 0.00651435 0)
(0.516355 0 0)
(0 0.0378091 0)
(0.889571 -0.0035977 0)
(0 0.0725881 0)
(1.17093 -0.0251262 0)
(0.596267 0.0902674 0)
(1.1332 -0.0653539 0)
(1.18362 -0.0257266 -1.21072e-17)
(1.09507 -0.0968451 0)
(1.14419 -0.0636299 -3.64385e-18)
(1.0769 -0.105937 0)
(1.11187 -0.0925159 0)
(1.06906 -0.100777 0)
(1.09452 -0.0984471 0)
(1.06693 -0.0874549 0)
(1.08485 -0.0915732 0)
(1.06702 -0.0708477 0)
(1.07963 -0.07714 0)
(1.06728 -0.0554731 0)
(1.07672 -0.0612432 0)
(1.0672 -0.042817 0)
(1.07443 -0.0473938 0)
(1.06684 -0.0328154 0)
(1.07238 -0.0362643 0)
(1.06634 -0.0250664 0)
(1.0706 -0.0276204 0)
(1.0658 -0.0191187 0)
(1.06907 -0.0210025 0)
(1.0653 -0.0145739 0)
(1.06781 -0.0159658 0)
(1.06486 -0.0111076 0)
(1.06678 -0.0121403 0)
(1.06448 -0.00846548 0)
(1.06596 -0.00923563 0)
(1.06418 -0.00645209 0)
(1.06531 -0.00702902 0)
(1.06394 -0.00491784 0)
(1.0648 -0.00535162 0)
(1.06375 -0.00374853 0)
(1.0644 -0.00407568 0)
(1.0636 -0.00285705 0)
(1.0641 -0.00310447 0)
(1.06348 -0.0021772 0)
(1.06386 -0.00236477 0)
(1.06339 -0.00165871 0)
(1.06368 -0.00180116 0)
(1.06332 -0.00126339 0)
(1.06354 -0.0013717 0)
(1.06327 -0.000962179 0)
(1.06344 -0.00104452 0)
(1.06323 -0.000732754 0)
(1.06336 -0.000795366 0)
(1.0632 -0.0005579 0)
(1.0633 -0.000605584 0)
(1.06317 -0.00042458 0)
(1.06325 -0.000460928 0)
(1.06316 -0.000322972 0)
(1.06322 -0.000350685 0)
(1.06314 -0.000245627 0)
(1.06319 -0.000266734 0)
(1.06313 -0.000186807 0)
(1.06317 -0.000202899 0)
(1.06313 -0.000142076 0)
(1.06315 -0.000154384 0)
(1.06312 -0.000108036 0)
(1.06314 -0.00011749 0)
(1.06312 -8.21501e-05 0)
(1.06313 -8.93775e-05 0)
(1.06311 -6.24812e-05 0)
(1.06313 -6.80152e-05 0)
(1.06311 -4.75436e-05 0)
(1.06312 -5.17709e-05 0)
(1.06311 -3.6235e-05 0)
(1.06312 -3.94511e-05 0)
(1.06311 -2.77044e-05 0)
(1.06311 -3.01173e-05 0)
(1.06311 -2.12469e-05 0)
(1.06311 -2.30719e-05 0)
(1.0631 -1.63278e-05 0)
(1.06311 -1.77078e-05 0)
(1.0631 -1.25893e-05 0)
(1.06311 -1.36366e-05 0)
(1.0631 -9.73674e-06 0)
(1.06311 -1.05337e-05 0)
(1.0631 -7.55205e-06 0)
(1.06311 -8.17518e-06 0)
(1.0631 -5.88864e-06 0)
(1.06311 -6.35914e-06 0)
(1.0631 -4.48857e-06 0)
(1.06311 -5.01096e-06 0)
(1.06311 -3.69697e-06 0)
(1.00234 0.0134677 0)
(1.00063 0.00607929 0)
(1.0086 0.0237034 0)
(1.00429 0.0167771 0)
(1.0169 0.0293552 0)
(1.01136 0.0237872 0)
(1.02567 0.0308687 0)
(1.01991 0.0268302 0)
(1.03388 0.0294865 0)
(1.0284 0.0267245 0)
(1.04095 0.0265938 0)
(1.03604 0.0247241 0)
(1.04677 0.0232786 0)
(1.04256 0.0219525 0)
(1.05145 0.0202086 0)
(1.04798 0.0191573 0)
(1.0552 0.0177279 0)
(1.05243 0.0167501 0)
(1.05828 0.0159929 0)
(1.05613 0.0149312 0)
(1.06093 0.0150685 0)
(1.0593 0.0137933 0)
(1.06334 0.0149956 0)
(1.06217 0.0133795 0)
(1.0657 0.0158508 0)
(1.06495 0.0137427 0)
(1.06816 0.0177604 0)
(1.06779 0.014988 0)
(1.07092 0.0208975 0)
(1.07092 0.0172431 0)
(1.0742 0.0255163 0)
(1.07456 0.0206851 0)
(1.0783 0.0320034 0)
(1.07903 0.0255679 0)
(1.08365 0.0409048 0)
(1.08477 0.0322475 0)
(1.09121 0.0530738 0)
(1.09224 0.0409965 0)
(1.10238 0.0717756 0)
(1.10466 0.052743 0)
(1.11434 0.0986875 0)
(1.11502 0.0768177 0)
(1.12296 0.121149 0)
(1.09427 0.11356 0)
(1.13478 0.108356 0)
(1.08438 0.130805 0)
(1.34789 0.0441737 0)
(0.570225 0.34802 0)
(0.602606 -6.96903e-16 0)
(0 0.0306841 0)
(0.0865514 0 0)
(0 1.28114e-81 0)
(0.0860007 0 0)
(0 0 0)
(0.0869109 0 0)
(0 0 0)
(0.119031 0 0)
(0 -0.000218824 0)
(0.186024 0 0)
(0 -0.00118997 0)
(0.439217 0 0)
(0 0.0193434 0)
(0.908705 -0.00478969 -1.21072e-17)
(0 0.0643183 0)
(1.19487 -0.0255662 -1.5751e-17)
(0.605044 0.08262 -1.21072e-17)
(1.16067 -0.0602459 -3.64385e-18)
(1.19603 -0.0280474 -4.39316e-18)
(1.12954 -0.0849755 0)
(1.16371 -0.0613854 0)
(1.11017 -0.089263 0)
(1.13729 -0.0790734 0)
(1.09763 -0.0812849 0)
(1.11874 -0.079037 0)
(1.08957 -0.0675006 0)
(1.10525 -0.0690801 0)
(1.08394 -0.0531384 0)
(1.09561 -0.0556083 0)
(1.07963 -0.0408308 0)
(1.0884 -0.0430872 0)
(1.07616 -0.0310664 0)
(1.08275 -0.0327949 0)
(1.07335 -0.0235553 0)
(1.07832 -0.0248097 0)
(1.07109 -0.0178493 0)
(1.07485 -0.0187452 0)
(1.0693 -0.0135325 0)
(1.07215 -0.0141724 0)
(1.06789 -0.0102691 0)
(1.07005 -0.0107289 0)
(1.06678 -0.00780014 0)
(1.06843 -0.00813358 0)
(1.06593 -0.0059297 0)
(1.06718 -0.00617373 0)
(1.06527 -0.00451075 0)
(1.06622 -0.00469088 0)
(1.06476 -0.003433 0)
(1.06548 -0.00356686 0)
(1.06437 -0.00261353 0)
(1.06492 -0.00271363 0)
(1.06407 -0.00198996 0)
(1.06449 -0.00206517 0)
(1.06384 -0.00151525 0)
(1.06416 -0.001572 0)
(1.06366 -0.00115379 0)
(1.06391 -0.00119671 0)
(1.06353 -0.000878554 0)
(1.06372 -0.000911094 0)
(1.06343 -0.000668952 0)
(1.06357 -0.000693631 0)
(1.06335 -0.000509264 0)
(1.06346 -0.000528036 0)
(1.06329 -0.000387581 0)
(1.06337 -0.000401865 0)
(1.06325 -0.000294906 0)
(1.06331 -0.000305793 0)
(1.06321 -0.000224382 0)
(1.06326 -0.000232659 0)
(1.06319 -0.000170748 0)
(1.06322 -0.00017705 0)
(1.06317 -0.000129949 0)
(1.0632 -0.000134738 0)
(1.06315 -9.88929e-05 0)
(1.06317 -0.000102538 0)
(1.06314 -7.52596e-05 0)
(1.06316 -7.80248e-05 0)
(1.06313 -5.73006e-05 0)
(1.06315 -5.93984e-05 0)
(1.06313 -4.36677e-05 0)
(1.06314 -4.52603e-05 0)
(1.06312 -3.3326e-05 0)
(1.06313 -3.45399e-05 0)
(1.06312 -2.54832e-05 0)
(1.06312 -2.64153e-05 0)
(1.06312 -1.95368e-05 0)
(1.06312 -2.0252e-05 0)
(1.06311 -1.50229e-05 0)
(1.06312 -1.55811e-05 0)
(1.06311 -1.15887e-05 0)
(1.06311 -1.20233e-05 0)
(1.06311 -8.97822e-06 0)
(1.06311 -9.31459e-06 0)
(1.06311 -6.98617e-06 0)
(1.06311 -7.26865e-06 0)
(1.06311 -5.48176e-06 0)
(1.06311 -5.67693e-06 0)
(1.06311 -4.2164e-06 0)
(1.06311 -4.51093e-06 0)
(1.06311 -3.37805e-06 0)
(1.00196 0.00952462 0)
(1.00054 0.0041165 0)
(1.00731 0.0169555 0)
(1.00368 0.0114291 0)
(1.01468 0.0213025 0)
(1.00995 0.0164206 0)
(1.02278 0.022688 0)
(1.01779 0.0187312 0)
(1.03065 0.0219408 0)
(1.02582 0.0188553 0)
(1.03774 0.0200499 0)
(1.03332 0.0176338 0)
(1.04385 0.0177959 0)
(1.03997 0.0158389 0)
(1.04902 0.0156669 0)
(1.04572 0.0139879 0)
(1.0534 0.013928 0)
(1.05064 0.0123735 0)
(1.05718 0.0127144 0)
(1.0549 0.0111478 0)
(1.06058 0.0120984 0)
(1.0587 0.0103908 0)
(1.06381 0.0121374 0)
(1.06224 0.0101533 0)
(1.06706 0.012911 0)
(1.06575 0.0104936 0)
(1.07055 0.0145265 0)
(1.06942 0.0114938 0)
(1.07455 0.017122 0)
(1.07351 0.0132509 0)
(1.07934 0.0208803 0)
(1.07831 0.0158916 0)
(1.08535 0.0260289 0)
(1.08417 0.0195633 0)
(1.09316 0.0326153 0)
(1.09154 0.0244384 0)
(1.1038 0.0412699 0)
(1.10072 0.0303505 0)
(1.11665 0.060491 0)
(1.11406 0.0398991 0)
(1.12094 0.0943795 0)
(1.11923 0.0725283 0)
(1.12958 0.111783 0)
(1.09863 0.104921 0)
(1.42939 0.0547488 0)
(1.04273 0.112438 0)
(0.578937 0 0)
(0 0.0546551 0)
(0.0864631 -1.99986e-17 -3.25238e-34)
(0 0 0)
(0.0864474 0 0)
(0 0 0)
(0.0865511 0 0)
(0 0 0)
(0.0860968 0 0)
(0 0 0)
(0.0881702 0 0)
(0 0 0)
(0.0962593 0 0)
(0 2.69099e-07 0)
(0.233445 0 0)
(0 0.032384 0)
(0.429865 0 0)
(0 0.0283491 0)
(0.895072 -0.0068397 -7.49309e-19)
(0 0.0472094 0)
(1.19915 -0.029092 -7.49309e-19)
(1.21577 -0.00903472 3.30859e-18)
(1.17059 -0.0557005 0)
(1.19738 -0.0328301 2.00322e-17)
(1.14598 -0.0686794 0)
(1.17118 -0.0544664 0)
(1.12647 -0.0667972 0)
(1.14751 -0.0595239 0)
(1.11153 -0.0571838 0)
(1.12804 -0.0541394 0)
(1.10018 -0.0455297 0)
(1.1128 -0.0442543 0)
(1.09154 -0.0350349 0)
(1.10099 -0.0344498 0)
(1.08493 -0.0265289 0)
(1.09197 -0.0261849 0)
(1.07984 -0.019996 0)
(1.08509 -0.0197241 0)
(1.07592 -0.0150667 0)
(1.07986 -0.014827 0)
(1.07291 -0.0113684 0)
(1.07587 -0.0111605 0)
(1.0706 -0.00859356 0)
(1.07283 -0.00841768 0)
(1.06883 -0.00650767 0)
(1.07052 -0.00636279 0)
(1.06748 -0.00493561 0)
(1.06875 -0.00481872 0)
(1.06644 -0.00374781 0)
(1.06741 -0.00365496 0)
(1.06565 -0.00284838 0)
(1.06638 -0.00277541 0)
(1.06504 -0.00216616 0)
(1.0656 -0.00210929 0)
(1.06458 -0.00164804 0)
(1.06501 -0.00160396 0)
(1.06423 -0.00125422 0)
(1.06455 -0.00122024 0)
(1.06396 -0.000954695 0)
(1.06421 -0.000928575 0)
(1.06376 -0.000726779 0)
(1.06395 -0.000706776 0)
(1.0636 -0.00055326 0)
(1.06374 -0.00053796 0)
(1.06348 -0.000421118 0)
(1.06359 -0.000409445 0)
(1.06339 -0.00032049 0)
(1.06348 -0.00031158 0)
(1.06332 -0.000243897 0)
(1.06339 -0.00023711 0)
(1.06327 -0.000185621 0)
(1.06332 -0.000180447 0)
(1.06323 -0.000141288 0)
(1.06327 -0.000137352 0)
(1.0632 -0.000107538 0)
(1.06323 -0.000104545 0)
(1.06318 -8.18492e-05 0)
(1.0632 -7.95688e-05 0)
(1.06316 -6.23135e-05 0)
(1.06318 -6.05723e-05 0)
(1.06315 -4.74834e-05 0)
(1.06316 -4.6148e-05 0)
(1.06314 -3.62352e-05 0)
(1.06315 -3.52184e-05 0)
(1.06313 -2.77076e-05 0)
(1.06314 -2.69302e-05 0)
(1.06313 -2.1236e-05 0)
(1.06313 -2.06476e-05 0)
(1.06312 -1.63277e-05 0)
(1.06312 -1.58723e-05 0)
(1.06312 -1.26004e-05 0)
(1.06312 -1.226e-05 0)
(1.06312 -9.7592e-06 0)
(1.06312 -9.50461e-06 0)
(1.06311 -7.60962e-06 0)
(1.06312 -7.41244e-06 0)
(1.06311 -5.96142e-06 0)
(1.06311 -5.84119e-06 0)
(1.06311 -4.70775e-06 0)
(1.06311 -4.6141e-06 0)
(1.06311 -3.67166e-06 0)
(1.06311 -3.70818e-06 0)
(1.06311 -2.86218e-06 0)
(1.00173 0.00609721 0)
(1.00048 0.0023839 0)
(1.00651 0.0109535 0)
(1.00331 0.00665535 0)
(1.01329 0.0138867 0)
(1.00912 0.00964177 0)
(1.02094 0.0149106 0)
(1.0165 0.0110725 0)
(1.02858 0.0145407 0)
(1.02426 0.0112212 0)
(1.03564 0.0134053 0)
(1.03165 0.0105677 0)
(1.04192 0.0120098 0)
(1.03836 0.00956012 0)
(1.0474 0.0106744 0)
(1.0443 0.00850667 0)
(1.0522 0.00957734 0)
(1.04952 0.00758127 0)
(1.05647 0.00881552 0)
(1.05414 0.00687787 0)
(1.06041 0.00844766 0)
(1.05835 0.00644923 0)
(1.06423 0.00852531 0)
(1.06234 0.00633351 0)
(1.06815 0.00911132 0)
(1.06635 0.00657416 0)
(1.07242 0.0102831 0)
(1.0706 0.00722435 0)
(1.07732 0.0121398 0)
(1.07537 0.00834704 0)
(1.08318 0.0148021 0)
(1.08097 0.0100323 0)
(1.09036 0.0184388 0)
(1.0878 0.0123837 0)
(1.0992 0.023171 0)
(1.09619 0.0156053 0)
(1.1095 0.0309767 0)
(1.10681 0.0200455 0)
(1.12135 0.0500008 0)
(1.11806 0.0280502 0)
(1.14913 0.0756206 0)
(1.12381 0.0447512 0)
(1.17635 0.0824657 0)
(1.0615 0.0776991 0)
(1.0964 0.0387766 0)
(0.505353 0.271797 0)
(0.283663 0 0)
(0 0.0134916 0)
(0.0864574 -7.99891e-17 0)
(0 0 0)
(0.0864576 0 0)
(0 0 0)
(0.0864422 0 0)
(0 0 0)
(0.0868567 0 0)
(0 0 0)
(0.0838264 0 0)
(0 0 0)
(0.100884 0 0)
(0 0 0)
(0.101436 0 0)
(0 -0.00032659 0)
(0.257139 0 0)
(0 -0.00426956 0)
(0.646045 -0.00204141 4.0579e-18)
(0 -0.00254416 0)
(1.21501 -0.0126124 2.40901e-17)
(0.610098 0.0707238 4.0579e-18)
(1.19635 -0.0316996 2.00322e-17)
(1.21262 -0.0147547 1.96774e-17)
(1.17259 -0.0453996 0)
(1.19354 -0.0307057 0)
(1.14942 -0.0468376 0)
(1.1679 -0.0363557 0)
(1.12954 -0.0412113 0)
(1.14459 -0.0342604 0)
(1.1137 -0.0331821 0)
(1.1257 -0.0284194 0)
(1.10145 -0.0255978 0)
(1.11045 -0.0221904 0)
(1.09215 -0.0193772 0)
(1.09891 -0.0168929 0)
(1.08513 -0.0145535 0)
(1.09013 -0.0127 0)
(1.07982 -0.0109201 0)
(1.08356 -0.00951765 0)
(1.0758 -0.00820944 0)
(1.0786 -0.00714195 0)
(1.07276 -0.0061869 0)
(1.07486 -0.00537235 0)
(1.07045 -0.00467405 0)
(1.07203 -0.0040523 0)
(1.06869 -0.00353845 0)
(1.06989 -0.00306395 0)
(1.06736 -0.00268306 0)
(1.06826 -0.00232102 0)
(1.06634 -0.00203689 0)
(1.06703 -0.00176073 0)
(1.06557 -0.00154768 0)
(1.06609 -0.00133705 0)
(1.06498 -0.00117673 0)
(1.06538 -0.0010161 0)
(1.06453 -0.000895127 0)
(1.06484 -0.000772651 0)
(1.06419 -0.000681137 0)
(1.06442 -0.000587792 0)
(1.06393 -0.00051839 0)
(1.06411 -0.000447265 0)
(1.06374 -0.000394533 0)
(1.06387 -0.000340357 0)
(1.06359 -0.00030025 0)
(1.06369 -0.000258976 0)
(1.06347 -0.000228498 0)
(1.06355 -0.000197063 0)
(1.06338 -0.000173914 0)
(1.06344 -0.000149963 0)
(1.06332 -0.000132393 0)
(1.06336 -0.000114165 0)
(1.06327 -0.000100792 0)
(1.0633 -8.69167e-05 0)
(1.06323 -7.6733e-05 0)
(1.06325 -6.61819e-05 0)
(1.0632 -5.8425e-05 0)
(1.06322 -5.03892e-05 0)
(1.06318 -4.45184e-05 0)
(1.06319 -3.83997e-05 0)
(1.06316 -3.39756e-05 0)
(1.06317 -2.93066e-05 0)
(1.06315 -2.59892e-05 0)
(1.06316 -2.24353e-05 0)
(1.06314 -1.9932e-05 0)
(1.06314 -1.7228e-05 0)
(1.06313 -1.53359e-05 0)
(1.06314 -1.3279e-05 0)
(1.06312 -1.18479e-05 0)
(1.06313 -1.0284e-05 0)
(1.06312 -9.19972e-06 0)
(1.06312 -8.01085e-06 0)
(1.06312 -7.18648e-06 0)
(1.06312 -6.28898e-06 0)
(1.06312 -5.66735e-06 0)
(1.06312 -4.9789e-06 0)
(1.06311 -4.50896e-06 0)
(1.06311 -4.00907e-06 0)
(1.06311 -3.62059e-06 0)
(1.06311 -3.24391e-06 0)
(1.06311 -2.90264e-06 0)
(1.06311 -2.68071e-06 0)
(1.06311 -2.19479e-06 0)
(1.00159 0.00298295 0)
(1.00045 0.000789987 0)
(1.00606 0.00538833 0)
(1.00311 0.00218969 0)
(1.01252 0.00685868 0)
(1.00871 0.00318515 0)
(1.01992 0.00739331 0)
(1.0159 0.00366894 0)
(1.02741 0.00724338 0)
(1.02352 0.00372628 0)
(1.03446 0.00671185 0)
(1.03086 0.00351909 0)
(1.04083 0.00604521 0)
(1.0376 0.00319382 0)
(1.04648 0.00540247 0)
(1.04362 0.00285174 0)
(1.05152 0.00487332 0)
(1.04898 0.00255058 0)
(1.05607 0.00450784 0)
(1.05377 0.00232185 0)
(1.06034 0.00433842 0)
(1.05819 0.00218395 0)
(1.06452 0.00439478 0)
(1.06241 0.00215097 0)
(1.06886 0.00471176 0)
(1.06668 0.00223836 0)
(1.07362 0.00533148 0)
(1.07122 0.00246527 0)
(1.07911 0.00631131 0)
(1.07635 0.00285452 0)
(1.0857 0.00772959 0)
(1.08239 0.00344237 0)
(1.0938 0.00971827 0)
(1.08981 0.00428033 0)
(1.10393 0.0127724 0)
(1.0989 0.00548519 0)
(1.11658 0.0177876 0)
(1.11111 0.00738706 0)
(1.13386 0.0287334 0)
(1.1229 0.0107729 0)
(1.1594 0.0426072 0)
(1.13723 0.0192151 0)
(1.60306 0.0243276 0)
(1.03068 0.0213988 0)
(0.523855 0 0)
(0 0.0250807 0)
(0.0864559 0 0)
(0 0 0)
(0.0864573 7.99891e-17 -1.30086e-33)
(0 0 0)
(0.0864582 0 0)
(0 0 0)
(0.0864456 0 0)
(0 0 0)
(0.0865791 0 0)
(0 0 0)
(0.0856928 0 0)
(0 0 0)
(0.0912172 0 0)
(0 0 0)
(0.0888225 0 0)
(0 -1.1951e-05 0)
(0.202219 0 0)
(0 -0.000710265 0)
(0.537264 0 0)
(0 0.0309705 0)
(0.875501 -0.00399503 -3.54766e-19)
(0 -0.00196309 0)
(1.2088 -0.0138181 -3.54766e-19)
(1.21763 -0.00425263 -3.54766e-19)
(1.18785 -0.0219461 0)
(1.20396 -0.0097563 0)
(1.16361 -0.0238281 0)
(1.17847 -0.0121104 0)
(1.14107 -0.0215071 0)
(1.15327 -0.0117255 0)
(1.12247 -0.0174667 0)
(1.13256 -0.00981304 0)
(1.10795 -0.0135035 0)
(1.1155 -0.00766844 0)
(1.09689 -0.0102234 0)
(1.10263 -0.00584199 0)
(1.08858 -0.0076658 0)
(1.09282 -0.00438993 0)
(1.08235 -0.00573967 0)
(1.08553 -0.0032833 0)
(1.07767 -0.00430505 0)
(1.08004 -0.00245911 0)
(1.07414 -0.00323785 0)
(1.07593 -0.00184655 0)
(1.07148 -0.00244231 0)
(1.07283 -0.00139102 0)
(1.06947 -0.00184673 0)
(1.07048 -0.00105078 0)
(1.06794 -0.00139897 0)
(1.06871 -0.000795381 0)
(1.06678 -0.00106122 0)
(1.06737 -0.000602955 0)
(1.0659 -0.000805821 0)
(1.06635 -0.000457527 0)
(1.06523 -0.000612364 0)
(1.06557 -0.000347479 0)
(1.06473 -0.000465638 0)
(1.06498 -0.000264074 0)
(1.06434 -0.000354218 0)
(1.06453 -0.000200825 0)
(1.06404 -0.000269504 0)
(1.06419 -0.000152738 0)
(1.06382 -0.000205047 0)
(1.06393 -0.000116164 0)
(1.06365 -0.000156009 0)
(1.06374 -8.8327e-05 0)
(1.06352 -0.00011872 0)
(1.06358 -6.71869e-05 0)
(1.06342 -9.038e-05 0)
(1.06347 -5.11326e-05 0)
(1.06335 -6.88339e-05 0)
(1.06338 -3.89663e-05 0)
(1.06329 -5.24325e-05 0)
(1.06332 -2.97016e-05 0)
(1.06324 -3.9947e-05 0)
(1.06327 -2.26554e-05 0)
(1.06321 -3.04561e-05 0)
(1.06323 -1.72924e-05 0)
(1.06319 -2.32652e-05 0)
(1.0632 -1.32416e-05 0)
(1.06317 -1.78311e-05 0)
(1.06318 -1.01933e-05 0)
(1.06315 -1.37296e-05 0)
(1.06316 -7.91533e-06 0)
(1.06314 -1.06219e-05 0)
(1.06315 -6.20102e-06 0)
(1.06313 -8.26732e-06 0)
(1.06314 -4.90386e-06 0)
(1.06313 -6.47994e-06 0)
(1.06313 -3.92605e-06 0)
(1.06312 -5.12708e-06 0)
(1.06312 -3.18093e-06 0)
(1.06312 -4.10302e-06 0)
(1.06312 -2.62837e-06 0)
(1.06312 -3.3367e-06 0)
(1.06312 -2.20886e-06 0)
(1.06311 -2.75614e-06 0)
(1.06312 -1.91006e-06 0)
(1.06311 -2.31264e-06 0)
(1.06311 -1.67963e-06 0)
(1.06311 -1.97831e-06 0)
(1.06311 -1.51237e-06 0)
(1.06311 -1.41343e-06 0)
(1.00154 1.37692e-05 0)
(1.00045 -0.00075185 0)
(1.0059 7.52901e-06 0)
(1.00311 -0.00217188 0)
(1.01226 5.23175e-06 0)
(1.00871 -0.00317021 0)
(1.01959 1.99018e-06 0)
(1.0159 -0.00366156 0)
(1.02704 -6.08744e-07 0)
(1.02352 -0.00372498 0)
(1.03408 -2.41478e-06 0)
(1.03086 -0.00352242 0)
(1.04048 -3.36554e-06 0)
(1.0376 -0.00319982 0)
(1.04619 -3.65417e-06 0)
(1.04362 -0.00285891 0)
(1.0513 -3.51456e-06 0)
(1.04898 -0.00255777 0)
(1.05595 -3.03367e-06 0)
(1.05377 -0.00232843 0)
(1.06032 -2.21008e-06 0)
(1.05819 -0.00218923 0)
(1.06462 -1.17485e-06 0)
(1.06241 -0.00215425 0)
(1.0691 -3.15146e-08 0)
(1.06668 -0.00223953 0)
(1.07403 1.11151e-06 0)
(1.07122 -0.00246405 0)
(1.07974 2.23373e-06 0)
(1.07635 -0.00285112 0)
(1.08662 3.05071e-06 0)
(1.08239 -0.0034367 0)
(1.09517 2.81343e-06 0)
(1.08981 -0.00427337 0)
(1.10614 1.44654e-06 0)
(1.0989 -0.00547891 0)
(1.1209 -6.43091e-07 0)
(1.11111 -0.00737376 0)
(1.14245 -6.68655e-06 0)
(1.1229 -0.0107759 0)
(1.1809 -4.95275e-06 0)
(1.13724 -0.0192323 0)
(1.54716 8.04863e-07 0)
(1.03063 -0.021408 0)
(0.477002 0 0)
(0 -0.025108 0)
(0.0864574 0 0)
(0 0 0)
(0.0864573 0 0)
(0 0 0)
(0.0864581 0 0)
(0 0 0)
(0.0864469 0 0)
(0 0 0)
(0.086564 0 0)
(0 0 0)
(0.0857582 0 0)
(0 0 0)
(0.0910471 0 0)
(0 0 0)
(0.0815086 0 0)
(0 1.19417e-05 0)
(0.218316 0 0)
(0 0.000711862 0)
(0.36387 0 0)
(0 -0.0309621 0)
(0.839644 7.80512e-06 0)
(0 0.00198559 0)
(1.21247 1.02161e-05 0)
(1.21762 0.00428601 7.095e-19)
(1.19294 1.13814e-05 0)
(1.20396 0.0097793 0)
(1.16869 2.01782e-05 0)
(1.17846 0.0121357 0)
(1.1452 1.4942e-05 0)
(1.15327 0.0117648 0)
(1.12556 2.34931e-06 0)
(1.13256 0.00982782 0)
(1.11023 -4.80133e-06 0)
(1.1155 0.00766106 0)
(1.09856 -6.12779e-06 0)
(1.10264 0.0058282 0)
(1.08979 -4.15064e-06 0)
(1.09282 0.00437904 0)
(1.08323 -1.82532e-06 0)
(1.08553 0.00327787 0)
(1.07831 -2.77905e-07 0)
(1.08004 0.0024576 0)
(1.07462 3.61848e-07 0)
(1.07593 0.00184689 0)
(1.07184 4.98754e-07 0)
(1.07283 0.00139198 0)
(1.06973 4.85228e-07 0)
(1.07048 0.00105173 0)
(1.06814 5.1646e-07 0)
(1.06871 0.000796369 0)
(1.06693 6.05117e-07 0)
(1.06737 0.00060408 0)
(1.06602 6.77139e-07 0)
(1.06635 0.000458887 0)
(1.06532 6.77177e-07 0)
(1.06557 0.000348888 0)
(1.06479 6.14148e-07 0)
(1.06498 0.000265428 0)
(1.06439 5.36174e-07 0)
(1.06453 0.000201985 0)
(1.06408 4.86787e-07 0)
(1.06419 0.000153781 0)
(1.06385 4.51407e-07 0)
(1.06393 0.000117127 0)
(1.06367 4.00913e-07 0)
(1.06374 8.92254e-05 0)
(1.06354 3.14963e-07 0)
(1.06358 6.79443e-05 0)
(1.06343 2.0315e-07 0)
(1.06347 5.16877e-05 0)
(1.06336 9.48856e-08 0)
(1.06338 3.92827e-05 0)
(1.0633 1.01395e-08 0)
(1.06332 2.98222e-05 0)
(1.06325 -5.72159e-08 0)
(1.06327 2.26309e-05 0)
(1.06322 -1.27042e-07 0)
(1.06323 1.71368e-05 0)
(1.06319 -2.12852e-07 0)
(1.0632 1.29354e-05 0)
(1.06317 -3.16363e-07 0)
(1.06318 9.69143e-06 0)
(1.06315 -4.21528e-07 0)
(1.06316 7.19987e-06 0)
(1.06314 -5.14526e-07 0)
(1.06315 5.27499e-06 0)
(1.06313 -5.89249e-07 0)
(1.06314 3.81769e-06 0)
(1.06313 -6.49785e-07 0)
(1.06313 2.69614e-06 0)
(1.06312 -7.01621e-07 0)
(1.06312 1.84905e-06 0)
(1.06312 -7.50122e-07 0)
(1.06312 1.18889e-06 0)
(1.06312 -7.95476e-07 0)
(1.06312 6.80299e-07 0)
(1.06311 -8.44301e-07 0)
(1.06312 2.88221e-07 0)
(1.06311 -8.88544e-07 0)
(1.06311 -4.87587e-08 0)
(1.06311 -9.52551e-07 0)
(1.06311 -2.82493e-07 0)
(1.06311 -5.66908e-07 0)
(1.0016 -0.0029552 0)
(1.00049 -0.00235364 0)
(1.00606 -0.00537254 0)
(1.00331 -0.0066319 0)
(1.01252 -0.00684774 0)
(1.00912 -0.00962608 0)
(1.01992 -0.00738927 0)
(1.0165 -0.0110646 0)
(1.02742 -0.00724467 0)
(1.02427 -0.0112199 0)
(1.03446 -0.00671669 0)
(1.03166 -0.010571 0)
(1.04083 -0.0060519 0)
(1.03837 -0.00956605 0)
(1.04649 -0.00540974 0)
(1.0443 -0.00851363 0)
(1.05152 -0.00488027 0)
(1.04952 -0.00758834 0)
(1.05607 -0.0045138 0)
(1.05414 -0.00688421 0)
(1.06034 -0.00434283 0)
(1.05835 -0.00645425 0)
(1.06452 -0.00439716 0)
(1.06234 -0.00633692 0)
(1.06885 -0.00471192 0)
(1.06635 -0.00657535 0)
(1.07361 -0.00532942 0)
(1.0706 -0.00722344 0)
(1.07911 -0.00630719 0)
(1.07537 -0.00834403 0)
(1.0857 -0.00772381 0)
(1.08097 -0.0100276 0)
(1.09381 -0.00971212 0)
(1.0878 -0.0123776 0)
(1.10393 -0.0127557 0)
(1.09619 -0.0156 0)
(1.11659 -0.0177783 0)
(1.1068 -0.0200357 0)
(1.13387 -0.0287466 0)
(1.11806 -0.0280618 0)
(1.15941 -0.0426531 0)
(1.12383 -0.0447651 0)
(1.603 -0.0243647 0)
(1.06147 -0.0776965 0)
(0.523926 0 0)
(0.505358 -0.271873 0)
(0.0864559 0 0)
(0 -0.0135185 0)
(0.0864573 0 0)
(0 0 0)
(0.0864582 0 0)
(0 0 0)
(0.0864456 0 0)
(0 0 0)
(0.0865791 0 0)
(0 0 0)
(0.0856929 0 0)
(0 0 0)
(0.0912181 0 0)
(0 0 0)
(0.0888288 0 0)
(0 0.000326802 0)
(0.202236 0 0)
(0 0.00427136 0)
(0.537339 0 0)
(0 0.00254823 0)
(0.875552 0.00401151 7.095e-19)
(0.610101 -0.0706887 -4.11594e-18)
(1.2088 0.0138523 7.095e-19)
(1.21261 0.0147869 -1.93206e-17)
(1.18784 0.0219709 0)
(1.19354 0.0307353 0)
(1.1636 0.0238516 0)
(1.16789 0.0363788 0)
(1.14108 0.021531 0)
(1.14458 0.0342872 0)
(1.12247 0.0174696 0)
(1.12572 0.0284337 0)
(1.10795 0.013492 0)
(1.11046 0.0221788 0)
(1.0969 0.010211 0)
(1.09892 0.0168828 0)
(1.08859 0.00765782 0)
(1.09014 0.0126922 0)
(1.08235 0.00573637 0)
(1.08356 0.00951406 0)
(1.07767 0.00430441 0)
(1.0786 0.00714104 0)
(1.07414 0.00323835 0)
(1.07486 0.00537274 0)
(1.07148 0.00244312 0)
(1.07203 0.00405312 0)
(1.06947 0.00184758 0)
(1.06989 0.00306482 0)
(1.06794 0.00139994 0)
(1.06826 0.00232195 0)
(1.06678 0.0010624 0)
(1.06703 0.00176183 0)
(1.0659 0.000807161 0)
(1.06609 0.00133838 0)
(1.06523 0.000613708 0)
(1.06538 0.00101752 0)
(1.06473 0.000466862 0)
(1.06484 0.000773983 0)
(1.06434 0.000355283 0)
(1.06442 0.000588954 0)
(1.06404 0.000270468 0)
(1.06411 0.000448296 0)
(1.06382 0.000205941 0)
(1.06387 0.000341297 0)
(1.06365 0.000156802 0)
(1.06369 0.000259851 0)
(1.06352 0.00011934 0)
(1.06355 0.000197801 0)
(1.06342 9.07788e-05 0)
(1.06344 0.000150498 0)
(1.06335 6.90135e-05 0)
(1.06336 0.000114461 0)
(1.06329 5.24427e-05 0)
(1.0633 8.70213e-05 0)
(1.06324 3.9823e-05 0)
(1.06325 6.61314e-05 0)
(1.06321 3.01952e-05 0)
(1.06322 5.02175e-05 0)
(1.06319 2.28323e-05 0)
(1.06319 3.80753e-05 0)
(1.06317 1.71962e-05 0)
(1.06317 2.87963e-05 0)
(1.06315 1.2883e-05 0)
(1.06316 2.17092e-05 0)
(1.06314 9.59353e-06 0)
(1.06314 1.6304e-05 0)
(1.06313 7.09083e-06 0)
(1.06314 1.21893e-05 0)
(1.06313 5.18343e-06 0)
(1.06313 9.0652e-06 0)
(1.06312 3.72916e-06 0)
(1.06312 6.68154e-06 0)
(1.06312 2.6089e-06 0)
(1.06312 4.86416e-06 0)
(1.06312 1.75543e-06 0)
(1.06312 3.46142e-06 0)
(1.06311 1.07663e-06 0)
(1.06311 2.41158e-06 0)
(1.06311 5.51645e-07 0)
(1.06311 1.53275e-06 0)
(1.06311 1.01164e-07 0)
(1.06311 9.20323e-07 0)
(1.06311 2.64637e-07 0)
(1.00174 -0.00607137 0)
(1.00055 -0.00409432 0)
(1.00651 -0.01093 0)
(1.00368 -0.0113998 0)
(1.01329 -0.0138741 0)
(1.00996 -0.0164051 0)
(1.02095 -0.0149056 0)
(1.01779 -0.0187233 0)
(1.02858 -0.0145416 0)
(1.02583 -0.0188541 0)
(1.03565 -0.01341 0)
(1.03332 -0.017637 0)
(1.04192 -0.0120163 0)
(1.03997 -0.0158444 0)
(1.04741 -0.0106813 0)
(1.04572 -0.0139944 0)
(1.0522 -0.00958398 0)
(1.05064 -0.01238 0)
(1.05647 -0.00882119 0)
(1.0549 -0.0111538 0)
(1.06041 -0.00845188 0)
(1.0587 -0.0103956 0)
(1.06423 -0.00852774 0)
(1.06224 -0.0101565 0)
(1.06815 -0.00911172 0)
(1.06575 -0.010495 0)
(1.07242 -0.0102816 0)
(1.06942 -0.0114933 0)
(1.07732 -0.0121365 0)
(1.07351 -0.0132487 0)
(1.08318 -0.0147973 0)
(1.07831 -0.0158879 0)
(1.09036 -0.0184331 0)
(1.08417 -0.0195586 0)
(1.0992 -0.0231653 0)
(1.09155 -0.0244334 0)
(1.10951 -0.030975 0)
(1.10071 -0.0303469 0)
(1.12135 -0.0500138 0)
(1.11407 -0.039903 0)
(1.14913 -0.0756488 0)
(1.11923 -0.0725491 0)
(1.17636 -0.0824915 0)
(1.09863 -0.104925 0)
(1.09655 -0.0387862 0)
(1.04273 -0.112409 0)
(0.283714 0 0)
(0 -0.0547228 0)
(0.0864574 0 0)
(0 0 0)
(0.0864576 0 0)
(0 0 0)
(0.0864422 0 0)
(0 0 0)
(0.0868565 0 0)
(0 0 0)
(0.0838276 0 0)
(0 0 0)
(0.100894 0 0)
(0 -2.86839e-07 0)
(0.101454 0 0)
(0 -0.0323885 0)
(0.257179 0 0)
(0 -0.0283474 0)
(0.646081 0.00204413 -4.11594e-18)
(0 -0.0471996 0)
(1.215 0.0126317 -2.41461e-17)
(1.21577 0.00903625 -4.11594e-18)
(1.19635 0.0317319 -2.00301e-17)
(1.19739 0.0328533 -2.00301e-17)
(1.17259 0.0454309 0)
(1.17117 0.0544976 0)
(1.14941 0.0468626 0)
(1.14752 0.0595551 0)
(1.12955 0.0412269 0)
(1.12804 0.0541445 0)
(1.11373 0.0331817 0)
(1.11283 0.0442599 0)
(1.10146 0.0255875 0)
(1.10101 0.0344446 0)
(1.09216 0.0193709 0)
(1.09199 0.0261823 0)
(1.08513 0.0145495 0)
(1.0851 0.0197225 0)
(1.07982 0.0109185 0)
(1.07986 0.0148264 0)
(1.0758 0.00820921 0)
(1.07587 0.0111606 0)
(1.07276 0.00618736 0)
(1.07283 0.00841837 0)
(1.07044 0.00467473 0)
(1.07052 0.00636364 0)
(1.06869 0.00353924 0)
(1.06875 0.00481967 0)
(1.06736 0.00268401 0)
(1.06741 0.00365592 0)
(1.06634 0.00203805 0)
(1.06638 0.00277659 0)
(1.06557 0.00154901 0)
(1.0656 0.00211059 0)
(1.06498 0.00117807 0)
(1.06501 0.00160537 0)
(1.06453 0.000896334 0)
(1.06455 0.00122154 0)
(1.06419 0.0006822 0)
(1.06421 0.000929754 0)
(1.06393 0.000519337 0)
(1.06394 0.000707788 0)
(1.06374 0.000395396 0)
(1.06374 0.00053888 0)
(1.06358 0.000301009 0)
(1.06359 0.000410257 0)
(1.06347 0.00022909 0)
(1.06348 0.000312269 0)
(1.06338 0.000174285 0)
(1.06339 0.000237599 0)
(1.06332 0.000132552 0)
(1.06332 0.000180721 0)
(1.06327 0.000100778 0)
(1.06327 0.000137425 0)
(1.06323 7.65802e-05 0)
(1.06323 0.00010446 0)
(1.0632 5.81384e-05 0)
(1.0632 7.93556e-05 0)
(1.06318 4.40667e-05 0)
(1.06318 6.02083e-05 0)
(1.06316 3.33273e-05 0)
(1.06316 4.56169e-05 0)
(1.06315 2.51404e-05 0)
(1.06315 3.44766e-05 0)
(1.06314 1.89066e-05 0)
(1.06314 2.60161e-05 0)
(1.06313 1.41673e-05 0)
(1.06313 1.95574e-05 0)
(1.06312 1.05644e-05 0)
(1.06312 1.46771e-05 0)
(1.06312 7.81504e-06 0)
(1.06312 1.09397e-05 0)
(1.06312 5.71289e-06 0)
(1.06312 8.10623e-06 0)
(1.06311 4.11272e-06 0)
(1.06311 5.91886e-06 0)
(1.06311 2.86316e-06 0)
(1.06311 4.28712e-06 0)
(1.06311 1.90056e-06 0)
(1.06311 2.9515e-06 0)
(1.06311 1.08485e-06 0)
(1.06311 2.01183e-06 0)
(1.06311 1.01791e-06 0)
(1.00197 -0.00949963 0)
(1.00063 -0.00605978 0)
(1.00731 -0.0169334 0)
(1.00429 -0.0167486 0)
(1.01468 -0.0212914 0)
(1.01136 -0.023772 0)
(1.02278 -0.0226839 0)
(1.01992 -0.0268233 0)
(1.03065 -0.0219418 0)
(1.0284 -0.0267233 0)
(1.03774 -0.0200541 0)
(1.03604 -0.0247268 0)
(1.04385 -0.0178017 0)
(1.04257 -0.0219573 0)
(1.04902 -0.0156731 0)
(1.04798 -0.0191629 0)
(1.0534 -0.013934 0)
(1.05243 -0.0167558 0)
(1.05718 -0.0127196 0)
(1.05613 -0.0149364 0)
(1.06058 -0.0121022 0)
(1.0593 -0.0137975 0)
(1.06381 -0.0121398 0)
(1.06217 -0.0133822 0)
(1.06706 -0.0129117 0)
(1.06495 -0.0137442 0)
(1.07055 -0.0145255 0)
(1.06779 -0.0149879 0)
(1.07454 -0.0171196 0)
(1.07091 -0.0172417 0)
(1.07934 -0.0208768 0)
(1.07456 -0.0206825 0)
(1.08535 -0.0260246 0)
(1.07902 -0.0255648 0)
(1.09316 -0.0326112 0)
(1.08477 -0.0322441 0)
(1.1038 -0.04127 0)
(1.09224 -0.0409946 0)
(1.11665 -0.0604923 0)
(1.10466 -0.0527457 0)
(1.12092 -0.0943855 0)
(1.11502 -0.0768235 0)
(1.12955 -0.111793 0)
(1.09426 -0.113558 0)
(1.42963 -0.0547529 0)
(1.08438 -0.130817 0)
(0.579118 0 0)
(0.570223 -0.348079 0)
(0.0864631 0 0)
(0 -0.0307169 0)
(0.0864474 0 0)
(0 0 0)
(0.0865511 0 0)
(0 0 0)
(0.0860966 0 0)
(0 0 0)
(0.0881735 0 0)
(0 0.000218926 0)
(0.0962703 0 0)
(0 0.00119084 0)
(0.233495 0 0)
(0 -0.0193485 0)
(0.429946 0 0)
(0 -0.0643013 0)
(0.895126 0.00684454 0)
(0.605037 -0.0826112 -1.42598e-17)
(1.19914 0.0291076 0)
(1.19602 0.0280575 3.64309e-18)
(1.17059 0.0557255 0)
(1.16373 0.0613995 0)
(1.14599 0.0687103 0)
(1.13726 0.0791034 0)
(1.12648 0.0668124 0)
(1.11876 0.0790622 0)
(1.11155 0.0571814 0)
(1.10527 0.0690765 0)
(1.1002 0.0455284 0)
(1.09564 0.0556024 0)
(1.09156 0.0350357 0)
(1.08842 0.0430918 0)
(1.08494 0.026531 0)
(1.08276 0.0328012 0)
(1.07985 0.0199976 0)
(1.07833 0.0248139 0)
(1.07593 0.0150676 0)
(1.07486 0.0187472 0)
(1.07291 0.0113691 0)
(1.07215 0.0141735 0)
(1.0706 0.00859442 0)
(1.07005 0.0107301 0)
(1.06883 0.00650861 0)
(1.06843 0.00813474 0)
(1.06748 0.00493661 0)
(1.06718 0.00617497 0)
(1.06644 0.00374891 0)
(1.06622 0.00469212 0)
(1.06565 0.00284962 0)
(1.06548 0.00356817 0)
(1.06504 0.00216747 0)
(1.06492 0.00271497 0)
(1.06458 0.00164935 0)
(1.06449 0.00206653 0)
(1.06423 0.00125543 0)
(1.06416 0.00157328 0)
(1.06396 0.00095577 0)
(1.06391 0.0011979 0)
(1.06376 0.000727716 0)
(1.06372 0.000912117 0)
(1.0636 0.000554082 0)
(1.06357 0.000694522 0)
(1.06348 0.000421808 0)
(1.06346 0.00052877 0)
(1.06339 0.000321021 0)
(1.06337 0.000402463 0)
(1.06332 0.000244231 0)
(1.06331 0.000306209 0)
(1.06327 0.000185758 0)
(1.06326 0.000232905 0)
(1.06323 0.000141244 0)
(1.06322 0.000177094 0)
(1.0632 0.000107347 0)
(1.0632 0.00013462 0)
(1.06318 8.15135e-05 0)
(1.06317 0.000102263 0)
(1.06316 6.18249e-05 0)
(1.06316 7.7607e-05 0)
(1.06315 4.6815e-05 0)
(1.06315 5.88197e-05 0)
(1.06314 3.53893e-05 0)
(1.06314 4.45159e-05 0)
(1.06313 2.66945e-05 0)
(1.06313 3.36311e-05 0)
(1.06313 2.00877e-05 0)
(1.06312 2.53555e-05 0)
(1.06312 1.50677e-05 0)
(1.06312 1.90796e-05 0)
(1.06312 1.12403e-05 0)
(1.06312 1.4296e-05 0)
(1.06312 8.31825e-06 0)
(1.06311 1.06539e-05 0)
(1.06311 6.09565e-06 0)
(1.06311 7.86578e-06 0)
(1.06311 4.37512e-06 0)
(1.06311 5.76696e-06 0)
(1.06311 3.05905e-06 0)
(1.06311 4.09586e-06 0)
(1.06311 1.94092e-06 0)
(1.06311 2.9083e-06 0)
(1.06311 1.64896e-06 0)
(1.00234 -0.0134448 0)
(1.00077 -0.00839865 0)
(1.0086 -0.0236824 0)
(1.00527 -0.0230121 0)
(1.01691 -0.0293446 0)
(1.0136 -0.0320761 0)
(1.02568 -0.0308649 0)
(1.02324 -0.0355977 0)
(1.03388 -0.0294872 0)
(1.03235 -0.0349244 0)
(1.04096 -0.0265972 0)
(1.04012 -0.0318043 0)
(1.04678 -0.0232834 0)
(1.04637 -0.0277751 0)
(1.05145 -0.020214 0)
(1.05124 -0.0238367 0)
(1.0552 -0.0177331 0)
(1.05499 -0.0205095 0)
(1.05828 -0.0159974 0)
(1.0579 -0.0180155 0)
(1.06092 -0.0150719 0)
(1.06023 -0.0164392 0)
(1.06334 -0.0149977 0)
(1.06221 -0.0157969 0)
(1.06569 -0.0158516 0)
(1.06404 -0.0160984 0)
(1.06816 -0.0177599 0)
(1.06585 -0.0174502 0)
(1.07092 -0.020896 0)
(1.06776 -0.0200034 0)
(1.0742 -0.0255139 0)
(1.06994 -0.023964 0)
(1.07829 -0.0320009 0)
(1.07254 -0.0296592 0)
(1.08365 -0.0409035 0)
(1.07582 -0.0376029 0)
(1.09121 -0.0530748 0)
(1.08005 -0.0485548 0)
(1.10238 -0.0717819 0)
(1.08648 -0.0639131 0)
(1.11434 -0.0986926 0)
(1.09454 -0.0887893 0)
(1.12296 -0.121144 0)
(1.09512 -0.122177 0)
(1.13478 -0.108361 0)
(1.08253 -0.142634 0)
(1.34807 -0.0441843 0)
(1.10827 -0.109012 9.10131e-18)
(0.60278 -2.78842e-16 0)
(0.547201 -0.35816 0)
(0.0865516 0 0)
(0 -0.0324732 0)
(0.0860001 0 0)
(0 -0.00382501 0)
(0.0869225 0 0)
(0 0.000352266 0)
(0.11906 0 0)
(0 -0.00651801 0)
(0.186073 0 0)
(0 -0.0378116 0)
(0.439286 0 0)
(0 -0.0725766 0)
(0.908749 0.00478931 -1.42598e-17)
(0.596269 -0.090237 0)
(1.19485 0.0255752 -1.06167e-17)
(1.1836 0.0257403 -3.80194e-17)
(1.16068 0.0602553 3.64309e-18)
(1.1442 0.0636223 3.64309e-18)
(1.12953 0.0849949 0)
(1.11186 0.0925426 0)
(1.11016 0.0892873 0)
(1.09453 0.0984741 0)
(1.09765 0.0812841 0)
(1.08488 0.091572 0)
(1.0896 0.0674905 0)
(1.07965 0.0771285 0)
(1.08396 0.0531403 0)
(1.07674 0.0612483 0)
(1.07964 0.0408422 0)
(1.07444 0.0474087 0)
(1.07616 0.0310745 0)
(1.07239 0.0362754 0)
(1.07335 0.0235595 0)
(1.0706 0.0276262 0)
(1.07109 0.0178515 0)
(1.06908 0.0210057 0)
(1.0693 0.013534 0)
(1.06781 0.0159678 0)
(1.06789 0.0102705 0)
(1.06678 0.012142 0)
(1.06678 0.00780153 0)
(1.06596 0.00923728 0)
(1.06593 0.00593112 0)
(1.06531 0.00703068 0)
(1.06527 0.00451216 0)
(1.0648 0.00535328 0)
(1.06476 0.00343437 0)
(1.0644 0.0040772 0)
(1.06437 0.00261486 0)
(1.0641 0.00310588 0)
(1.06407 0.00199124 0)
(1.06386 0.00236607 0)
(1.06384 0.00151646 0)
(1.06368 0.00180242 0)
(1.06366 0.00115489 0)
(1.06354 0.00137289 0)
(1.06353 0.000879494 0)
(1.06344 0.00104558 0)
(1.06343 0.000669718 0)
(1.06336 0.000796221 0)
(1.06335 0.000509862 0)
(1.0633 0.000606231 0)
(1.06329 0.00038802 0)
(1.06325 0.000461404 0)
(1.06325 0.000295191 0)
(1.06321 0.00035102 0)
(1.06321 0.000224495 0)
(1.06319 0.000266931 0)
(1.06319 0.00017068 0)
(1.06317 0.000202922 0)
(1.06317 0.000129711 0)
(1.06315 0.000154232 0)
(1.06315 9.84978e-05 0)
(1.06314 0.00011715 0)
(1.06314 7.47155e-05 0)
(1.06313 8.88964e-05 0)
(1.06313 5.66123e-05 0)
(1.06313 6.7382e-05 0)
(1.06313 4.28305e-05 0)
(1.06312 5.10275e-05 0)
(1.06312 3.23441e-05 0)
(1.06312 3.85603e-05 0)
(1.06312 2.43761e-05 0)
(1.06311 2.91108e-05 0)
(1.06312 1.83165e-05 0)
(1.06311 2.1935e-05 0)
(1.06311 1.37071e-05 0)
(1.06311 1.64798e-05 0)
(1.06311 1.01921e-05 0)
(1.06311 1.23107e-05 0)
(1.06311 7.52419e-06 0)
(1.06311 9.14731e-06 0)
(1.06311 5.47483e-06 0)
(1.06311 6.73912e-06 0)
(1.06311 3.93438e-06 0)
(1.06311 4.87835e-06 0)
(1.06311 2.60861e-06 0)
(1.06311 3.52707e-06 0)
(1.0631 2.10392e-06 0)
(1.00297 -0.018183 0)
(1.00102 -0.0113653 0)
(1.01064 -0.0315495 0)
(1.00689 -0.0306832 0)
(1.02036 -0.0383726 0)
(1.01717 -0.041799 0)
(1.0301 -0.0396351 0)
(1.02835 -0.0453338 0)
(1.03868 -0.0371903 0)
(1.03822 -0.0435065 0)
(1.04562 -0.0329228 0)
(1.04599 -0.0387415 0)
(1.05091 -0.0282719 0)
(1.05167 -0.0330714 0)
(1.05483 -0.024085 0)
(1.05567 -0.0277579 0)
(1.05771 -0.0207572 0)
(1.0584 -0.0233911 0)
(1.05986 -0.0184353 0)
(1.06026 -0.0201624 0)
(1.06152 -0.0171529 0)
(1.06153 -0.0181035 0)
(1.06292 -0.0168962 0)
(1.06244 -0.0171945 0)
(1.0642 -0.0177113 0)
(1.06316 -0.017378 0)
(1.06544 -0.0197274 0)
(1.06378 -0.0186905 0)
(1.06675 -0.0231217 0)
(1.06434 -0.0213068 0)
(1.0682 -0.0281697 0)
(1.06487 -0.0254209 0)
(1.0699 -0.0353111 0)
(1.06539 -0.0313539 0)
(1.07191 -0.0452386 0)
(1.06588 -0.0396158 0)
(1.07435 -0.0590515 0)
(1.0662 -0.0509958 0)
(1.07712 -0.0793597 0)
(1.06634 -0.0666835 0)
(1.07785 -0.108141 0)
(1.06482 -0.0895227 0)
(1.0754 -0.137072 0)
(1.05788 -0.119723 0)
(1.07674 -0.141266 9.10131e-18)
(1.04492 -0.143977 0)
(1.10431 -0.103933 9.10131e-18)
(1.04225 -0.134651 9.10131e-18)
(1.39202 -0.0374084 0)
(1.05645 -0.0905631 0)
(0.764073 0 0)
(0.532117 -0.470466 0)
(0.395584 0 0)
(0.563584 -0.318575 0)
(0.393344 0 0)
(0.583734 -0.239399 2.80153e-17)
(0.446047 0 0)
(0.589183 -0.222699 2.48379e-17)
(0.51655 0 0)
(0.582323 -0.246208 -2.24219e-17)
(0.889661 0.00360559 0)
(0.569114 -0.157042 0)
(1.17092 0.0251479 -2.37596e-17)
(1.14295 0.0300119 0)
(1.1332 0.0653521 -2.37596e-17)
(1.10168 0.0701318 -2.37596e-17)
(1.09507 0.0968553 0)
(1.06661 0.101752 0)
(1.07689 0.105965 0)
(1.05251 0.110721 0)
(1.06908 0.100779 0)
(1.04933 0.106282 0)
(1.06696 0.0874494 0)
(1.05133 0.0936943 0)
(1.06704 0.0708518 0)
(1.05515 0.0770536 0)
(1.06728 0.0554894 0)
(1.05848 0.0610035 0)
(1.0672 0.0428311 0)
(1.06065 0.047486 0)
(1.06684 0.0328245 0)
(1.06195 0.0366365 0)
(1.06634 0.0250714 0)
(1.06268 0.0281293 0)
(1.06581 0.0191217 0)
(1.06306 0.0215412 0)
(1.0653 0.014576 0)
(1.06323 0.0164724 0)
(1.06486 0.0111095 0)
(1.0633 0.0125853 0)
(1.06448 0.0084674 0)
(1.0633 0.00960979 0)
(1.06418 0.00645399 0)
(1.06328 0.00733465 0)
(1.06394 0.0049196 0)
(1.06325 0.00559642 0)
(1.06375 0.00375006 0)
(1.06322 0.00426918 0)
(1.06359 0.00285839 0)
(1.06319 0.00325599 0)
(1.06348 0.00217844 0)
(1.06317 0.00248254 0)
(1.06339 0.00165991 0)
(1.06315 0.00189221 0)
(1.06332 0.00126451 0)
(1.06313 0.0014417 0)
(1.06327 0.000963118 0)
(1.06312 0.00109804 0)
(1.06323 0.00073346 0)
(1.06311 0.000836224 0)
(1.0632 0.000558397 0)
(1.06311 0.000636748 0)
(1.06317 0.000424924 0)
(1.0631 0.00048457 0)
(1.06316 0.000323194 0)
(1.0631 0.000368559 0)
(1.06314 0.000245709 0)
(1.0631 0.000280133 0)
(1.06313 0.000186718 0)
(1.06309 0.000212846 0)
(1.06313 0.000141793 0)
(1.06309 0.000161736 0)
(1.06312 0.000107583 0)
(1.06309 0.000122858 0)
(1.06312 8.15546e-05 0)
(1.06309 9.31832e-05 0)
(1.06311 6.1771e-05 0)
(1.06309 7.0639e-05 0)
(1.06311 4.67262e-05 0)
(1.06309 5.34914e-05 0)
(1.06311 3.53002e-05 0)
(1.06309 4.04292e-05 0)
(1.06311 2.66508e-05 0)
(1.06309 3.05202e-05 0)
(1.06311 2.00855e-05 0)
(1.06309 2.30114e-05 0)
(1.0631 1.50741e-05 0)
(1.06309 1.72981e-05 0)
(1.0631 1.12585e-05 0)
(1.06309 1.29462e-05 0)
(1.0631 8.35628e-06 0)
(1.06309 9.65205e-06 0)
(1.0631 6.1355e-06 0)
(1.06309 7.1293e-06 0)
(1.0631 4.46502e-06 0)
(1.06309 5.22543e-06 0)
(1.0631 3.01864e-06 0)
(1.06309 3.82198e-06 0)
(1.06309 2.35706e-06 0)
(1.00408 -0.0242138 0)
(1.0015 -0.0154452 0)
(1.01399 -0.0411257 0)
(1.00975 -0.0405914 0)
(1.02577 -0.0487825 0)
(1.02303 -0.053578 0)
(1.03673 -0.0491355 0)
(1.03626 -0.0563012 0)
(1.04562 -0.0449594 0)
(1.04687 -0.0523908 0)
(1.05211 -0.0387919 0)
(1.0542 -0.0452353 0)
(1.05649 -0.0324698 0)
(1.05877 -0.0374523 0)
(1.05928 -0.0269918 0)
(1.06136 -0.030544 0)
(1.06097 -0.0227423 0)
(1.06266 -0.0250779 0)
(1.06193 -0.0197935 0)
(1.06314 -0.0211314 0)
(1.06245 -0.0181223 0)
(1.06314 -0.0186163 0)
(1.06268 -0.0176708 0)
(1.06286 -0.0174255 0)
(1.06273 -0.0183694 0)
(1.06237 -0.0174315 0)
(1.06265 -0.0202916 0)
(1.06171 -0.0186057 0)
(1.06241 -0.0236302 0)
(1.06086 -0.02107 0)
(1.06197 -0.0286223 0)
(1.05976 -0.0249849 0)
(1.06123 -0.0356462 0)
(1.05826 -0.0306086 0)
(1.05995 -0.0452839 0)
(1.05614 -0.0383382 0)
(1.0577 -0.0583768 0)
(1.053 -0.0487498 0)
(1.05361 -0.0763662 0)
(1.04824 -0.0625916 0)
(1.0452 -0.100313 0)
(1.04035 -0.0811171 0)
(1.02973 -0.126598 0)
(1.02642 -0.10425 0)
(1.01322 -0.140053 0)
(1.00379 -0.127472 0)
(1.01307 -0.129756 0)
(0.984539 -0.134493 0)
(1.04617 -0.0996926 0)
(0.977083 -0.123671 -2.09053e-33)
(1.09442 -0.0546608 0)
(0.996102 -0.0948255 2.09567e-33)
(1.14502 -0.0172604 2.80153e-17)
(1.03314 -0.0510699 0)
(1.1743 -0.00308958 5.28533e-17)
(1.06291 -0.0150144 2.80153e-17)
(1.17257 0.00343029 2.41605e-18)
(1.07284 0.00344844 2.48379e-17)
(1.14939 0.0189106 -2.24219e-17)
(1.06343 0.0239888 -2.24219e-17)
(1.12264 0.0466397 0)
(1.04467 0.057002 0)
(1.06888 0.0805281 0)
(1.02007 0.0837741 0)
(1.0351 0.106792 0)
(0.998366 0.103909 0)
(1.02404 0.115176 0)
(0.994147 0.112818 0)
(1.02495 0.110928 0)
(1.00094 0.109806 0)
(1.03136 0.0991852 0)
(1.01198 0.0998693 0)
(1.03968 0.0832514 0)
(1.02406 0.0853817 0)
(1.04676 0.067176 0)
(1.03453 0.0699729 0)
(1.05189 0.0529954 0)
(1.04248 0.0558744 0)
(1.05542 0.0412915 0)
(1.04819 0.0439486 0)
(1.05782 0.0319409 0)
(1.05227 0.0342447 0)
(1.05942 0.0245996 0)
(1.05517 0.0265224 0)
(1.0605 0.0188934 0)
(1.05724 0.02046 0)
(1.06124 0.0144835 0)
(1.05873 0.0157382 0)
(1.06174 0.0110877 0)
(1.05981 0.0120796 0)
(1.0621 0.00847922 0)
(1.0606 0.00925541 0)
(1.06235 0.00647924 0)
(1.06118 0.00708194 0)
(1.06253 0.00494816 0)
(1.06162 0.00541351 0)
(1.06267 0.00377721 0)
(1.06195 0.00413568 0)
(1.06277 0.00288203 0)
(1.0622 0.00315765 0)
(1.06284 0.00219793 0)
(1.06239 0.00240923 0)
(1.06289 0.00167533 0)
(1.06253 0.00183698 0)
(1.06294 0.00127624 0)
(1.06264 0.00139962 0)
(1.06297 0.000971677 0)
(1.06272 0.00106565 0)
(1.06299 0.000739513 0)
(1.06278 0.000811599 0)
(1.06301 0.000562589 0)
(1.06283 0.000618132 0)
(1.06303 0.00042778 0)
(1.06287 0.000470215 0)
(1.06304 0.000325092 0)
(1.0629 0.000357452 0)
(1.06305 0.000246928 0)
(1.06292 0.000271472 0)
(1.06305 0.000187619 0)
(1.06293 0.000206157 0)
(1.06306 0.000142677 0)
(1.06295 0.000156542 0)
(1.06306 0.000108428 0)
(1.06296 0.000118832 0)
(1.06306 8.22866e-05 0)
(1.06296 9.00924e-05 0)
(1.06307 6.23991e-05 0)
(1.06297 6.82787e-05 0)
(1.06307 4.72417e-05 0)
(1.06297 5.16918e-05 0)
(1.06307 3.56986e-05 0)
(1.06298 3.90601e-05 0)
(1.06307 2.69326e-05 0)
(1.06298 2.94727e-05 0)
(1.06307 2.0276e-05 0)
(1.06298 2.22052e-05 0)
(1.06307 1.52162e-05 0)
(1.06298 1.66962e-05 0)
(1.06307 1.13792e-05 0)
(1.06299 1.25111e-05 0)
(1.06307 8.457e-06 0)
(1.06299 9.3496e-06 0)
(1.06307 6.24345e-06 0)
(1.06299 6.9107e-06 0)
(1.06307 4.59865e-06 0)
(1.06299 5.11812e-06 0)
(1.06307 3.17067e-06 0)
(1.06299 3.79456e-06 0)
(1.06299 2.4081e-06 0)
(1.0062 -0.0323979 0)
(1.00244 -0.0216408 0)
(1.01974 -0.0533125 0)
(1.01501 -0.0541333 0)
(1.03438 -0.0610602 0)
(1.03289 -0.068225 0)
(1.0467 -0.0593916 0)
(1.04851 -0.0686162 0)
(1.05549 -0.052494 0)
(1.05932 -0.0611864 0)
(1.06089 -0.0437467 0)
(1.06516 -0.0506298 0)
(1.06368 -0.0354077 0)
(1.06755 -0.040243 0)
(1.06476 -0.0285352 0)
(1.06795 -0.0316275 0)
(1.06483 -0.0233893 0)
(1.06727 -0.0251457 0)
(1.06434 -0.0198953 0)
(1.06604 -0.020638 0)
(1.06354 -0.0178884 0)
(1.06455 -0.0178158 0)
(1.06253 -0.0171771 0)
(1.06295 -0.0164202 0)
(1.06132 -0.0176628 0)
(1.06122 -0.0162202 0)
(1.05989 -0.0193827 0)
(1.05931 -0.0171788 0)
(1.05816 -0.0224299 0)
(1.05715 -0.0193406 0)
(1.05597 -0.0269724 0)
(1.05455 -0.0227911 0)
(1.05306 -0.0332806 0)
(1.05128 -0.0276994 0)
(1.04905 -0.0417406 0)
(1.047 -0.0343284 0)
(1.04331 -0.0528363 0)
(1.04122 -0.0430141 0)
(1.03482 -0.0671741 0)
(1.03319 -0.0541029 0)
(1.02164 -0.084975 0)
(1.02169 -0.0679404 0)
(1.00152 -0.104491 0)
(1.00473 -0.084127 0)
(0.974232 -0.119037 0)
(0.980279 -0.100184 0)
(0.948722 -0.12119 -2.09053e-33)
(0.951458 -0.108984 0)
(0.932666 -0.111282 1.79172e-35)
(0.923304 -0.107614 -2.09053e-33)
(0.932646 -0.0876929 2.09567e-33)
(0.905619 -0.0948057 2.09567e-33)
(0.948406 -0.0490614 0)
(0.900172 -0.06683 0)
(0.963446 -0.00989354 0)
(0.905862 -0.0300546 0)
(0.964703 0.0233141 0)
(0.910123 0.00219063 0)
(0.955572 0.0574432 0)
(0.910052 0.0331197 0)
(0.949516 0.0859475 0)
(0.909825 0.0630589 0)
(0.948532 0.102486 0)
(0.916457 0.0847581 0)
(0.956337 0.109168 0)
(0.92945 0.0961036 0)
(0.971019 0.107221 0)
(0.947644 0.0981352 0)
(0.987859 0.0987028 0)
(0.967759 0.0929655 0)
(1.00464 0.0860796 0)
(0.98732 0.0830864 0)
(1.01906 0.0721084 0)
(1.00455 0.0709648 0)
(1.03036 0.0586909 0)
(1.01849 0.0586754 0)
(1.03882 0.0468418 0)
(1.02927 0.0474081 0)
(1.04507 0.0369083 0)
(1.03743 0.0377061 0)
(1.04964 0.0288313 0)
(1.04356 0.0296654 0)
(1.053 0.0223878 0)
(1.04816 0.0231631 0)
(1.05547 0.0173093 0)
(1.05161 0.0179892 0)
(1.0573 0.0133378 0)
(1.0542 0.0139094 0)
(1.05867 0.01025 0)
(1.05616 0.0107166 0)
(1.05969 0.0078601 0)
(1.05764 0.00823293 0)
(1.06046 0.00601687 0)
(1.05877 0.00631036 0)
(1.06104 0.00459947 0)
(1.05963 0.00482918 0)
(1.06149 0.00351241 0)
(1.06028 0.00369379 0)
(1.06182 0.00268023 0)
(1.06078 0.00282274 0)
(1.06208 0.00204395 0)
(1.06116 0.00215424 0)
(1.06227 0.00155773 0)
(1.06145 0.0016424 0)
(1.06242 0.00118642 0)
(1.06167 0.00125092 0)
(1.06253 0.000903883 0)
(1.06184 0.000951796 0)
(1.06262 0.000689401 0)
(1.06197 0.000724401 0)
(1.06269 0.000525613 0)
(1.06207 0.000551409 0)
(1.06274 0.000400131 0)
(1.06214 0.000419253 0)
(1.06278 0.000304246 0)
(1.0622 0.000318478 0)
(1.06281 0.000231161 0)
(1.06225 0.000241684 0)
(1.06283 0.000175555 0)
(1.06228 0.000183416 0)
(1.06285 0.000133174 0)
(1.06231 0.000139135 0)
(1.06286 0.000100944 0)
(1.06233 0.000105487 0)
(1.06287 7.64802e-05 0)
(1.06234 7.99162e-05 0)
(1.06288 5.79103e-05 0)
(1.06235 6.05076e-05 0)
(1.06288 4.37891e-05 0)
(1.06236 4.57637e-05 0)
(1.06289 3.30543e-05 0)
(1.06237 3.4559e-05 0)
(1.06289 2.49118e-05 0)
(1.06237 2.60548e-05 0)
(1.06289 1.87471e-05 0)
(1.06238 1.96138e-05 0)
(1.0629 1.40798e-05 0)
(1.06238 1.47441e-05 0)
(1.0629 1.05449e-05 0)
(1.06238 1.10545e-05 0)
(1.0629 7.84816e-06 0)
(1.06238 8.27225e-06 0)
(1.0629 5.81739e-06 0)
(1.06239 6.11545e-06 0)
(1.0629 4.33569e-06 0)
(1.06239 4.56898e-06 0)
(1.0629 3.04326e-06 0)
(1.06239 3.43502e-06 0)
(1.06239 2.24497e-06 0)
(1.01033 -0.0441014 0)
(1.00443 -0.0319747 0)
(1.02986 -0.0692489 0)
(1.02484 -0.0736569 0)
(1.04823 -0.0755727 0)
(1.04903 -0.0865951 0)
(1.06138 -0.0700653 0)
(1.06602 -0.0817707 0)
(1.06894 -0.0590124 0)
(1.07489 -0.0687402 0)
(1.07179 -0.0468571 0)
(1.07667 -0.0534799 0)
(1.07184 -0.0362412 0)
(1.0754 -0.0402949 0)
(1.07046 -0.0281081 0)
(1.07268 -0.0302458 0)
(1.06845 -0.0223425 0)
(1.06945 -0.0231359 0)
(1.06622 -0.0185455 0)
(1.06624 -0.0184144 0)
(1.06393 -0.0163309 0)
(1.06315 -0.0155212 0)
(1.06159 -0.0154232 0)
(1.06024 -0.0140884 0)
(1.05917 -0.0156865 0)
(1.05735 -0.0137966 0)
(1.05653 -0.0170878 0)
(1.05435 -0.014542 0)
(1.05349 -0.0196515 0)
(1.05105 -0.0163017 0)
(1.04981 -0.0234656 0)
(1.04719 -0.0191061 0)
(1.04515 -0.0286897 0)
(1.04247 -0.0230428 0)
(1.03908 -0.0355293 0)
(1.03652 -0.0282627 0)
(1.031 -0.0441851 0)
(1.02885 -0.0349293 0)
(1.02002 -0.0547785 0)
(1.01883 -0.043128 0)
(1.00486 -0.0670736 0)
(1.00552 -0.0527811 0)
(0.984031 -0.0798595 0)
(0.987776 -0.0632951 0)
(0.956876 -0.0900175 0)
(0.964528 -0.0730288 0)
(0.926626 -0.0942371 0)
(0.936632 -0.0787348 0)
(0.897395 -0.0894864 0)
(0.906846 -0.0783831 0)
(0.872521 -0.0722783 0)
(0.879231 -0.0699319 0)
(0.85706 -0.0448048 0)
(0.856583 -0.0513684 0)
(0.853261 -0.0141786 0)
(0.845409 -0.0262556 0)
(0.85538 0.0158928 0)
(0.84277 7.11969e-05 0)
(0.862806 0.0441243 0)
(0.847414 0.0256934 0)
(0.877288 0.0667967 0)
(0.85913 0.048577 0)
(0.897271 0.080794 0)
(0.877758 0.064775 0)
(0.920375 0.0862286 0)
(0.900729 0.0729996 0)
(0.944326 0.0844269 0)
(0.925248 0.0741835 0)
(0.967121 0.0775853 0)
(0.949115 0.0701706 0)
(0.987292 0.0680293 0)
(0.97082 0.0629158 0)
(1.00407 0.0575556 0)
(0.989458 0.054187 0)
(1.01747 0.0473974 0)
(1.00477 0.0452728 0)
(1.02792 0.0382657 0)
(1.017 0.0369651 0)
(1.03595 0.0304515 0)
(1.02661 0.0296696 0)
(1.0421 0.0239788 0)
(1.03408 0.0235145 0)
(1.04679 0.0187373 0)
(1.03987 0.0184756 0)
(1.05035 0.0145575 0)
(1.04432 0.0144263 0)
(1.05307 0.0112584 0)
(1.04775 0.0111942 0)
(1.05514 0.00867496 0)
(1.05038 0.00864331 0)
(1.05673 0.00666461 0)
(1.05241 0.0066481 0)
(1.05794 0.00511005 0)
(1.05396 0.00509862 0)
(1.05887 0.00391664 0)
(1.05515 0.00390136 0)
(1.05958 0.00300219 0)
(1.05606 0.00298308 0)
(1.06012 0.00229813 0)
(1.05676 0.00227911 0)
(1.06053 0.00175566 0)
(1.05729 0.00173915 0)
(1.06085 0.00133901 0)
(1.0577 0.00132564 0)
(1.06109 0.00101967 0)
(1.05802 0.00100925 0)
(1.06128 0.000775592 0)
(1.05826 0.000767417 0)
(1.06142 0.000589578 0)
(1.05844 0.000583284 0)
(1.06153 0.000447892 0)
(1.05858 0.000443163 0)
(1.06161 0.000339975 0)
(1.05869 0.000336453 0)
(1.06167 0.000257846 0)
(1.05877 0.000255203 0)
(1.06172 0.000195486 0)
(1.05883 0.000193421 0)
(1.06176 0.00014819 0)
(1.05888 0.000146559 0)
(1.06179 0.000112308 0)
(1.05891 0.000111003 0)
(1.06181 8.50679e-05 0)
(1.05894 8.40374e-05 0)
(1.06182 6.43847e-05 0)
(1.05896 6.35675e-05 0)
(1.06184 4.86853e-05 0)
(1.05898 4.80547e-05 0)
(1.06185 3.67737e-05 0)
(1.05899 3.62773e-05 0)
(1.06185 2.77394e-05 0)
(1.059 2.73703e-05 0)
(1.06186 2.0892e-05 0)
(1.05901 2.06003e-05 0)
(1.06186 1.57144e-05 0)
(1.05901 1.55058e-05 0)
(1.06187 1.17987e-05 0)
(1.05902 1.16362e-05 0)
(1.06187 8.84161e-06 0)
(1.05902 8.73062e-06 0)
(1.06187 6.58204e-06 0)
(1.05902 6.52779e-06 0)
(1.06187 4.89422e-06 0)
(1.05902 4.82774e-06 0)
(1.06187 3.68452e-06 0)
(1.05902 3.63231e-06 0)
(1.06187 2.64527e-06 0)
(1.05902 2.79062e-06 0)
(1.05903 1.87178e-06 0)
(1.01863 -0.0623718 0)
(1.00995 -0.0506042 0)
(1.04705 -0.0903286 0)
(1.04184 -0.102076 0)
(1.06849 -0.0920904 0)
(1.06783 -0.108033 0)
(1.07943 -0.0800997 0)
(1.08152 -0.0927186 0)
(1.08233 -0.0628866 0)
(1.08209 -0.0716404 0)
(1.08021 -0.0465867 0)
(1.07673 -0.0513595 0)
(1.07617 -0.0340564 0)
(1.07002 -0.0362483 0)
(1.07161 -0.0250861 0)
(1.06326 -0.0256886 0)
(1.06719 -0.0190713 0)
(1.05716 -0.0187142 0)
(1.06312 -0.0153042 0)
(1.05194 -0.0143518 0)
(1.05942 -0.0132399 0)
(1.04742 -0.0118149 0)
(1.05594 -0.0124539 0)
(1.04342 -0.0106135 0)
(1.05249 -0.0126501 0)
(1.03961 -0.0103483 0)
(1.04884 -0.0137421 0)
(1.03575 -0.0108843 0)
(1.0447 -0.015721 0)
(1.03155 -0.0121698 0)
(1.0398 -0.0186161 0)
(1.02672 -0.0142071 0)
(1.03379 -0.022508 0)
(1.02094 -0.0170278 0)
(1.02624 -0.0275194 0)
(1.01383 -0.0207144 0)
(1.01664 -0.0337057 0)
(1.00498 -0.0253305 0)
(1.00433 -0.0409636 0)
(0.993836 -0.0308208 0)
(0.988534 -0.0488942 0)
(0.979802 -0.0369841 0)
(0.968515 -0.0565451 0)
(0.962303 -0.0432764 0)
(0.944165 -0.0621329 0)
(0.940918 -0.0486794 0)
(0.916965 -0.0637639 0)
(0.916383 -0.0515357 0)
(0.889108 -0.0599286 0)
(0.890192 -0.050526 0)
(0.86366 -0.0491307 0)
(0.864954 -0.0444836 0)
(0.844678 -0.0319789 0)
(0.843708 -0.032387 0)
(0.835015 -0.0113133 0)
(0.830097 -0.0165926 0)
(0.834686 0.0102599 0)
(0.825466 0.000400568 0)
(0.843117 0.0304418 0)
(0.82929 0.0172617 0)
(0.859459 0.0465812 0)
(0.841144 0.0322354 0)
(0.8812 0.0567451 0)
(0.859492 0.0430338 0)
(0.905471 0.06081 0)
(0.881821 0.0487284 0)
(0.929907 0.059856 0)
(0.905444 0.0497473 0)
(0.952779 0.0554321 0)
(0.928342 0.0472988 0)
(0.973033 0.0490365 0)
(0.949231 0.0426612 0)
(0.990216 0.0418823 0)
(0.96746 0.0370045 0)
(1.00435 0.0348159 0)
(0.982821 0.0311373 0)
(1.01573 0.028343 0)
(0.995426 0.0255815 0)
(1.02477 0.0227108 0)
(1.00558 0.020634 0)
(1.03187 0.0179999 0)
(1.01366 0.0164129 0)
(1.03742 0.0141681 0)
(1.02002 0.0129294 0)
(1.04173 0.0110795 0)
(1.025 0.0101123 0)
(1.04507 0.00860243 0)
(1.02889 0.00785194 0)
(1.04765 0.00664148 0)
(1.0319 0.00606233 0)
(1.04964 0.00510573 0)
(1.03423 0.00466022 0)
(1.05117 0.00391135 0)
(1.03602 0.00357061 0)
(1.05234 0.00298782 0)
(1.0374 0.00272852 0)
(1.05324 0.00227858 0)
(1.03846 0.00208249 0)
(1.05394 0.00173616 0)
(1.03927 0.00158772 0)
(1.05447 0.00132211 0)
(1.03989 0.00120924 0)
(1.05487 0.00100605 0)
(1.04037 0.000920046 0)
(1.05518 0.000764752 0)
(1.04073 0.000699202 0)
(1.05542 0.000580765 0)
(1.04101 0.000530667 0)
(1.0556 0.000440754 0)
(1.04122 0.000402375 0)
(1.05574 0.000334335 0)
(1.04139 0.000304885 0)
(1.05584 0.000253469 0)
(1.04151 0.000230865 0)
(1.05592 0.000192029 0)
(1.0416 0.000174675 0)
(1.05598 0.000145388 0)
(1.04167 0.000132064 0)
(1.05603 0.000110024 0)
(1.04173 9.9789e-05 0)
(1.05607 8.32261e-05 0)
(1.04177 7.53588e-05 0)
(1.05609 6.2916e-05 0)
(1.0418 5.68725e-05 0)
(1.05611 4.7527e-05 0)
(1.04183 4.28857e-05 0)
(1.05613 3.58696e-05 0)
(1.04184 3.2312e-05 0)
(1.05614 2.70493e-05 0)
(1.04186 2.43288e-05 0)
(1.05615 2.037e-05 0)
(1.04187 1.83033e-05 0)
(1.05616 1.53242e-05 0)
(1.04188 1.37583e-05 0)
(1.05616 1.15132e-05 0)
(1.04188 1.03317e-05 0)
(1.05617 8.6333e-06 0)
(1.04189 7.75003e-06 0)
(1.05617 6.46649e-06 0)
(1.04189 5.79733e-06 0)
(1.05617 4.80921e-06 0)
(1.04189 4.34272e-06 0)
(1.05617 3.59563e-06 0)
(1.0419 3.19574e-06 0)
(1.05618 2.75778e-06 0)
(1.0419 2.44647e-06 0)
(1.05618 2.02568e-06 0)
(1.0419 1.92384e-06 0)
(1.0419 1.33992e-06 0)
(1.03649 -0.098169 0)
(1.01273 -0.0870938 0)
(1.0672 -0.120034 0)
(1.05044 -0.132787 0)
(1.08237 -0.106666 0)
(1.05935 -0.123203 0)
(1.08339 -0.0827267 0)
(1.05034 -0.0937414 0)
(1.07602 -0.0592354 0)
(1.03196 -0.0642625 0)
(1.06637 -0.0406289 0)
(1.01513 -0.0417172 0)
(1.05689 -0.0276993 0)
(1.00151 -0.0267639 0)
(1.04865 -0.0192151 0)
(0.990795 -0.0174477 0)
(1.04182 -0.0139124 0)
(0.982589 -0.0118842 0)
(1.03618 -0.0107903 0)
(0.976269 -0.0087103 0)
(1.03138 -0.00913545 0)
(0.971187 -0.0070212 0)
(1.02704 -0.00848415 0)
(0.966787 -0.00626861 0)
(1.02282 -0.00858077 0)
(0.962674 -0.00613552 0)
(1.01842 -0.00931497 0)
(0.95851 -0.00648686 0)
(1.01353 -0.0106509 0)
(0.953991 -0.00727279 0)
(1.00781 -0.0125978 0)
(0.94882 -0.00849112 0)
(1.00094 -0.0151901 0)
(0.94269 -0.0101613 0)
(0.992545 -0.0184502 0)
(0.935266 -0.012316 0)
(0.982162 -0.022339 0)
(0.926187 -0.0149482 0)
(0.969329 -0.0267226 0)
(0.91504 -0.0179888 0)
(0.953639 -0.0312698 0)
(0.901475 -0.0212945 0)
(0.934847 -0.0353933 0)
(0.88528 -0.0244852 0)
(0.913201 -0.0381505 0)
(0.866419 -0.0270333 0)
(0.889777 -0.0384706 0)
(0.845666 -0.0281122 0)
(0.866283 -0.0354693 0)
(0.824156 -0.0270328 0)
(0.845103 -0.0283472 0)
(0.803958 -0.0233029 0)
(0.829177 -0.0176896 0)
(0.787315 -0.0164613 0)
(0.820484 -0.00553216 0)
(0.776609 -0.00789964 0)
(0.819856 0.00689144 0)
(0.773111 0.0010286 0)
(0.826967 0.0187527 0)
(0.776488 0.0101503 0)
(0.840998 0.0285082 0)
(0.786633 0.0182041 0)
(0.860034 0.0348838 0)
(0.802201 0.0239982 0)
(0.88169 0.037601 0)
(0.821258 0.0270716 0)
(0.903796 0.0372003 0)
(0.841615 0.0276413 0)
(0.924784 0.0345873 0)
(0.861599 0.0263113 0)
(0.943699 0.0307031 0)
(0.880047 0.0237453 0)
(0.960114 0.0263289 0)
(0.896365 0.0205897 0)
(0.973939 0.0219721 0)
(0.910311 0.0173119 0)
(0.98531 0.0179458 0)
(0.92191 0.0142105 0)
(0.994498 0.0144125 0)
(0.931363 0.0114468 0)
(1.00182 0.0114215 0)
(0.938943 0.00908751 0)
(1.00762 0.00895452 0)
(0.944956 0.0071373 0)
(1.01217 0.00696116 0)
(0.949688 0.00555868 0)
(1.01572 0.00537699 0)
(0.953386 0.00429767 0)
(1.01848 0.0041334 0)
(0.956259 0.00330334 0)
(1.02061 0.0031659 0)
(0.958478 0.00252783 0)
(1.02226 0.00241824 0)
(0.960186 0.00192794 0)
(1.02352 0.00184383 0)
(0.961497 0.00146663 0)
(1.02449 0.00140428 0)
(0.962501 0.0011141 0)
(1.02523 0.00106845 0)
(0.963269 0.000845465 0)
(1.0258 0.000812087 0)
(0.963856 0.000640987 0)
(1.02623 0.000616588 0)
(0.964304 0.000485471 0)
(1.02656 0.000467589 0)
(0.964645 0.000367243 0)
(1.02682 0.000354155 0)
(0.964906 0.000277413 0)
(1.02701 0.000267978 0)
(0.965104 0.000209297 0)
(1.02716 0.000202607 0)
(0.965255 0.000157756 0)
(1.02727 0.000153062 0)
(0.965369 0.000118809 0)
(1.02735 0.000115541 0)
(0.965456 8.94075e-05 0)
(1.02742 8.71411e-05 0)
(0.965522 6.7212e-05 0)
(1.02747 6.56689e-05 0)
(0.965572 5.04752e-05 0)
(1.02751 4.94459e-05 0)
(0.96561 3.78637e-05 0)
(1.02754 3.71974e-05 0)
(0.965639 2.8365e-05 0)
(1.02756 2.79591e-05 0)
(0.965661 2.1224e-05 0)
(1.02757 2.10057e-05 0)
(0.965678 1.58694e-05 0)
(1.02759 1.57736e-05 0)
(0.96569 1.18724e-05 0)
(1.0276 1.18453e-05 0)
(0.9657 8.87883e-06 0)
(1.0276 8.88879e-06 0)
(0.965707 6.65481e-06 0)
(1.02761 6.66629e-06 0)
(0.965712 4.97296e-06 0)
(1.02761 4.99095e-06 0)
(0.965716 3.72904e-06 0)
(1.02761 3.73264e-06 0)
(0.965719 2.76355e-06 0)
(1.02762 2.77643e-06 0)
(0.965722 2.08268e-06 0)
(1.02762 2.07729e-06 0)
(0.965723 1.49888e-06 0)
(1.02762 1.63904e-06 0)
(0.965725 1.20556e-06 0)
(1.02762 1.26848e-06 0)
(0.965725 1.01058e-06 0)
(0.965726 7.52479e-07 0)
(1.04815 -0.136381 0)
(0.901811 -0.135239 0)
(1.04735 -0.142165 0)
(0.908769 -0.131993 0)
(1.02494 -0.111615 0)
(0.86672 -0.100788 0)
(0.996888 -0.0759335 0)
(0.805976 -0.0656922 0)
(0.970542 -0.0474302 0)
(0.762433 -0.0379174 0)
(0.949914 -0.0284553 0)
(0.736976 -0.021089 0)
(0.935007 -0.0170432 0)
(0.720811 -0.0118571 0)
(0.924476 -0.0105476 0)
(0.710191 -0.00691627 0)
(0.916912 -0.00701476 0)
(0.703111 -0.00432078 0)
(0.911202 -0.00518768 0)
(0.698139 -0.0030007 0)
(0.906544 -0.00432956 0)
(0.694331 -0.00236362 0)
(0.902379 -0.00404614 0)
(0.691086 -0.00210453 0)
(0.89832 -0.00414596 0)
(0.688049 -0.00207634 0)
(0.894042 -0.00454713 0)
(0.684947 -0.00220943 0)
(0.889254 -0.00522705 0)
(0.681558 -0.00248499 0)
(0.883669 -0.00619154 0)
(0.677669 -0.00290659 0)
(0.87699 -0.00745607 0)
(0.67306 -0.00348268 0)
(0.868897 -0.00901967 0)
(0.667495 -0.00422384 0)
(0.859069 -0.0108431 0)
(0.660729 -0.0051201 0)
(0.847224 -0.0128461 0)
(0.652526 -0.0061446 0)
(0.833178 -0.0148374 0)
(0.642703 -0.0072494 0)
(0.816978 -0.0164858 0)
(0.631204 -0.00828599 0)
(0.799007 -0.0173645 0)
(0.618174 -0.00906245 0)
(0.78022 -0.017034 0)
(0.604156 -0.00932487 0)
(0.76202 -0.0152073 0)
(0.590053 -0.00883318 0)
(0.746174 -0.0117294 0)
(0.577133 -0.00745744 0)
(0.734816 -0.0068864 0)
(0.566877 -0.00510385 0)
(0.729143 -0.0014987 0)
(0.5607 -0.00222621 0)
(0.729494 0.00407258 0)
(0.559054 0.000677229 0)
(0.73588 0.0094167 0)
(0.56189 0.00376467 0)
(0.747638 0.0136597 0)
(0.569214 0.00644608 0)
(0.763299 0.0163099 0)
(0.580066 0.0083364 0)
(0.781094 0.0173338 0)
(0.593132 0.00927673 0)
(0.799374 0.0170127 0)
(0.607059 0.00936153 0)
(0.816877 0.0157377 0)
(0.620715 0.00880802 0)
(0.832762 0.0139017 0)
(0.633319 0.0078604 0)
(0.846614 0.0118389 0)
(0.644436 0.00673765 0)
(0.858329 0.00979697 0)
(0.653905 0.00559652 0)
(0.868003 0.00792757 0)
(0.661751 0.00453594 0)
(0.875843 0.00630445 0)
(0.668125 0.00360751 0)
(0.882102 0.00494858 0)
(0.673209 0.00282859 0)
(0.887046 0.00384656 0)
(0.677221 0.00219252 0)
(0.89092 0.00296731 0)
(0.680355 0.00168463 0)
(0.893933 0.00227459 0)
(0.682785 0.00128512 0)
(0.896262 0.00173468 0)
(0.684658 0.000974577 0)
(0.898054 0.00131763 0)
(0.686093 0.000735704 0)
(0.899428 0.00099781 0)
(0.687188 0.000553468 0)
(0.900479 0.000754071 0)
(0.688022 0.000415323 0)
(0.901282 0.000569157 0)
(0.688656 0.000311228 0)
(0.901895 0.000429127 0)
(0.689137 0.000233023 0)
(0.902361 0.000323184 0)
(0.689502 0.000174277 0)
(0.902717 0.000243076 0)
(0.689778 0.000130165 0)
(0.902987 0.000182544 0)
(0.689987 9.70371e-05 0)
(0.903192 0.000136868 0)
(0.690145 7.21752e-05 0)
(0.903348 0.000102471 0)
(0.690264 5.35476e-05 0)
(0.903466 7.66193e-05 0)
(0.690354 3.96503e-05 0)
(0.903555 5.72215e-05 0)
(0.690422 2.93114e-05 0)
(0.903623 4.267e-05 0)
(0.690473 2.16438e-05 0)
(0.903674 3.17699e-05 0)
(0.690511 1.59323e-05 0)
(0.903713 2.3612e-05 0)
(0.69054 1.16951e-05 0)
(0.903743 1.75054e-05 0)
(0.690562 8.52414e-06 0)
(0.903765 1.29476e-05 0)
(0.690578 6.19212e-06 0)
(0.903782 9.55913e-06 0)
(0.69059 4.46952e-06 0)
(0.903794 7.05876e-06 0)
(0.690599 3.2469e-06 0)
(0.903804 5.22016e-06 0)
(0.690606 2.35128e-06 0)
(0.903811 3.87227e-06 0)
(0.690611 1.73514e-06 0)
(0.903816 2.87786e-06 0)
(0.690615 1.26123e-06 0)
(0.903821 2.14222e-06 0)
(0.690618 9.44713e-07 0)
(0.903824 1.58525e-06 0)
(0.69062 6.76665e-07 0)
(0.903826 1.18106e-06 0)
(0.690622 5.0372e-07 0)
(0.903828 8.64075e-07 0)
(0.690623 3.57506e-07 0)
(0.903829 6.90739e-07 0)
(0.690624 2.65705e-07 0)
(0.90383 6.47754e-07 0)
(0.690624 2.86713e-07 0)
(0.903831 5.46279e-07 0)
(0.690625 3.32454e-07 0)
(0.690626 2.73257e-07 0)
(0.864761 -0.0426019 0)
(0.732767 -0.0672093 0)
(0.631979 -0.0532836 0)
(0.566286 -0.0291659 0)
(0.528369 -0.0128871 0)
(0.50728 -0.00558884 0)
(0.495423 -0.00251281 0)
(0.488506 -0.00124887 0)
(0.484185 -0.000730606 0)
(0.481185 -0.000521696 0)
(0.478821 -0.000446453 0)
(0.476716 -0.000434386 0)
(0.474639 -0.00045772 0)
(0.47243 -0.000508759 0)
(0.469944 -0.000589326 0)
(0.467038 -0.000702726 0)
(0.463555 -0.000851481 0)
(0.459331 -0.00103504 0)
(0.45421 -0.00124916 0)
(0.448065 -0.00148665 0)
(0.440816 -0.00172067 0)
(0.43253 -0.00190526 0)
(0.423467 -0.0019874 0)
(0.414142 -0.00191564 0)
(0.405309 -0.00165656 0)
(0.397851 -0.00119961 0)
(0.392747 -0.000601949 0)
(0.390521 4.86313e-05 0)
(0.391198 0.000740888 0)
(0.394963 0.0013715 0)
(0.401409 0.00180395 0)
(0.409745 0.00201733 0)
(0.419022 0.00202407 0)
(0.428383 0.00187461 0)
(0.437191 0.0016296 0)
(0.445052 0.00134602 0)
(0.451789 0.00106818 0)
(0.457386 0.000821312 0)
(0.461922 0.00061571 0)
(0.465529 0.000452428 0)
(0.468358 0.000326949 0)
(0.47055 0.000232876 0)
(0.472235 0.000163566 0)
(0.47352 0.000112951 0)
(0.474494 7.64678e-05 0)
(0.47523 5.06213e-05 0)
(0.475784 3.26498e-05 0)
(0.476199 2.04159e-05 0)
(0.47651 1.22618e-05 0)
(0.476743 6.91343e-06 0)
(0.476917 3.42446e-06 0)
(0.477048 1.18014e-06 0)
(0.477145 -2.23932e-07 0)
(0.477217 -1.0552e-06 0)
(0.47727 -1.48773e-06 0)
(0.47731 -1.64986e-06 0)
(0.477339 -1.64261e-06 0)
(0.477361 -1.54485e-06 0)
(0.477377 -1.4082e-06 0)
(0.477389 -1.26674e-06 0)
(0.477397 -1.11425e-06 0)
(0.477403 -9.58921e-07 0)
(0.477408 -7.92233e-07 0)
(0.477411 -6.34322e-07 0)
(0.477413 -4.87805e-07 0)
(0.477415 -3.73649e-07 0)
(0.477416 -2.79685e-07 0)
(0.477417 -2.15386e-07 0)
(0.477418 -1.65685e-07 0)
(0.477419 -1.29097e-07 0)
(0.477419 -9.55555e-08 0)
(0.477419 -4.98399e-08 0)
(0.47742 -2.79016e-08 0)
(0.47742 -7.38741e-09 0)
)
;

boundaryField
{
    ibCylinder
    {
        type            immersedBoundary;
        value           nonuniform List<vector> 
42
(
(1.21837 -5.19627e-17 0)
(1.21837 5.36503e-17 0)
(1.21837 1.38055e-17 2.39604e-33)
(1.21837 0 0)
(1.21837 0 0)
(1.21837 5.08355e-17 0)
(1.21837 -8.32134e-17 4.70328e-33)
(1.21837 0 0)
(1.21837 -9.38267e-17 0)
(1.21837 0 0)
(1.21837 0 0)
(1.21837 0 0)
(1.21837 0 0)
(1.21837 0 0)
(1.21837 0 0)
(1.21837 0 0)
(1.21837 7.74078e-17 -4.03493e-32)
(1.21837 0 0)
(1.21837 0 0)
(1.21837 0 0)
(1.21837 0 0)
(1.21837 0 0)
(1.21837 0 0)
(1.21837 0 0)
(1.21837 0 0)
(1.21837 -7.74078e-17 4.03493e-32)
(1.21837 0 0)
(1.21837 0 0)
(1.21837 0 0)
(1.21837 0 0)
(1.21837 0 0)
(1.21837 0 0)
(1.21837 0 0)
(1.21837 -8.6947e-17 0)
(1.21837 9.38267e-17 0)
(1.21837 0 0)
(1.21837 5.19627e-17 0)
(1.21837 -5.36503e-17 0)
(1.21837 0 0)
(1.21837 1.3848e-17 2.40342e-33)
(1.21837 0 0)
(1.21837 0 0)
)
;
        value           nonuniform List<vector> 0();
    }
    in
    {
        type            calculated;
        value           uniform (1 0 0);
    }
    out
    {
        type            calculated;
        value           nonuniform List<vector> 
25
(
(0.477423 -1.74992e-07 0)
(0.903831 -7.82807e-07 0)
(1.02762 -1.59719e-06 0)
(1.05618 -2.36433e-06 0)
(1.06187 -3.03793e-06 0)
(1.0629 -3.524e-06 0)
(1.06307 -3.77528e-06 0)
(1.0631 -3.80238e-06 0)
(1.06311 -3.58675e-06 0)
(1.06311 -3.16672e-06 0)
(1.06311 -2.56262e-06 0)
(1.06311 -1.83055e-06 0)
(1.06311 -9.98808e-07 0)
(1.06311 -1.34662e-07 0)
(1.06311 6.65301e-07 0)
(1.06311 1.36748e-06 0)
(1.06311 1.92413e-06 0)
(1.0631 2.28124e-06 0)
(1.06307 2.44038e-06 0)
(1.0629 2.38165e-06 0)
(1.06187 2.11568e-06 0)
(1.05618 1.63183e-06 0)
(1.02762 1.07506e-06 0)
(0.903831 4.68917e-07 0)
(0.47742 -9.34214e-09 0)
)
;
    }
    top
    {
        type            calculated;
        value           uniform (0 0 0);
    }
    bottom
    {
        type            calculated;
        value           uniform (0 0 0);
    }
    frontAndBack
    {
        type            empty;
        value           nonuniform List<vector> 0();
    }
}


// ************************************************************************* //
