/*--------------------------------*- C++ -*----------------------------------*\
| =========                 |                                                 |
| \\      /  F ield         | OpenFOAM: The Open Source CFD Toolbox           |
|  \\    /   O peration     | Version:  2206                                  |
|   \\  /    A nd           | Website:  www.openfoam.com                      |
|    \\/     M anipulation  |                                                 |
\*---------------------------------------------------------------------------*/
FoamFile
{
    version     2.0;
    format      ascii;
    arch        "LSB;label=32;scalar=64";
    class       surfaceScalarField;
    location    "0.6";
    object      phi;
}
// * * * * * * * * * * * * * * * * * * * * * * * * * * * * * * * * * * * * * //

dimensions      [0 3 -1 0 0 0 0];

oriented        oriented;

internalField   nonuniform List<scalar> 
3650
(
0.00275099
0.000449009
0.00224346
0.000507528
0.00181393
0.00042953
0.0014824
0.00033153
0.00123874
0.000243666
0.00106585
0.000172892
0.000944161
0.000121685
0.000858585
8.55766e-05
0.000797645
6.09399e-05
0.000753613
4.40324e-05
0.000721777
3.18359e-05
0.000699231
2.25463e-05
0.000684218
1.50129e-05
0.000675675
8.54246e-06
0.000672941
2.73505e-06
0.000675236
-2.29522e-06
0.00068211
-6.8741e-06
0.000693897
-1.17865e-05
0.000710885
-1.69888e-05
0.000733604
-2.27181e-05
0.000762896
-2.92923e-05
0.000799968
-3.70722e-05
0.000846432
-4.64642e-05
0.000904316
-5.78851e-05
0.000976029
-7.17127e-05
0.00106424
-8.82124e-05
0.00117171
-0.000107475
0.00130098
-0.000129265
0.00145376
-0.00015278
0.00163013
-0.00017638
0.00182744
-0.000197307
0.0020389
-0.000211459
0.0022522
-0.000213306
0.00244855
-0.000196348
0.002604
-0.00015545
0.0026938
-8.98055e-05
0.00269905
-5.24819e-06
0.00262464
7.44142e-05
0.00247249
0.000152148
0.00225888
0.000213615
0.00200972
0.00024916
0.00175418
0.000255535
0.00151597
0.00023822
0.00130854
0.000207422
0.00113642
0.000172123
0.000998404
0.000138019
0.000891114
0.000107292
0.000809497
8.1618e-05
0.000748913
6.05863e-05
0.000705073
4.38403e-05
0.000674231
3.08435e-05
0.000653231
2.10005e-05
0.000639503
1.3729e-05
0.000630994
8.50853e-06
0.000626113
4.88178e-06
0.000623672
2.44113e-06
0.000622818
8.54619e-07
0.000622948
-1.29368e-07
0.000623617
-6.68642e-07
0.00062454
-9.23239e-07
0.000625552
-1.01185e-06
0.000626552
-1.00003e-06
0.000627487
-9.34446e-07
0.000628322
-8.34601e-07
0.00062905
-7.27464e-07
0.00062967
-6.20136e-07
0.000630188
-5.18315e-07
0.000630616
-4.2759e-07
0.000630963
-3.46957e-07
0.00063124
-2.76811e-07
0.000631456
-2.16365e-07
0.00063162
-1.63983e-07
0.000631738
-1.1783e-07
0.000631814
-7.58252e-08
-3.57955e-08
0.00336539
0.000283616
0.00335131
0.000521615
0.00323279
0.00054805
0.00305537
0.000508944
0.00284847
0.000450569
0.0026425
0.000378865
0.00245856
0.000305624
0.00230311
0.000241028
0.00217529
0.000188752
0.00207257
0.000146761
0.00199196
0.000112439
0.00193037
8.4142e-05
0.00188522
6.01594e-05
0.00185457
3.91928e-05
0.00183683
2.04771e-05
0.00183075
3.78793e-06
0.001835
-1.11275e-05
0.00184924
-2.60315e-05
0.00187372
-4.14629e-05
0.00190887
-5.78716e-05
0.0019557
-7.61165e-05
0.00201578
-9.71521e-05
0.00209135
-0.000122035
0.00218527
-0.000151812
0.00230101
-0.000187454
0.00244244
-0.000229633
0.00261363
-0.00027867
0.00281856
-0.000334199
0.00306045
-0.000394666
0.00334081
-0.00045674
0.00365824
-0.000514737
0.00400656
-0.000559784
0.00437301
-0.00057976
0.00473571
-0.000559045
0.00506314
-0.000482882
0.00531789
-0.000344553
0.00546105
-0.00014841
0.00546958
6.58801e-05
0.00534867
0.000273061
0.00509904
0.000463243
0.00474481
0.000603397
0.00432452
0.000675823
0.00387994
0.000682797
0.00345078
0.000636587
0.00306659
0.000556313
0.00274121
0.000463401
0.00247651
0.000371991
0.00226864
0.000289496
0.00211003
0.000219195
0.00199201
0.00016186
0.00190616
0.000116696
0.00184503
8.21288e-05
0.00180243
5.63315e-05
0.00177339
3.7545e-05
0.00175408
2.41993e-05
0.00174159
1.49279e-05
0.00173381
8.6351e-06
0.00172918
4.50068e-06
0.00172663
1.88391e-06
0.00172542
2.80375e-07
0.00172506
-6.47864e-07
0.00172519
-1.12981e-06
0.00172559
-1.33141e-06
0.0017261
-1.35057e-06
0.00172665
-1.27623e-06
0.00172719
-1.15923e-06
0.00172769
-1.01279e-06
0.00172812
-8.63238e-07
0.0017285
-7.19573e-07
0.0017288
-5.8645e-07
0.00172905
-4.66328e-07
0.00172925
-3.58002e-07
0.00172939
-2.60099e-07
0.00172949
-1.69929e-07
-7.74995e-08
0.00332634
0.000157278
0.0034623
0.000385652
0.00352926
0.000481086
0.00353725
0.000500957
0.0035007
0.000487125
0.00342988
0.000449678
0.00333603
0.000399482
0.00323024
0.000346818
0.00312455
0.000294437
0.0030274
0.000243915
0.00294226
0.000197577
0.00287028
0.000156125
0.00281192
0.000118518
0.00276722
8.3891e-05
0.00273584
5.18583e-05
0.00271727
2.23595e-05
0.00271098
-4.84129e-06
0.00271608
-3.11352e-05
0.00273283
-5.8208e-05
0.00276158
-8.66267e-05
0.00280311
-0.000117642
0.00285868
-0.000152721
0.00293033
-0.000193688
0.00302071
-0.000242188
0.00313314
-0.000299884
0.00327169
-0.000368182
0.00344105
-0.000448037
0.00364635
-0.000539494
0.00389268
-0.000640994
0.0041844
-0.000748468
0.00452404
-0.000854377
0.00491027
-0.000946015
0.00533443
-0.00100392
0.00577496
-0.000999575
0.00619719
-0.000905108
0.00655581
-0.000703173
0.00680459
-0.000397194
0.00691485
-4.43772e-05
0.00687471
0.0003132
0.00668347
0.000654483
0.00636639
0.00092048
0.00595376
0.00108845
0.00548069
0.00115586
0.00498682
0.00113046
0.00451118
0.00103196
0.00408339
0.000891194
0.00371898
0.000736404
0.00342225
0.000586228
0.00318934
0.0004521
0.00301193
0.000339275
0.00288004
0.000248588
0.00278399
0.00017818
0.0027153
0.00012502
0.00266699
8.58534e-05
0.00263352
5.76733e-05
0.00261066
3.77856e-05
0.00259532
2.39791e-05
0.00258519
1.46306e-05
0.00257863
8.43707e-06
0.00257451
4.40843e-06
0.00257199
1.86366e-06
0.00257055
3.18449e-07
0.00256978
-5.65086e-07
0.00256945
-1.02101e-06
0.00256939
-1.21296e-06
0.00256948
-1.2493e-06
0.00256964
-1.17878e-06
0.00256984
-1.06273e-06
0.00257005
-9.22026e-07
0.00257023
-7.72895e-07
0.00257039
-6.28381e-07
0.00257053
-4.9018e-07
0.00257063
-3.59871e-07
0.00257069
-2.3734e-07
-1.04053e-07
0.00326307
9.42124e-05
0.00339017
0.000258544
0.00350642
0.000364843
0.00358841
0.000418967
0.00363979
0.000435744
0.00366252
0.00042695
0.00365827
0.000403726
0.00363378
0.000371316
0.00359663
0.000331582
0.0035513
0.000289247
0.00350099
0.000247888
0.00345093
0.000206185
0.00340476
0.000164691
0.00336481
0.000123833
0.00333261
8.40614e-05
0.00330902
4.59492e-05
0.00329484
9.33948e-06
0.00329029
-2.65866e-05
0.00329566
-6.35761e-05
0.00331162
-0.000102586
0.00333902
-0.000145039
0.00337876
-0.000192462
0.00343276
-0.000247695
0.00350338
-0.000312801
0.00359342
-0.000389924
0.00370749
-0.000482252
0.00385118
-0.000591725
0.00403119
-0.000719505
0.00425545
-0.000865259
0.00453282
-0.00102584
0.00487174
-0.0011933
0.00527951
-0.00135378
0.00575315
-0.00147757
0.00626008
-0.00150651
0.00674951
-0.00139454
0.00716199
-0.00111565
0.00745788
-0.000693084
0.00759659
-0.00018308
0.00756674
0.000343043
0.00741189
0.00080934
0.00714917
0.00118319
0.00678785
0.00144978
0.00635574
0.00158797
0.00588749
0.0015987
0.00541472
0.00150473
0.00496336
0.00134256
0.00455956
0.0011402
0.00421794
0.000927852
0.00394129
0.00072875
0.00372509
0.000555471
0.0035607
0.00041298
0.00343842
0.000300466
0.00334912
0.000214321
0.00328495
0.00015002
0.0032394
0.000103229
0.0032074
6.97823e-05
0.00318523
4.61452e-05
0.00317
2.98608e-05
0.00315961
1.88294e-05
0.0031526
1.14232e-05
0.00314791
6.55166e-06
0.00314481
3.41386e-06
0.00314281
1.43969e-06
0.00314155
2.41068e-07
0.00314078
-4.45669e-07
0.00314033
-7.99315e-07
0.00314009
-9.37474e-07
0.00313998
-9.5417e-07
0.00313995
-8.91283e-07
0.00313996
-7.85414e-07
0.00313999
-6.61538e-07
0.00314003
-5.28321e-07
0.00314007
-3.92748e-07
0.00314009
-2.58998e-07
-1.0516e-07
0.00323338
6.08317e-05
0.0033156
0.000176324
0.00341584
0.000264604
0.00351268
0.000322124
0.00359463
0.000353799
0.00365686
0.000364721
0.00369981
0.00036077
0.00372678
0.000344346
0.00374023
0.000318137
0.00374096
0.00028851
0.00373202
0.000256832
0.0037169
0.000221306
0.00369827
0.000183318
0.0036776
0.000144501
0.00365679
0.000104877
0.0036382
6.4536e-05
0.00362374
2.38014e-05
0.00361474
-1.75906e-05
0.00361209
-6.09247e-05
0.0036168
-0.00010729
0.00363005
-0.000158296
0.0036523
-0.000214708
0.00368469
-0.000280084
0.00372995
-0.000358068
0.00379163
-0.000451601
0.00387454
-0.000565159
0.00398475
-0.000701938
0.00413079
-0.000865539
0.00432402
-0.00105849
0.00457901
-0.00128083
0.00491292
-0.00152721
0.00534651
-0.00178738
0.00586483
-0.00199588
0.00639147
-0.00203315
0.00686232
-0.00186539
0.00722649
-0.00147982
0.00743624
-0.000902828
0.00748631
-0.000233149
0.00742911
0.000400239
0.00728572
0.000952729
0.00708581
0.00138311
0.00682174
0.00171385
0.00648273
0.00192698
0.0060998
0.00198163
0.00570372
0.00190081
0.00530904
0.00173725
0.00494195
0.00150729
0.00461959
0.00125021
0.00434968
0.000998669
0.00413156
0.000773584
0.00396041
0.00058413
0.00382944
0.000431439
0.00373137
0.000312394
0.00365938
0.000222012
0.0036071
0.000155509
0.00356961
0.000107267
0.00354317
7.25823e-05
0.00352459
4.84433e-05
0.00351155
3.18678e-05
0.0035025
2.04774e-05
0.00349622
1.28282e-05
0.00349189
7.74652e-06
0.00348892
4.40732e-06
0.00348691
2.25841e-06
0.00348555
9.1425e-07
0.00348464
1.07096e-07
0.00348405
-3.4498e-07
0.00348366
-5.69626e-07
0.00348342
-6.47234e-07
0.00348327
-6.34684e-07
0.00348318
-5.68964e-07
0.00348312
-4.72211e-07
0.00348308
-3.57242e-07
0.00348306
-2.32792e-07
-7.9357e-08
0.00321903
4.17984e-05
0.00327113
0.000124228
0.00334315
0.00019258
0.0034231
0.000242179
0.00350243
0.000274467
0.00357505
0.0002921
0.00363803
0.000297793
0.00368925
0.000293128
0.00372771
0.000279673
0.00375523
0.000260998
0.00377388
0.000238183
0.00378504
0.000210142
0.00378914
0.000179214
0.00378737
0.00014628
0.00378192
0.000110325
0.00377432
7.21325e-05
0.00376593
3.21964e-05
0.00375817
-9.83207e-06
0.00375224
-5.49919e-05
0.00374922
-0.000104269
0.00375026
-0.000159345
0.00375622
-0.000220663
0.00376817
-0.000292039
0.00378938
-0.000379276
0.00382324
-0.000485457
0.00387339
-0.000615307
0.00394653
-0.000775081
0.00405259
-0.000971596
0.00420595
-0.00121185
0.00442696
-0.00150183
0.00474316
-0.00184341
0.00518649
-0.00223071
0.00564952
-0.00245892
0.00601643
-0.00240006
0.00625791
-0.00210687
0.00623678
-0.00145869
0.00596367
-0.000629718
0.00578437
-5.38456e-05
0.00580648
0.000378128
0.00588741
0.000871795
0.00597521
0.00129531
0.00597299
0.00171607
0.00586921
0.00203076
0.00569272
0.00215812
0.00546733
0.0021262
0.00520515
0.00199942
0.00493468
0.00177776
0.00467851
0.00150638
0.00445338
0.0012238
0.00426665
0.00096031
0.00411717
0.000733614
0.00400056
0.000548045
0.00391138
0.000401574
0.00384422
0.000289171
0.00379443
0.000205302
0.00375819
0.000143511
0.00373223
9.85405e-05
0.00371362
6.70526e-05
0.00370032
4.51659e-05
0.00369097
2.98265e-05
0.00368432
1.94801e-05
0.00367961
1.24588e-05
0.00367629
7.72482e-06
0.00367396
4.5862e-06
0.00367233
2.54505e-06
0.00367119
1.24581e-06
0.0036704
4.45885e-07
0.00366985
-2.12534e-08
0.00366948
-2.69134e-07
0.00366922
-3.74799e-07
0.00366904
-3.90282e-07
0.00366891
-3.48715e-07
0.00366883
-2.71397e-07
0.00366877
-1.70505e-07
-3.42198e-08
0.00321195
2.98436e-05
0.00324674
8.94475e-05
0.00329816
0.000141152
0.00335925
0.000181094
0.00342445
0.000209261
0.00348962
0.000226937
0.00355184
0.000235572
0.00360858
0.000236392
0.00365773
0.000230517
0.00369922
0.000219513
0.00373334
0.000204061
0.00375946
0.000184019
0.00377807
0.000160602
0.00379019
0.000134168
0.00379618
0.000104338
0.00379752
7.07883e-05
0.00379561
3.41052e-05
0.00379126
-5.47808e-06
0.00378498
-4.87183e-05
0.00377753
-9.68158e-05
0.00376958
-0.000151395
0.00376267
-0.000213751
0.00375835
-0.00028772
0.00375735
-0.000378277
0.00376155
-0.000489658
0.00377486
-0.00062861
0.00380347
-0.00080369
0.00385721
-0.00102534
0.00395146
-0.0013061
0.00411025
-0.00166062
0.00436887
-0.00210203
0.00472345
-0.0025853
0.00491138
-0.00264685
0.0046301
-0.00211878
0.00293316
-0.00054709
0.00128238
4.867e-19
0.000563975
-1.62605e-19
0.000512515
-4.83839e-19
0.000984181
-6.3329e-19
0.00205869
-8.28932e-19
0.00322355
0.000249749
0.00393495
0.00100468
0.00437924
0.00158647
0.00459576
0.00194161
0.00466654
0.00205542
0.00464366
0.0020223
0.00455702
0.0018644
0.00443746
0.00162594
0.00430973
0.00135154
0.00419221
0.00107783
0.004092
0.000833821
0.00401034
0.000629711
0.003946
0.000465907
0.00389655
0.000338626
0.0038594
0.000242448
0.00383194
0.000170975
0.00381173
0.000118752
0.00379715
8.16286e-05
0.00378698
5.53362e-05
0.00377965
3.71532e-05
0.00377418
2.49523e-05
0.00377021
1.64287e-05
0.00376734
1.05988e-05
0.00376527
6.65661e-06
0.00376377
4.03996e-06
0.0037627
2.32299e-06
0.00376192
1.22144e-06
0.00376136
5.38506e-07
0.00376096
1.35078e-07
0.00376066
-8.34464e-08
0.00376046
-1.80817e-07
0.0037603
-1.97986e-07
0.0037602
-1.63955e-07
0.00376012
-9.34609e-08
1.58181e-08
0.00320831
2.1531e-05
0.00323312
6.46376e-05
0.00327117
0.000103106
0.00331824
0.000134027
0.00337066
0.000156839
0.00342545
0.000172147
0.00348021
0.000180809
0.00353295
0.000183653
0.00358202
0.000181442
0.00362652
0.000175017
0.00366574
0.000164841
0.00369878
0.000150984
0.00372555
0.000133834
0.00374638
0.000113331
0.00376114
8.95834e-05
0.00376971
6.22167e-05
0.00377259
3.12275e-05
0.00377051
-3.40391e-06
0.00376394
-4.21411e-05
0.0037531
-8.59779e-05
0.00373813
-0.000136432
0.00371982
-0.000195438
0.00369835
-0.00026625
0.0036736
-0.000353521
0.00364667
-0.000462727
0.00361953
-0.000601474
0.00359587
-0.000780029
0.00358246
-0.00101192
0.00359088
-0.00131452
0.00363987
-0.00170961
0.00374729
-0.00220945
0.00375542
-0.00259343
0.00324693
-0.00213836
0.000731641
1.12436e-18
1.72503e-18
3.49734e-19
1.02148e-18
-1.92514e-19
4.48082e-19
-3.10808e-20
3.70183e-19
7.30155e-21
4.71613e-19
3.90573e-20
1.11806e-18
3.42845e-20
0.000458253
-4.26951e-19
0.00178412
5.13677e-05
0.00261567
0.000754915
0.00318637
0.0013709
0.00353935
0.00170245
0.00376412
0.00179754
0.00389256
0.00173596
0.00395111
0.00156739
0.003964
0.00133864
0.00395221
0.00108962
0.00393036
0.000855671
0.00390651
0.000653565
0.00388435
0.000488059
0.0038653
0.000357675
0.00384991
0.000257842
0.00383794
0.000182941
0.00382859
0.000128103
0.00382143
8.87878e-05
0.00381626
6.05112e-05
0.00381262
4.07861e-05
0.00380999
2.75838e-05
0.00380799
1.843e-05
0.00380639
1.22034e-05
0.00380513
7.9099e-06
0.00380416
5.00818e-06
0.00380342
3.06378e-06
0.00380286
1.78577e-06
0.00380243
9.69342e-07
0.0038021
4.6332e-07
0.00380185
1.65221e-07
0.00380166
6.06035e-09
0.00380152
-5.89124e-08
0.00380142
-6.30758e-08
0.00380135
-2.21392e-08
5.69969e-08
0.00320628
1.52549e-05
0.00322512
4.57918e-05
0.0032547
7.3524e-05
0.0032923
9.64359e-05
0.00333527
0.000113869
0.0033814
0.000126012
0.00342886
0.00013335
0.00347602
0.000136497
0.00352147
0.00013599
0.0035642
0.000132289
0.00360334
0.000125694
0.00363807
0.000116261
0.00366787
0.000104036
0.00369229
8.89126e-05
0.00371102
7.08525e-05
0.00372361
4.96239e-05
0.00372974
2.50983e-05
0.00372931
-2.97073e-06
0.00372218
-3.50184e-05
0.00370811
-7.19067e-05
0.00368667
-0.000114988
0.00365741
-0.000166177
0.00361953
-0.000228372
0.00357181
-0.000305797
0.00351316
-0.000404076
0.00344264
-0.000530955
0.00335982
-0.000697211
0.00326546
-0.000917558
0.00316236
-0.00121141
0.0030523
-0.00159955
0.00289473
-0.00205188
0.0023764
-0.0020751
5.19854e-18
-0.00034302
1.35696e-18
-7.55808e-19
1.52592e-19
-6.12929e-20
1.40175e-21
3.87717e-23
3.78999e-21
2.07727e-23
1.11339e-20
2.38511e-22
3.15784e-20
4.05335e-22
2.08571e-19
1.20761e-21
6.98118e-19
2.78294e-21
0.000172346
-3.24401e-19
0.00129784
8.95066e-05
0.0019379
0.000730835
0.00244344
0.00119691
0.00283338
0.00140759
0.00313148
0.00143785
0.0033519
0.00134697
0.00350862
0.00118192
0.00361514
0.000983098
0.00368623
0.00078459
0.00373355
0.000606236
0.00376489
0.000456725
0.0037855
0.000337065
0.0037989
0.000244437
0.00380741
0.000174435
0.00381275
0.000122761
0.00381609
8.54531e-05
0.00381791
5.86876e-05
0.00381883
3.987e-05
0.00381948
2.6926e-05
0.00381987
1.80444e-05
0.00381999
1.20819e-05
0.00381995
7.95091e-06
0.00381983
5.13113e-06
0.00381965
3.23736e-06
0.00381945
1.98288e-06
0.00381926
1.16376e-06
0.00381908
6.39612e-07
0.00381893
3.16739e-07
0.00381881
1.31105e-07
0.00381871
3.98918e-08
0.00381863
1.05645e-08
0.00381858
2.85216e-08
7.92206e-08
0.00320506
1.01932e-05
0.00322027
3.05881e-05
0.00324448
4.93099e-05
0.00327585
6.50656e-05
0.00331241
7.73102e-05
0.00335237
8.60487e-05
0.00339418
9.15387e-05
0.00343653
9.41506e-05
0.00347824
9.42812e-05
0.00351831
9.22208e-05
0.00355588
8.81203e-05
0.00359013
8.20102e-05
0.00362033
7.38392e-05
0.00364578
6.34656e-05
0.00366588
5.0745e-05
0.00368002
3.54888e-05
0.00368739
1.77318e-05
0.00368726
-2.83985e-06
0.00367894
-2.67054e-05
0.00366157
-5.45388e-05
0.00363404
-8.74529e-05
0.00359489
-0.00012703
0.00354215
-0.000175628
0.00347306
-0.000236707
0.00338409
-0.000315104
0.00327074
-0.000417604
0.00312734
-0.000553807
0.00294677
-0.000736982
0.00272004
-0.00098468
0.00242952
-0.00130904
0.00201263
-0.00163499
0.000627456
-0.000986554
2.37678e-18
1.31097e-18
1.74907e-19
-4.33232e-20
3.18164e-22
1.20145e-23
6.66052e-22
9.03549e-24
1.59257e-21
2.6452e-23
3.50862e-21
7.77447e-23
9.10799e-21
1.83193e-22
2.94701e-20
4.34235e-22
1.96902e-19
-5.57657e-23
6.56287e-19
5.02579e-21
0.000448983
-1.92993e-19
0.0011559
0.000245504
0.00163157
0.000721236
0.00207178
0.000967381
0.00245911
0.00105053
0.00278789
0.00101818
0.00305594
0.00091388
0.00326555
0.000773487
0.00342415
0.000625988
0.00354173
0.000488653
0.00362725
0.000371204
0.00368857
0.000275741
0.00373205
0.000200965
0.00376244
0.000144038
0.00378344
0.000101766
0.00379785
7.10398e-05
0.00380755
4.8986e-05
0.00381396
3.34611e-05
0.00381821
2.26766e-05
0.003821
1.52509e-05
0.00382286
1.02206e-05
0.00382406
6.75706e-06
0.00382479
4.40379e-06
0.00382518
2.83993e-06
0.00382538
1.78261e-06
0.00382546
1.08153e-06
0.00382548
6.27705e-07
0.00382545
3.43981e-07
0.00382541
1.74323e-07
0.00382536
8.4111e-08
0.00382533
4.60706e-08
0.0038253
5.06471e-08
7.8671e-08
0.00320434
5.85518e-06
0.00321736
1.75693e-05
0.00323827
2.83945e-05
0.00326573
3.76098e-05
0.00329817
4.48671e-05
0.0033341
5.01243e-05
0.00337213
5.35029e-05
0.00341109
5.51956e-05
0.00344993
5.54377e-05
0.00348775
5.44004e-05
0.00352371
5.21578e-05
0.00355701
4.87197e-05
0.00358681
4.40326e-05
0.0036123
3.79824e-05
0.00363262
3.0422e-05
0.00364693
2.11784e-05
0.00365441
1.02526e-05
0.00365377
-2.20102e-06
0.00364394
-1.68733e-05
0.00362354
-3.4143e-05
0.00359087
-5.47785e-05
0.00354364
-7.97993e-05
0.00347876
-0.000110746
0.00339196
-0.000149909
0.00327742
-0.000200565
0.0031272
-0.000267373
0.00293038
-0.000356987
0.00267208
-0.000478677
0.00233193
-0.000644535
0.00188184
-0.000858938
0.00128925
-0.0010424
5.5156e-18
-0.000278361
5.97074e-19
-4.48957e-19
1.14186e-22
4.78218e-24
1.99158e-22
-3.60889e-25
4.57371e-22
-1.11301e-26
9.95265e-22
1.75864e-23
2.16918e-21
2.84343e-23
5.20347e-21
4.78199e-23
1.50848e-20
4.25385e-23
5.67407e-20
-1.65939e-22
2.33212e-19
8.33882e-22
8.34434e-19
4.22314e-20
0.000777399
4.91665e-05
0.00114136
0.000357276
0.00155515
0.000553589
0.00197223
0.000633453
0.00235961
0.000630796
0.00269821
0.000575279
0.00297969
0.000492009
0.00320372
0.000401957
0.00337626
0.000316107
0.00350589
0.000241581
0.00360132
0.000180305
0.0036704
0.000131886
0.00371962
9.4817e-05
0.00375422
6.71677e-05
0.00377828
4.69837e-05
0.00379478
3.24848e-05
0.00380599
2.22467e-05
0.00381356
1.5112e-05
0.00381862
1.01891e-05
0.00382201
6.83206e-06
0.00382423
4.53795e-06
0.00382566
2.97407e-06
0.00382657
1.92777e-06
0.00382713
1.22418e-06
0.00382745
7.57267e-07
0.00382763
4.52675e-07
0.00382771
2.59414e-07
0.00382774
1.40453e-07
0.00382775
7.53102e-08
0.00382775
4.495e-08
0.00382776
4.28537e-08
5.60697e-08
0.00320394
1.91084e-06
0.00321579
5.72737e-06
0.00323491
9.27415e-06
0.0032602
1.23176e-05
0.00329034
1.47219e-05
0.00332399
1.64757e-05
0.00335988
1.76158e-05
0.00339688
1.8201e-05
0.00343401
1.83073e-05
0.00347041
1.79917e-05
0.0035053
1.72773e-05
0.00353785
1.6166e-05
0.00356725
1.46371e-05
0.00359258
1.26528e-05
0.00361285
1.01524e-05
0.00362694
7.08316e-06
0.00363394
3.2572e-06
0.00363265
-9.19355e-07
0.00362158
-5.79625e-06
0.00359906
-1.16252e-05
0.00356294
-1.86627e-05
0.00351037
-2.72292e-05
0.00343749
-3.78567e-05
0.00333893
-5.13506e-05
0.00320724
-6.88705e-05
0.00303195
-9.20758e-05
0.0027983
-0.00012334
0.00248562
-0.000165993
0.00206574
-0.000224652
0.00150864
-0.00030184
0.000817655
-0.000351419
3.91056e-18
-4.17669e-05
2.57673e-19
-7.65203e-20
8.57322e-23
-1.49113e-25
1.70041e-22
-2.61504e-26
3.77069e-22
9.8679e-24
6.82262e-22
1.20339e-24
1.48962e-21
3.63822e-24
3.56904e-21
1.21784e-23
1.04604e-20
3.955e-23
3.67659e-20
-4.76967e-23
1.63407e-19
-1.90543e-22
5.68838e-19
4.82506e-21
0.000624642
5.58467e-06
0.000879575
0.000102343
0.00125455
0.000178609
0.00167697
0.000211032
0.00209424
0.00021353
0.00247313
0.000196384
0.00279659
0.000168552
0.0030602
0.00013834
0.00326692
0.000109394
0.0034246
8.38922e-05
0.00354219
6.27206e-05
0.00362814
4.59379e-05
0.00368988
3.30709e-05
0.00373359
2.34559e-05
0.00376415
1.64242e-05
0.00378527
1.13696e-05
0.00379972
7.79526e-06
0.00380953
5.30128e-06
0.00381614
3.57902e-06
0.00382057
2.40167e-06
0.00382351
1.59832e-06
0.00382543
1.05115e-06
0.00382668
6.83475e-07
0.00382746
4.36771e-07
0.00382795
2.72505e-07
0.00382824
1.63987e-07
0.0038284
9.59169e-08
0.00382849
5.34212e-08
0.00382853
2.92658e-08
0.00382856
1.71244e-08
0.00382859
1.53171e-08
1.94073e-08
0.00320381
-1.90346e-06
0.00321526
-5.71895e-06
0.0032338
-9.26008e-06
0.00325841
-1.22985e-05
0.00328783
-1.46967e-05
0.00332075
-1.64438e-05
0.00335594
-1.75774e-05
0.0033923
-1.81571e-05
0.00342887
-1.82596e-05
0.0034648
-1.79427e-05
0.00349931
-1.72302e-05
0.0035316
-1.6124e-05
0.00356084
-1.46036e-05
0.00358613
-1.26306e-05
0.00360642
-1.01434e-05
0.00362059
-7.08806e-06
0.00362713
-3.276e-06
0.00362532
8.90337e-07
0.00361376
5.7591e-06
0.00359055
1.15828e-05
0.00355327
1.86184e-05
0.00349886
2.71871e-05
0.00342318
3.78208e-05
0.00332051
5.13254e-05
0.00318278
6.88598e-05
0.00299863
9.20814e-05
0.00275193
0.000123358
0.00241994
0.000166
0.00197068
0.000224604
0.00136717
0.000301675
0.000664574
0.000351174
3.37487e-18
4.17463e-05
1.91687e-19
7.66149e-20
7.5371e-23
1.50725e-25
1.74308e-22
6.95623e-26
3.03022e-22
-1.23183e-23
6.35264e-22
-1.27665e-24
1.40353e-21
-3.65542e-24
3.02863e-21
-1.21729e-23
7.92435e-21
-3.95337e-23
2.6274e-20
4.7737e-23
1.48657e-19
5.47206e-22
4.85282e-19
-6.2122e-21
0.000592246
-5.6006e-06
0.000797053
-0.000102465
0.0011543
-0.000178637
0.00157628
-0.000210949
0.00200321
-0.000213401
0.00239585
-0.000196263
0.00273286
-0.000168458
0.00300946
-0.000138254
0.00322818
-0.000109331
0.00339592
-8.38449e-05
0.00352133
-6.26887e-05
0.00361318
-4.59187e-05
0.00367932
-3.30611e-05
0.00372622
-2.34524e-05
0.00375907
-1.64239e-05
0.00378181
-1.13705e-05
0.0037974
-7.79579e-06
0.003808
-5.30074e-06
0.00381516
-3.57715e-06
0.00381996
-2.39875e-06
0.00382315
-1.59465e-06
0.00382525
-1.04721e-06
0.00382661
-6.79541e-07
0.00382748
-4.33149e-07
0.00382803
-2.69392e-07
0.00382835
-1.61623e-07
0.00382854
-9.44505e-08
0.00382865
-5.3034e-08
0.00382871
-3.01531e-08
0.00382874
-1.94289e-08
0.00382878
-1.88907e-08
-2.49175e-08
0.00320394
-5.8479e-06
0.00321579
-1.75611e-05
0.00323491
-2.83805e-05
0.0032602
-3.7591e-05
0.00329035
-4.48421e-05
0.00332399
-5.00928e-05
0.00335988
-5.3465e-05
0.00339688
-5.51523e-05
0.00343401
-5.53908e-05
0.00347042
-5.43524e-05
0.0035053
-5.21118e-05
0.00353786
-4.8679e-05
0.00356725
-4.40003e-05
0.00359258
-3.79612e-05
0.00361285
-3.04137e-05
0.00362695
-2.11836e-05
0.00363394
-1.02707e-05
0.00363266
2.17211e-06
0.00362159
1.68361e-05
0.00359907
3.41005e-05
0.00356295
5.47341e-05
0.00351039
7.97565e-05
0.0034375
0.000110709
0.00333895
0.000149881
0.00320726
0.00020055
0.00303197
0.000267373
0.00279833
0.000356997
0.00248566
0.000478679
0.00206578
0.000644486
0.00150866
0.000858792
0.000817633
0.0010422
3.91076e-18
0.000278318
2.5771e-19
4.48747e-19
8.5269e-23
-4.77371e-24
1.67751e-22
3.95873e-25
3.76353e-22
1.06683e-25
6.82262e-22
-1.75893e-23
1.48965e-21
-2.84137e-23
3.56925e-21
-4.7782e-23
1.0453e-20
-4.2445e-23
3.69778e-20
1.66246e-22
1.63056e-19
-5.49386e-22
5.68698e-19
-4.21753e-20
0.000624604
-4.9144e-05
0.000879403
-0.000357265
0.00125436
-0.000553591
0.00167682
-0.000633411
0.00209414
-0.000630725
0.00247308
-0.000575199
0.00279656
-0.000491945
0.0030602
-0.000401889
0.00326692
-0.000316053
0.00342461
-0.000241539
0.0035422
-0.000180274
0.00362814
-0.000131867
0.00368989
-9.48068e-05
0.0037336
-6.71631e-05
0.00376416
-4.69821e-05
0.00378527
-3.24843e-05
0.00379972
-2.22459e-05
0.00380953
-1.51103e-05
0.00381614
-1.01864e-05
0.00382057
-6.82853e-06
0.00382351
-4.53387e-06
0.00382543
-2.96986e-06
0.00382667
-1.92368e-06
0.00382746
-1.22052e-06
0.00382795
-7.54199e-07
0.00382824
-4.50365e-07
0.0038284
-2.5802e-07
0.00382849
-1.40151e-07
0.00382853
-7.62419e-08
0.00382856
-4.73199e-08
0.00382859
-4.64927e-08
-6.16092e-08
0.00320434
-1.01861e-05
0.00321736
-3.058e-05
0.00323827
-4.92964e-05
0.00326573
-6.50472e-05
0.00329817
-7.72859e-05
0.0033341
-8.60181e-05
0.00337214
-9.15019e-05
0.00341109
-9.41087e-05
0.00344994
-9.42361e-05
0.00348776
-9.21748e-05
0.00352373
-8.80766e-05
0.00355702
-8.19718e-05
0.00358683
-7.38091e-05
0.00361231
-6.34461e-05
0.00363264
-5.07378e-05
0.00364695
-3.54945e-05
0.00365443
-1.77498e-05
0.00365379
2.81111e-06
0.00364396
2.66684e-05
0.00362356
5.44965e-05
0.00359089
8.74084e-05
0.00354366
0.000126987
0.00347878
0.000175589
0.00339199
0.000236675
0.00327746
0.000315082
0.00312724
0.000417593
0.00293044
0.000553802
0.00267215
0.000736972
0.002332
0.000984632
0.00188188
0.00130891
0.00128924
0.00163484
5.51567e-18
0.000986493
5.97343e-19
-1.31103e-18
1.14153e-22
4.33215e-20
1.99171e-22
-1.20094e-23
4.57363e-22
-8.99214e-24
9.95308e-22
-2.64286e-23
2.16928e-21
-7.76884e-23
5.20377e-21
-1.83063e-22
1.50855e-20
-4.34009e-22
5.67374e-20
5.70514e-23
2.33407e-19
-5.07182e-21
8.34461e-19
1.93005e-19
0.000777404
-0.000245488
0.00114133
-0.000721194
0.00155508
-0.000967341
0.00197217
-0.0010505
0.00235959
-0.00101815
0.00269822
-0.000913828
0.00297971
-0.000773431
0.00320375
-0.000625928
0.00337629
-0.000488597
0.00350591
-0.00037116
0.00360135
-0.000275709
0.00367042
-0.000200943
0.00371964
-0.000144026
0.00375424
-0.000101759
0.00377829
-7.1035e-05
0.00379479
-4.89823e-05
0.003806
-3.34577e-05
0.00381356
-2.26727e-05
0.00381862
-1.52465e-05
0.00382201
-1.0216e-05
0.00382423
-6.75223e-06
0.00382565
-4.3991e-06
0.00382657
-2.83558e-06
0.00382712
-1.77884e-06
0.00382745
-1.0785e-06
0.00382762
-6.25522e-07
0.00382771
-3.42757e-07
0.00382774
-1.74194e-07
0.00382775
-8.51698e-08
0.00382775
-4.85372e-08
0.00382776
-5.4363e-08
-8.41887e-08
0.00320506
-1.52482e-05
0.00322027
-4.57842e-05
0.00324448
-7.35111e-05
0.00327585
-9.64184e-05
0.00331241
-0.000113846
0.00335238
-0.000125983
0.00339419
-0.000133315
0.00343654
-0.000136457
0.00347825
-0.000135948
0.00351832
-0.000132246
0.0035559
-0.000125653
0.00359015
-0.000116225
0.00362035
-0.000104009
0.0036458
-8.88952e-05
0.00366591
-7.08467e-05
0.00368005
-4.96304e-05
0.00368741
-2.51165e-05
0.00368728
2.94244e-06
0.00367897
3.49822e-05
0.0036616
7.18653e-05
0.00363407
0.000114944
0.00359492
0.000166134
0.00354218
0.000228332
0.0034731
0.000305761
0.00338413
0.000404047
0.0032708
0.000530931
0.00312741
0.000697189
0.00294685
0.000917529
0.00272012
0.00121136
0.00242958
0.00159945
0.00201264
0.00205178
0.000627454
0.00207506
2.37679e-18
0.000343018
1.7491e-19
7.55858e-19
3.18316e-22
6.12868e-20
6.66126e-22
-3.87475e-23
1.59267e-21
-2.0731e-23
3.509e-21
-2.3829e-22
9.10965e-21
-4.05077e-22
2.94733e-20
-1.20616e-21
1.96967e-19
-2.80433e-21
6.56288e-19
3.24412e-19
0.000448994
-8.95179e-05
0.00115594
-0.000730848
0.00163163
-0.00119689
0.00207185
-0.00140756
0.00245918
-0.00143783
0.00278797
-0.00134694
0.00305601
-0.00118187
0.00326561
-0.000983027
0.0034242
-0.000784519
0.00354177
-0.000606171
0.00362729
-0.000456675
0.00368861
-0.000337029
0.00373208
-0.000244412
0.00376247
-0.000174417
0.00378346
-0.000122749
0.00379787
-8.54436e-05
0.00380756
-5.86793e-05
0.00381397
-3.98628e-05
0.00381821
-2.69192e-05
0.003821
-1.80379e-05
0.00382286
-1.20759e-05
0.00382406
-7.94512e-06
0.00382478
-5.12584e-06
0.00382518
-3.2327e-06
0.00382538
-1.979e-06
0.00382546
-1.16078e-06
0.00382547
-6.37591e-07
0.00382545
-3.15738e-07
0.0038254
-1.31202e-07
0.00382536
-4.11702e-08
0.00382532
-1.31407e-08
0.0038253
-3.23192e-08
-8.46588e-08
0.00320628
-2.15247e-05
0.00322512
-6.46304e-05
0.00325471
-0.000103094
0.0032923
-0.000134011
0.00333527
-0.000156817
0.00338141
-0.00017212
0.00342887
-0.000180776
0.00347603
-0.000183617
0.00352148
-0.000181403
0.00356422
-0.000174978
0.00360337
-0.000164804
0.0036381
-0.000150952
0.0036679
-0.000133809
0.00369232
-0.000113316
0.00371105
-8.95796e-05
0.00372364
-6.22243e-05
0.00372977
-3.12458e-05
0.00372934
3.37645e-06
0.00372222
4.21064e-05
0.00370814
8.59384e-05
0.0036867
0.00013639
0.00365744
0.000195396
0.00361956
0.000266209
0.00357184
0.000353483
0.0035132
0.000462692
0.00344269
0.00060144
0.00335989
0.000779994
0.00326554
0.00101188
0.00316244
0.00131445
0.00305237
0.00170952
0.00289476
0.00220939
0.0023764
0.00259342
5.19839e-18
0.00213836
1.35694e-18
-1.12421e-18
1.52587e-19
-3.49362e-19
1.40196e-21
1.92536e-19
3.79056e-21
3.10811e-20
1.1136e-20
-7.30396e-21
3.15816e-20
-3.90636e-20
2.08611e-19
-3.427e-20
6.98187e-19
4.26976e-19
0.000172334
-5.13554e-05
0.00129791
-0.000755014
0.00193799
-0.00137092
0.00244355
-0.00170246
0.0028335
-0.00179751
0.00313159
-0.00173591
0.00335198
-0.00156733
0.00350868
-0.00133857
0.00361519
-0.00108954
0.00368626
-0.000855592
0.00373359
-0.0006535
0.00376492
-0.000488011
0.00378553
-0.00035764
0.00379893
-0.000257815
0.00380744
-0.000182919
0.00381277
-0.000128086
0.0038161
-8.8773e-05
0.00381792
-6.04979e-05
0.00381883
-4.0775e-05
0.00381949
-2.75739e-05
0.00381987
-1.84214e-05
0.00381999
-1.2196e-05
0.00381995
-7.90324e-06
0.00381982
-5.00235e-06
0.00381965
-3.05886e-06
0.00381945
-1.7818e-06
0.00381926
-9.66444e-07
0.00381908
-4.61489e-07
0.00381893
-1.64483e-07
0.00381881
-6.41462e-09
0.00381871
5.73972e-08
0.00381863
6.03901e-08
0.00381858
1.83126e-08
-6.22831e-08
0.00320831
-2.9838e-05
0.00323312
-8.94408e-05
0.00327117
-0.000141141
0.00331824
-0.000181079
0.00337066
-0.000209242
0.00342546
-0.000226912
0.00348022
-0.000235543
0.00353296
-0.000236359
0.00358204
-0.000230483
0.00362654
-0.000219479
0.00366577
-0.000204029
0.00369881
-0.000183992
0.00372558
-0.000160582
0.00374642
-0.000134156
0.00376118
-0.000104337
0.00376975
-7.07972e-05
0.00377263
-3.41233e-05
0.00377055
5.45212e-06
0.00376397
4.86861e-05
0.00375313
9.67792e-05
0.00373817
0.000151356
0.00371985
0.000213713
0.00369838
0.000287682
0.00367362
0.00037824
0.0036467
0.000489621
0.00361956
0.000628573
0.00359591
0.000803648
0.0035825
0.00102528
0.00359092
0.00130603
0.0036399
0.00166054
0.00374732
0.00210197
0.00375545
0.0025853
0.00324695
0.00264686
0.000731686
0.00211875
1.72495e-18
0.000547134
1.02158e-18
-4.86624e-19
4.48122e-19
1.62581e-19
3.70211e-19
4.83788e-19
4.71627e-19
6.3324e-19
1.11809e-18
8.28948e-19
0.000458256
-0.000249753
0.00178413
-0.00100468
0.00261573
-0.00158661
0.00318644
-0.00194163
0.0035394
-0.00205541
0.00376415
-0.00202227
0.00389258
-0.00186434
0.00395111
-0.00162586
0.003964
-0.00135145
0.00395221
-0.00107775
0.00393037
-0.000833752
0.00390653
-0.000629656
0.00388438
-0.000465865
0.00386533
-0.000338591
0.00384993
-0.000242418
0.00383796
-0.000170949
0.00382861
-0.000118729
0.00382144
-8.16091e-05
0.00381626
-5.5319e-05
0.00381263
-3.71391e-05
0.00380999
-2.49404e-05
0.00380799
-1.64187e-05
0.00380639
-1.05903e-05
0.00380513
-6.64943e-06
0.00380416
-4.0339e-06
0.00380342
-2.31802e-06
0.00380286
-1.21755e-06
0.00380243
-5.35768e-07
0.0038021
-1.33473e-07
0.00380185
8.39266e-08
0.00380166
1.80217e-07
0.00380152
1.96281e-07
0.00380142
1.61205e-07
0.00380135
8.97075e-08
-2.08412e-08
0.00321196
-4.17943e-05
0.00324674
-0.000124221
0.00329817
-0.00019257
0.00335925
-0.000242165
0.00342446
-0.000274449
0.00348963
-0.000292079
0.00355185
-0.000297768
0.00360859
-0.0002931
0.00365775
-0.000279643
0.00369924
-0.000260968
0.00373337
-0.000238156
0.0037595
-0.00021012
0.00377812
-0.000179198
0.00379023
-0.000146272
0.00379622
-0.000110326
0.00379757
-7.21421e-05
0.00379566
-3.22136e-05
0.0037913
9.80835e-06
0.00378502
5.49632e-05
0.00377757
0.000104236
0.00376961
0.000159311
0.0037627
0.00022063
0.00375837
0.000292006
0.00375737
0.000379241
0.00376157
0.000485422
0.00377487
0.000615271
0.00380348
0.00077504
0.00385722
0.000971547
0.00395145
0.00121179
0.00411023
0.00150176
0.00436885
0.00184334
0.00472345
0.0022307
0.00491136
0.00245894
0.00463004
0.00240008
0.00293312
0.00210689
0.00128237
0.00145866
0.000563977
0.000629704
0.000512523
5.384e-05
0.0009842
-0.000378138
0.00205871
-0.000871794
0.00322358
-0.00129532
0.00393499
-0.00171609
0.00437922
-0.00203084
0.00459572
-0.00215813
0.00466649
-0.00212617
0.0046436
-0.00199938
0.00455695
-0.0017777
0.00443741
-0.00150632
0.00430968
-0.00122373
0.00419219
-0.000960255
0.004092
-0.000733565
0.00401035
-0.000548003
0.00394602
-0.000401537
0.00389656
-0.000289136
0.00385942
-0.00020527
0.00383195
-0.000143483
0.00381173
-9.85152e-05
0.00379716
-6.70306e-05
0.00378698
-4.51473e-05
0.00377966
-2.98112e-05
0.00377418
-1.94676e-05
0.00377021
-1.24485e-05
0.00376734
-7.71631e-06
0.00376527
-4.57913e-06
0.00376377
-2.53923e-06
0.0037627
-1.24109e-06
0.00376192
-4.42274e-07
0.00376136
2.3733e-08
0.00376096
2.70483e-07
0.00376067
3.75034e-07
0.00376046
3.895e-07
0.00376031
3.469e-07
0.0037602
2.68683e-07
0.00376012
1.6697e-07
2.96186e-08
0.00321903
-6.08289e-05
0.00327113
-0.000176318
0.00334316
-0.000264596
0.0034231
-0.000322113
0.00350244
-0.000353784
0.00357506
-0.000364703
0.00363804
-0.000360748
0.00368927
-0.000344323
0.00372774
-0.000318113
0.00375526
-0.000288486
0.00377391
-0.000256811
0.00378508
-0.000221289
0.00378919
-0.000183307
0.00378741
-0.000144497
0.00378197
-0.000104881
0.00377437
-6.45459e-05
0.00376598
-2.38172e-05
0.00375821
1.75703e-05
0.00375228
6.09009e-05
0.00374925
0.000107264
0.00375029
0.000158269
0.00375624
0.000214682
0.00376819
0.000280057
0.00378939
0.00035804
0.00382324
0.000451572
0.00387338
0.000565128
0.00394652
0.000701903
0.00405257
0.000865498
0.00420592
0.00105844
0.0044269
0.00128077
0.00474309
0.00152715
0.00518644
0.00178735
0.0056495
0.00199588
0.0060164
0.00203317
0.00625784
0.00186545
0.00623666
0.00147985
0.00596355
0.00090282
0.00578427
0.000233116
0.00580641
-0.000400281
0.00588735
-0.000952731
0.00597515
-0.00138312
0.00597292
-0.00171386
0.00586909
-0.00192701
0.00569259
-0.00198163
0.00546721
-0.0019008
0.00520505
-0.00173721
0.00493459
-0.00150725
0.00467843
-0.00125016
0.00445333
-0.000998626
0.00426662
-0.00077355
0.00411715
-0.000584097
0.00400056
-0.000431407
0.00391138
-0.00031236
0.00384422
-0.000221978
0.00379443
-0.000155477
0.00375818
-0.000107238
0.00373223
-7.25575e-05
0.00371362
-4.84224e-05
0.00370032
-3.18505e-05
0.00369097
-2.04634e-05
0.00368432
-1.28167e-05
0.00367961
-7.73717e-06
0.00367629
-4.39967e-06
0.00367397
-2.2521e-06
0.00367234
-9.09113e-07
0.0036712
-1.02952e-07
0.00367041
3.48106e-07
0.00366986
5.71742e-07
0.00366948
6.48303e-07
0.00366922
6.34714e-07
0.00366904
5.6809e-07
0.00366892
4.705e-07
0.00366883
3.54756e-07
0.00366877
2.29641e-07
7.53992e-08
0.00323338
-9.42103e-05
0.0033156
-0.000258539
0.00341584
-0.000364836
0.00351269
-0.000418957
0.00359463
-0.000435732
0.00365687
-0.000426935
0.00369983
-0.000403709
0.0037268
-0.000371298
0.00374025
-0.000331564
0.003741
-0.000289229
0.00373206
-0.000247873
0.00371694
-0.000206173
0.00369832
-0.000164684
0.00367765
-0.000123832
0.00365684
-8.40661e-05
0.00363825
-4.59585e-05
0.00362379
-9.35215e-06
0.00361479
2.65714e-05
0.00361213
6.35589e-05
0.00361682
0.000102568
0.00363007
0.00014502
0.00365231
0.000192443
0.00368469
0.000247676
0.00372995
0.000312781
0.00379162
0.000389903
0.00387452
0.000482229
0.00398472
0.000591699
0.00413074
0.000719475
0.00432396
0.000865225
0.00457893
0.0010258
0.00491282
0.00119326
0.00534643
0.00135375
0.00586476
0.00147755
0.0063914
0.00150652
0.00686227
0.00139458
0.00722643
0.00111568
0.00743617
0.000693085
0.00748622
0.000183061
0.00742901
-0.00034307
0.00728563
-0.000809345
0.00708571
-0.0011832
0.00682164
-0.00144978
0.0064826
-0.00158798
0.00609968
-0.00159871
0.0057036
-0.00150472
0.00530893
-0.00134254
0.00494186
-0.00114018
0.00461952
-0.000927825
0.00434962
-0.000728727
0.00413152
-0.000555451
0.00396038
-0.000412956
0.00382941
-0.000300438
0.00373134
-0.000214291
0.00365935
-0.00014999
0.00360708
-0.000103201
0.0035696
-6.9758e-05
0.00354316
-4.61245e-05
0.00352459
-2.98438e-05
0.00351155
-1.88157e-05
0.0035025
-1.14121e-05
0.00349622
-6.54259e-06
0.00349189
-3.40643e-06
0.00348893
-1.43358e-06
0.00348691
-2.36022e-07
0.00348555
4.49749e-07
0.00348465
8.02634e-07
0.00348405
9.39956e-07
0.00348367
9.5589e-07
0.00348343
8.92072e-07
0.00348328
7.85318e-07
0.00348318
6.60744e-07
0.00348313
5.26933e-07
0.00348309
3.90715e-07
0.00348306
2.56454e-07
1.02022e-07
0.00326307
-0.000157277
0.00339018
-0.000385648
0.00350642
-0.000481081
0.00358841
-0.00050095
0.0036398
-0.000487116
0.00366253
-0.000449668
0.00365829
-0.00039947
0.0036338
-0.000346805
0.00359666
-0.000294424
0.00355133
-0.000243903
0.00350103
-0.000197568
0.00345098
-0.00015612
0.00340481
-0.000118516
0.00336487
-8.38921e-05
0.00333266
-5.18625e-05
0.00330907
-2.23661e-05
0.00329489
4.83333e-06
0.00329033
3.11261e-05
0.00329569
5.8198e-05
0.00331164
8.66164e-05
0.00333903
0.000117632
0.00337876
0.000152711
0.00343276
0.000193677
0.00350336
0.000242176
0.0035934
0.000299871
0.00370746
0.000368167
0.00385114
0.000448019
0.00403113
0.000539474
0.00425539
0.000640973
0.00453274
0.000748445
0.00487164
0.000854354
0.0052794
0.000945995
0.00575304
0.00100391
0.00625999
0.000999576
0.00674944
0.000905129
0.00716193
0.000703188
0.00745783
0.000397192
0.00759652
4.43719e-05
0.00756666
-0.000313219
0.00741181
-0.000654492
0.00714909
-0.000920483
0.00678776
-0.00108845
0.00635565
-0.00115586
0.00588739
-0.00113045
0.00541462
-0.00103195
0.00496328
-0.000891192
0.00455949
-0.000736396
0.00421788
-0.000586214
0.00394124
-0.000452084
0.00372504
-0.000339256
0.00356065
-0.000248565
0.00343837
-0.000178156
0.00334908
-0.000124996
0.00328492
-8.58312e-05
0.00323937
-5.76535e-05
0.00320738
-3.77687e-05
0.00318522
-2.3965e-05
0.00317
-1.46193e-05
0.00315961
-8.42788e-06
0.0031526
-4.40106e-06
0.00314791
-1.85752e-06
0.00314482
-3.13387e-07
0.00314281
5.69337e-07
0.00314155
1.02459e-06
0.00314079
1.21568e-06
0.00314034
1.25168e-06
0.0031401
1.1806e-06
0.00313999
1.06402e-06
0.00313996
9.22619e-07
0.00313997
7.72845e-07
0.00314
6.27856e-07
0.00314004
4.89265e-07
0.00314007
3.58492e-07
0.00314009
2.35604e-07
1.01869e-07
0.00332634
-0.000283615
0.0034623
-0.000521613
0.00352927
-0.000548047
0.00353726
-0.00050894
0.00350071
-0.000450564
0.0034299
-0.000378858
0.00333604
-0.000305617
0.00323026
-0.000241021
0.00312458
-0.000188746
0.00302743
-0.000146756
0.0029423
-0.000112435
0.00287032
-8.41399e-05
0.00281197
-6.0159e-05
0.00276727
-3.91938e-05
0.00273588
-2.04794e-05
0.00271731
-3.79069e-06
0.00271102
1.11244e-05
0.00271612
2.6028e-05
0.00273285
4.14593e-05
0.0027616
5.7868e-05
0.00280312
7.61128e-05
0.00285868
9.71484e-05
0.00293033
0.00012203
0.00302069
0.000151807
0.00313312
0.000187447
0.00327166
0.000229626
0.00344101
0.000278661
0.0036463
0.000334188
0.00389261
0.000394654
0.00418433
0.000456729
0.00452396
0.000514726
0.00491018
0.000559774
0.00533433
0.000579753
0.00577486
0.000559044
0.00619711
0.000482886
0.00655574
0.000344553
0.00680452
0.000148406
0.00691478
-6.58885e-05
0.00687464
-0.000273075
0.0066834
-0.000463252
0.00636632
-0.000603402
0.00595369
-0.000675826
0.00548063
-0.000682798
0.00498675
-0.000636583
0.00451111
-0.000556306
0.00408331
-0.000463397
0.0037189
-0.000371983
0.00342217
-0.000289484
0.00318927
-0.000219182
0.00301186
-0.000161845
0.00287997
-0.000116681
0.00278393
-8.21146e-05
0.00271525
-5.63181e-05
0.00266695
-3.7533e-05
0.00263349
-2.41888e-05
0.00261064
-1.49191e-05
0.0025953
-8.62772e-06
0.00258518
-4.4948e-06
0.00257863
-1.87917e-06
0.0025745
-2.76521e-07
0.00257199
6.51156e-07
0.00257055
1.13259e-06
0.00256978
1.33375e-06
0.00256946
1.35256e-06
0.00256939
1.27792e-06
0.00256948
1.16066e-06
0.00256965
1.01392e-06
0.00256985
8.64041e-07
0.00257005
7.20026e-07
0.00257024
5.86571e-07
0.0025704
4.66173e-07
0.00257053
3.57639e-07
0.00257063
2.59462e-07
0.0025707
1.69087e-07
7.62878e-08
0.00336539
-0.000449009
0.00335131
-0.000507527
0.00323279
-0.000429529
0.00305538
-0.000331529
0.00284848
-0.000243664
0.00264251
-0.00017289
0.00245858
-0.000121683
0.00230313
-8.55747e-05
0.00217532
-6.09382e-05
0.0020726
-4.4031e-05
0.001992
-3.18349e-05
0.0019304
-2.25456e-05
0.00188526
-1.50126e-05
0.00185461
-8.54254e-06
0.00183686
-2.73532e-06
0.00183078
2.29508e-06
0.00183503
6.87382e-06
0.00184927
1.17862e-05
0.00187374
1.69884e-05
0.00190889
2.27178e-05
0.00195571
2.92917e-05
0.00201578
3.70717e-05
0.00209135
4.64634e-05
0.00218527
5.78839e-05
0.00230101
7.17109e-05
0.00244242
8.82095e-05
0.00261361
0.000107472
0.00281853
0.000129261
0.00306041
0.000152776
0.00334076
0.000176375
0.00365818
0.000197303
0.0040065
0.000211456
0.00437295
0.000213303
0.00473564
0.000196347
0.00506308
0.000155449
0.00531783
8.98023e-05
0.00546099
5.24306e-06
0.00546953
-7.44206e-05
0.00534861
-0.000152156
0.00509897
-0.000213619
0.00474473
-0.000249162
0.00432444
-0.000255535
0.00387986
-0.000238218
0.0034507
-0.000207418
0.00306651
-0.000172117
0.00274112
-0.000138014
0.00247643
-0.000107288
0.00226856
-8.1613e-05
0.00210996
-6.05811e-05
0.00199194
-4.38353e-05
0.0019061
-3.08387e-05
0.00184498
-2.09964e-05
0.00180239
-1.3725e-05
0.00177336
-8.50509e-06
0.00175405
-4.87852e-06
0.00174157
-2.43849e-06
0.0017338
-8.52243e-07
0.00172917
1.31116e-07
0.00172662
6.70148e-07
0.00172542
9.24385e-07
0.00172506
1.01298e-06
0.00172519
1.00089e-06
0.00172559
9.35309e-07
0.0017261
8.35249e-07
0.00172665
7.28152e-07
0.00172719
6.20659e-07
0.00172769
5.18802e-07
0.00172812
4.27891e-07
0.0017285
3.47243e-07
0.00172881
2.7696e-07
0.00172906
2.16452e-07
0.00172925
1.63951e-07
0.00172939
1.17726e-07
0.00172948
7.56071e-08
3.53386e-08
0.00275099
0.00224346
0.00181394
0.00148241
0.00123874
0.00106585
0.00094417
0.000858595
0.000797657
0.000753626
0.000721791
0.000699245
0.000684233
0.00067569
0.000672955
0.00067525
0.000682123
0.000693909
0.000710897
0.000733615
0.000762906
0.000799977
0.00084644
0.000904323
0.000976034
0.00106424
0.00117171
0.00130097
0.00145375
0.00163012
0.00182743
0.00203888
0.00225218
0.00244853
0.00260398
0.00269378
0.00269902
0.0026246
0.00247245
0.00225883
0.00200967
0.00175413
0.00151591
0.00130849
0.00113638
0.000998363
0.000891075
0.000809462
0.00074888
0.000705045
0.000674206
0.00065321
0.000639485
0.000630979
0.000626101
0.000623662
0.00062281
0.000622941
0.000623611
0.000624535
0.000625548
0.000626549
0.000627484
0.000628319
0.000629047
0.000629668
0.000630187
0.000630614
0.000630962
0.000631238
0.000631455
0.000631619
0.000631736
0.000631812
)
;

boundaryField
{
    ibCylinder
    {
        type            immersedBoundary;
        value           nonuniform List<scalar> 
46
(
0.000137165
0.000192094
8.8685e-05
-2.38531e-06
-9.35382e-05
-0.000202717
-0.000119303
0.000396509
0.000184552
-0.000208504
-0.000372557
0.000581061
-0.000120979
-0.000460082
0.000296625
0.000284436
-0.000359476
-0.000221584
0.000581061
-0.000581061
0.000581061
-0.000581061
0.000581061
-0.000581061
0.000581061
-0.000581061
0.000581061
-0.000581061
0.000296625
0.000284436
-0.000359476
-0.000221584
0.000581061
-0.000120979
-0.000460082
0.000396509
0.000184552
-0.000208504
-0.000372557
0.000137165
0.000192094
8.8685e-05
-2.38531e-06
-9.35382e-05
-0.000202717
-0.000119303
)
;
        value           nonuniform List<scalar> 0();
    }
    in
    {
        type            calculated;
        value           nonuniform List<scalar> 
25
(
-0.0032
-0.0032
-0.0032
-0.0032
-0.0032
-0.0032
-0.0032
-0.0032
-0.0032
-0.0032
-0.0032
-0.0032
-0.0032
-0.0032
-0.0032
-0.0032
-0.0032
-0.0032
-0.0032
-0.0032
-0.0032
-0.0032
-0.0032
-0.0032
-0.0032
)
;
    }
    out
    {
        type            calculated;
        value           nonuniform List<scalar> 
25
(
0.00063185
0.00172953
0.00257072
0.00314009
0.00348303
0.00366872
0.00376007
0.00380131
0.00381856
0.0038253
0.00382778
0.00382862
0.00382882
0.00382862
0.00382778
0.0038253
0.00381856
0.00380131
0.00376007
0.00366872
0.00348304
0.00314009
0.00257072
0.00172953
0.000631847
)
;
    }
    top
    {
        type            calculated;
        value           uniform 0;
    }
    bottom
    {
        type            calculated;
        value           uniform 0;
    }
    frontAndBack
    {
        type            empty;
        value           nonuniform List<scalar> 0();
    }
}


// ************************************************************************* //
