/*--------------------------------*- C++ -*----------------------------------*\
| =========                 |                                                 |
| \\      /  F ield         | OpenFOAM: The Open Source CFD Toolbox           |
|  \\    /   O peration     | Version:  2206                                  |
|   \\  /    A nd           | Website:  www.openfoam.com                      |
|    \\/     M anipulation  |                                                 |
\*---------------------------------------------------------------------------*/
FoamFile
{
    version     2.0;
    format      ascii;
    arch        "LSB;label=32;scalar=64";
    class       volVectorField;
    location    "0.6";
    object      U;
}
// * * * * * * * * * * * * * * * * * * * * * * * * * * * * * * * * * * * * * //

dimensions      [0 1 -1 0 0 0 0];

internalField   nonuniform List<vector> 
1875
(
(0.792553 0.0207864 0)
(0.749324 0.085894 0)
(0.647853 0.0835841 0)
(0.514773 0.0487154 0)
(0.41861 0.0246659 0)
(0.35548 0.0133847 0)
(0.311479 0.0073354 0)
(0.279953 0.00391793 0)
(0.257514 0.00208222 0)
(0.241441 0.00111562 0)
(0.229815 0.000570972 0)
(0.221457 0.000229986 0)
(0.21568 -2.33356e-05 0)
(0.212047 -0.000251979 0)
(0.210369 -0.000475306 0)
(0.210381 -0.000726513 0)
(0.211776 -0.00102024 0)
(0.214683 -0.0013362 0)
(0.219173 -0.0017058 0)
(0.225343 -0.00215565 0)
(0.233414 -0.00270812 0)
(0.243707 -0.00339124 0)
(0.25666 -0.00423997 0)
(0.272845 -0.00529002 0)
(0.292958 -0.00657456 0)
(0.3178 -0.00811262 0)
(0.348232 -0.00989915 0)
(0.385101 -0.0118853 0)
(0.429103 -0.0139476 0)
(0.480564 -0.015853 0)
(0.53914 -0.0172277 0)
(0.603391 -0.0175325 0)
(0.670409 -0.0160629 0)
(0.735562 -0.0120939 0)
(0.792224 -0.00552691 0)
(0.833017 0.00262976 0)
(0.846306 0.0108534 0)
(0.836822 0.0191533 0)
(0.801489 0.0256595 0)
(0.743292 0.0285104 0)
(0.669076 0.0274229 0)
(0.588306 0.0235916 0)
(0.509712 0.0185774 0)
(0.43822 0.014796 0)
(0.380341 0.0128205 0)
(0.331631 0.00736919 0)
(0.293407 0.00488704 0)
(0.264193 0.00329584 0)
(0.242269 0.00214731 0)
(0.226213 0.00131548 0)
(0.21477 0.000719452 0)
(0.206851 0.000301089 0)
(0.201572 2.14329e-05 0)
(0.198216 -0.000155976 0)
(0.196211 -0.000256957 0)
(0.195131 -0.0003038 0)
(0.194662 -0.000315784 0)
(0.194587 -0.000307826 0)
(0.194733 -0.000282852 0)
(0.194999 -0.000250238 0)
(0.195311 -0.000216894 0)
(0.195632 -0.000183437 0)
(0.19594 -0.000153682 0)
(0.196218 -0.0001265 0)
(0.196465 -0.000103874 0)
(0.196676 -8.4554e-05 0)
(0.196855 -6.78193e-05 0)
(0.197003 -5.41007e-05 0)
(0.197124 -4.26465e-05 0)
(0.197221 -3.31409e-05 0)
(0.197298 -2.52916e-05 0)
(0.197357 -1.87402e-05 0)
(0.197401 -1.31061e-05 0)
(0.197432 -8.11819e-06 0)
(0.19745 -3.85517e-06 0)
(1.01389 0.122347 0)
(1.05099 0.187863 0)
(1.03796 0.179047 0)
(0.988702 0.158051 0)
(0.924231 0.129272 0)
(0.856277 0.0978842 0)
(0.795293 0.0717655 0)
(0.742178 0.0522405 0)
(0.697863 0.0381795 0)
(0.661995 0.027976 0)
(0.633569 0.0203499 0)
(0.611552 0.0144445 0)
(0.595044 0.00964775 0)
(0.58333 0.00556605 0)
(0.575879 0.00199422 0)
(0.572309 -0.00107109 0)
(0.572052 -0.00383264 0)
(0.574942 -0.00677051 0)
(0.580999 -0.00982321 0)
(0.590276 -0.0131396 0)
(0.603005 -0.0169138 0)
(0.619588 -0.02135 0)
(0.64062 -0.0266702 0)
(0.666903 -0.0330926 0)
(0.699432 -0.04081 0)
(0.739358 -0.0499581 0)
(0.787943 -0.060575 0)
(0.84647 -0.0725228 0)
(0.9161 -0.0853765 0)
(0.997629 -0.0982892 0)
(1.09116 -0.109854 0)
(1.19562 -0.117974 0)
(1.30807 -0.119881 0)
(1.42356 -0.112187 0)
(1.53395 -0.0918595 0)
(1.62773 -0.0577183 0)
(1.69298 -0.0120742 0)
(1.71649 0.0317258 0)
(1.70073 0.0760398 0)
(1.6423 0.114043 0)
(1.54568 0.138458 0)
(1.42135 0.146652 0)
(1.28305 0.140819 0)
(1.14299 0.125129 0)
(1.01439 0.104947 0)
(0.902956 0.0843804 0)
(0.810842 0.0659521 0)
(0.737464 0.0502488 0)
(0.680833 0.0373623 0)
(0.638268 0.0271187 0)
(0.60701 0.0191917 0)
(0.584548 0.0132032 0)
(0.568746 0.00878103 0)
(0.55787 0.00559984 0)
(0.550557 0.00337528 0)
(0.545764 0.00186079 0)
(0.542732 0.00086105 0)
(0.54089 0.000228393 0)
(0.539828 -0.000139615 0)
(0.539289 -0.000336896 0)
(0.539076 -0.000429373 0)
(0.539065 -0.000454232 0)
(0.539159 -0.0004413 0)
(0.539313 -0.000405563 0)
(0.539486 -0.000359521 0)
(0.539659 -0.000309752 0)
(0.539824 -0.000261637 0)
(0.539971 -0.000217525 0)
(0.540098 -0.000177745 0)
(0.540205 -0.000142561 0)
(0.540293 -0.00011187 0)
(0.540362 -8.49732e-05 0)
(0.540415 -6.11449e-05 0)
(0.540452 -3.93966e-05 0)
(0.540474 -1.83397e-05 0)
(1.01268 0.0740761 0)
(1.05988 0.148598 0)
(1.09689 0.167032 0)
(1.10909 0.164153 0)
(1.10266 0.155396 0)
(1.08508 0.140459 0)
(1.05881 0.120363 0)
(1.02657 0.0991494 0)
(0.992611 0.0800092 0)
(0.960509 0.0637004 0)
(0.931824 0.0499161 0)
(0.907197 0.0381667 0)
(0.886815 0.027928 0)
(0.870731 0.0188301 0)
(0.858876 0.0106439 0)
(0.851132 0.0032753 0)
(0.847326 -0.00334881 0)
(0.84713 -0.00977689 0)
(0.850547 -0.0164296 0)
(0.857635 -0.0234243 0)
(0.868554 -0.0311082 0)
(0.883624 -0.0398791 0)
(0.903348 -0.0501889 0)
(0.92848 -0.0624881 0)
(0.959935 -0.0771528 0)
(0.998872 -0.0944764 0)
(1.04667 -0.114637 0)
(1.10487 -0.137538 0)
(1.17509 -0.16262 0)
(1.25886 -0.188625 0)
(1.35733 -0.213336 0)
(1.47077 -0.23326 0)
(1.59796 -0.243481 0)
(1.73447 -0.237458 0)
(1.87218 -0.209 0)
(1.99778 -0.15504 0)
(2.09577 -0.0768233 0)
(2.15449 0.0132222 0)
(2.16589 0.0965637 0)
(2.13038 0.177096 0)
(2.04946 0.24024 0)
(1.93218 0.276657 0)
(1.79034 0.286255 0)
(1.63625 0.273086 0)
(1.48126 0.243253 0)
(1.33831 0.205511 0)
(1.2139 0.166669 0)
(1.11063 0.130677 0)
(1.02841 0.099523 0)
(0.965069 0.0738663 0)
(0.917532 0.0535385 0)
(0.882625 0.0379259 0)
(0.857473 0.0262455 0)
(0.839663 0.017715 0)
(0.82725 0.0116324 0)
(0.818719 0.00738205 0)
(0.812949 0.00447101 0)
(0.809114 0.00253595 0)
(0.806611 0.00128194 0)
(0.805016 0.000489159 0)
(0.80403 1.07778e-05 0)
(0.803449 -0.000260471 0)
(0.803126 -0.000395097 0)
(0.80297 -0.000441583 0)
(0.802922 -0.000440604 0)
(0.802935 -0.000416186 0)
(0.802979 -0.000372093 0)
(0.80304 -0.000322062 0)
(0.803106 -0.000271815 0)
(0.803168 -0.000223702 0)
(0.803223 -0.000179252 0)
(0.80327 -0.00013842 0)
(0.803306 -0.00010107 0)
(0.803333 -6.65527e-05 0)
(0.803348 -3.01049e-05 0)
(1.00547 0.0377359 0)
(1.03484 0.0956541 0)
(1.0783 0.131425 0)
(1.11199 0.146295 0)
(1.13114 0.147564 0)
(1.14389 0.140532 0)
(1.14536 0.12976 0)
(1.14065 0.117749 0)
(1.13079 0.104288 0)
(1.11749 0.089178 0)
(1.10205 0.0738636 0)
(1.08609 0.0594868 0)
(1.07085 0.0460894 0)
(1.05724 0.0335757 0)
(1.04586 0.0218586 0)
(1.03709 0.0108746 0)
(1.03116 0.000521655 0)
(1.02822 -0.00942273 0)
(1.02831 -0.0196541 0)
(1.03161 -0.0303922 0)
(1.03833 -0.0420516 0)
(1.04875 -0.0551397 0)
(1.06324 -0.0703279 0)
(1.08262 -0.0882691 0)
(1.10744 -0.109632 1.05165e-33)
(1.13904 -0.134932 -1.03763e-33)
(1.17894 -0.16465 0)
(1.22905 -0.198947 0)
(1.29165 -0.237425 0)
(1.36939 -0.278788 0)
(1.465 -0.32054 0)
(1.58089 -0.358116 0)
(1.71908 -0.383799 0)
(1.87475 -0.38579 0)
(2.0342 -0.353711 0)
(2.1797 -0.280196 0)
(2.28891 -0.170426 0)
(2.37158 -0.0403084 0)
(2.37693 0.0999789 0)
(2.34916 0.229655 0)
(2.28769 0.33458 0)
(2.18576 0.406147 0)
(2.0584 0.438862 0)
(1.91509 0.43544 0)
(1.76556 0.403524 0)
(1.61843 0.353215 0)
(1.48328 0.294634 0)
(1.36624 0.236142 0)
(1.2698 0.183102 0)
(1.19342 0.13812 0)
(1.13475 0.101748 0)
(1.09073 0.0733713 0)
(1.05833 0.05185 0)
(1.03491 0.0359201 0)
(1.01821 0.0244125 0)
(1.00643 0.0162439 0)
(0.998209 0.0105298 0)
(0.992555 0.00662866 0)
(0.988687 0.0040148 0)
(0.98606 0.00228704 0)
(0.984299 0.00117241 0)
(0.98313 0.000474826 0)
(0.982366 5.43668e-05 0)
(0.981878 -0.000185673 0)
(0.981579 -0.00030891 0)
(0.9814 -0.00035733 0)
(0.981299 -0.000358929 0)
(0.98125 -0.000337552 0)
(0.981232 -0.000300796 0)
(0.981232 -0.000256508 0)
(0.981241 -0.000211394 0)
(0.981253 -0.000166518 0)
(0.981265 -0.000123016 0)
(0.981275 -8.14658e-05 0)
(0.981276 -3.50037e-05 0)
(1.00294 0.0233775 0)
(1.01941 0.0651458 0)
(1.04996 0.0956811 0)
(1.08339 0.114809 0)
(1.11198 0.124046 0)
(1.13472 0.125512 0)
(1.1509 0.122041 0)
(1.16116 0.114502 0)
(1.16831 0.103544 0)
(1.16964 0.0922587 0)
(1.16819 0.0815045 0)
(1.16437 0.0698889 0)
(1.15891 0.057527 0)
(1.15258 0.0444755 0)
(1.14591 0.0311806 0)
(1.13962 0.0182087 0)
(1.13435 0.00558645 0)
(1.1306 -0.00688264 0)
(1.1287 -0.0197305 0)
(1.12896 -0.0333146 0)
(1.13169 -0.0481348 0)
(1.13725 -0.0646994 0)
(1.14559 -0.0840845 0)
(1.15776 -0.106698 0)
(1.17397 -0.133415 0)
(1.19636 -0.165903 0)
(1.22613 -0.204748 0)
(1.26557 -0.250555 0)
(1.31776 -0.30356 0)
(1.38672 -0.363095 0)
(1.4773 -0.426576 0)
(1.59552 -0.489658 0)
(1.74761 -0.54051 0)
(1.91481 -0.558952 0)
(2.07448 -0.528226 0)
(2.20375 -0.433046 0)
(2.30549 -0.271379 0)
(2.34224 -0.0811136 0)
(2.33784 0.106281 0)
(2.3051 0.271273 0)
(2.25146 0.395479 0)
(2.18268 0.489463 0)
(2.0854 0.547071 0)
(1.96875 0.559714 0)
(1.84459 0.534131 0)
(1.71932 0.484401 0)
(1.59852 0.417918 0)
(1.48964 0.344647 0)
(1.39694 0.273286 0)
(1.32108 0.209856 0)
(1.26085 0.156996 0)
(1.21428 0.114908 0)
(1.17908 0.0824826 0)
(1.15304 0.0581556 0)
(1.13406 0.0403423 0)
(1.12039 0.0275444 0)
(1.11065 0.0184432 0)
(1.10382 0.012141 0)
(1.09904 0.00783737 0)
(1.09569 0.00491658 0)
(1.09337 0.00297301 0)
(1.09176 0.00169743 0)
(1.09066 0.000874078 0)
(1.08991 0.00035707 0)
(1.0894 4.53005e-05 0)
(1.08906 -0.000130927 0)
(1.08884 -0.000219168 0)
(1.08869 -0.000252895 0)
(1.0886 -0.000252266 0)
(1.08854 -0.000231567 0)
(1.0885 -0.000199936 0)
(1.08848 -0.000162299 0)
(1.08847 -0.000121631 0)
(1.08846 -8.00535e-05 0)
(1.08845 -3.0761e-05 0)
(1.00169 0.0157989 0)
(1.01147 0.0455937 0)
(1.03157 0.0695346 0)
(1.05674 0.0864097 0)
(1.08242 0.0969822 0)
(1.10651 0.10227 0)
(1.12789 0.103251 0)
(1.14577 0.100557 0)
(1.15995 0.0949097 0)
(1.16999 0.0876888 0)
(1.17704 0.0791404 0)
(1.1816 0.0687399 0)
(1.18417 0.057395 0)
(1.18411 0.0461622 0)
(1.18292 0.0346041 0)
(1.18082 0.0224088 0)
(1.17821 0.00963907 0)
(1.17558 -0.00372318 0)
(1.17334 -0.0179324 0)
(1.17187 -0.0333021 0)
(1.17148 -0.0503183 0)
(1.1726 -0.0689014 0)
(1.17525 -0.0902215 0)
(1.18018 -0.11638 0)
(1.18865 -0.148207 0)
(1.20151 -0.186723 0)
(1.22036 -0.233485 0)
(1.24771 -0.290152 0)
(1.28725 -0.358154 0)
(1.34435 -0.438275 0)
(1.42601 -0.529739 0)
(1.54366 -0.630415 0)
(1.69724 -0.714513 0)
(1.82659 -0.729447 0)
(1.93198 -0.671323 0)
(1.9686 -0.547492 0)
(1.9056 -0.336059 0)
(1.82527 -0.0896497 0)
(1.79777 0.12068 0)
(1.82677 0.311954 0)
(1.8636 0.464933 0)
(1.87648 0.577297 0)
(1.85986 0.649294 0)
(1.81371 0.673941 0)
(1.74629 0.651852 0)
(1.66866 0.599694 0)
(1.58404 0.523443 0)
(1.49965 0.437115 0)
(1.4234 0.351399 0)
(1.35908 0.274292 0)
(1.30697 0.208741 0)
(1.26592 0.155336 0)
(1.23427 0.113275 0)
(1.21028 0.0810071 0)
(1.19231 0.0571478 0)
(1.17924 0.039736 0)
(1.16969 0.0271386 0)
(1.16292 0.0182874 0)
(1.15809 0.0121606 0)
(1.15464 0.00793706 0)
(1.15221 0.00509506 0)
(1.15049 0.00318723 0)
(1.14927 0.00191578 0)
(1.14841 0.00108189 0)
(1.14781 0.000546702 0)
(1.14739 0.000213093 0)
(1.1471 1.45774e-05 0)
(1.1469 -9.48836e-05 0)
(1.14676 -0.000146424 0)
(1.14666 -0.000160977 0)
(1.1466 -0.000152883 0)
(1.14655 -0.000130964 0)
(1.14652 -0.000100388 0)
(1.1465 -6.46612e-05 0)
(1.14648 -1.85815e-05 0)
(1.00107 0.0111118 0)
(1.0074 0.0326274 0)
(1.02109 0.0509061 0)
(1.03946 0.0647887 0)
(1.05976 0.0743607 0)
(1.08041 0.0801304 0)
(1.10052 0.0827075 0)
(1.11929 0.0824985 0)
(1.13599 0.0799245 0)
(1.15015 0.0755763 0)
(1.1619 0.0697574 0)
(1.17138 0.062497 0)
(1.17821 0.0543218 0)
(1.18317 0.0451039 0)
(1.18579 0.0345641 0)
(1.18679 0.0230032 0)
(1.18663 0.010767 0)
(1.18567 -0.00215302 0)
(1.18391 -0.0161315 0)
(1.18171 -0.0315324 0)
(1.17925 -0.0488986 0)
(1.17691 -0.0685256 0)
(1.17494 -0.0917358 0)
(1.1742 -0.120042 0)
(1.17456 -0.154454 0)
(1.17707 -0.196952 0)
(1.18327 -0.249947 0)
(1.19558 -0.316126 0)
(1.21778 -0.398544 0)
(1.256 -0.500452 0)
(1.31844 -0.62456 0)
(1.41865 -0.76989 0)
(1.52508 -0.836368 0)
(1.52933 -0.784569 0)
(1.35746 -0.593952 1.16406e-17)
(1.05687 -0.300533 0)
(0.728291 -0.0544344 0)
(0.514954 0.00183903 -1.37017e-17)
(0.592681 0.0429211 -1.05091e-17)
(0.755401 0.109936 0)
(0.890204 0.262705 -5.1058e-19)
(1.14725 0.465016 0)
(1.3217 0.60625 0)
(1.41797 0.666412 0)
(1.45643 0.671788 0)
(1.45938 0.647684 0)
(1.441 0.585772 0)
(1.40639 0.502996 0)
(1.36588 0.412798 0)
(1.32666 0.325822 0)
(1.29257 0.250062 0)
(1.26434 0.187611 0)
(1.2418 0.138094 0)
(1.22428 0.100018 0)
(1.21101 0.0714407 0)
(1.20114 0.0502084 0)
(1.19384 0.0346114 0)
(1.18847 0.0237324 0)
(1.1848 0.0161928 0)
(1.1821 0.010822 0)
(1.18016 0.0071374 0)
(1.17872 0.00462029 0)
(1.17767 0.0029266 0)
(1.17692 0.0018009 0)
(1.17638 0.00106043 0)
(1.17598 0.000579839 0)
(1.1757 0.000275622 0)
(1.1755 9.0542e-05 0)
(1.17535 -1.50463e-05 0)
(1.17525 -6.8227e-05 0)
(1.17517 -8.74555e-05 0)
(1.17512 -8.4578e-05 0)
(1.17508 -6.76417e-05 0)
(1.17505 -4.10376e-05 0)
(1.17502 -2.45346e-06 0)
(1.00075 0.00798977 0)
(1.0052 0.0236351 0)
(1.0151 0.0374094 0)
(1.02885 0.0483313 0)
(1.04477 0.0562915 0)
(1.06176 0.061536 0)
(1.07904 0.0643766 0)
(1.096 0.0651176 0)
(1.11203 0.0640535 0)
(1.12672 0.0615289 0)
(1.13984 0.0577076 0)
(1.15121 0.0525842 0)
(1.16051 0.0463485 0)
(1.16798 0.0390153 0)
(1.17351 0.0306997 0)
(1.17715 0.0212314 0)
(1.1789 0.0106243 0)
(1.17898 -0.00111915 0)
(1.17759 -0.0141145 0)
(1.17485 -0.0286936 0)
(1.17081 -0.0453488 0)
(1.1656 -0.0646642 0)
(1.15937 -0.0876382 0)
(1.15219 -0.115793 0)
(1.14412 -0.150815 1.77259e-32)
(1.13562 -0.194958 -1.75827e-32)
(1.12756 -0.251181 0)
(1.12156 -0.323328 0)
(1.12028 -0.416233 0)
(1.12885 -0.535961 0)
(1.15364 -0.687694 0)
(1.193 -0.845585 0)
(1.14463 -0.820487 0)
(0.878231 -0.499461 0)
(0.449306 -0.125711 1.40833e-17)
(0 0 0)
(0 0 0)
(0 0 0)
(0 0 0)
(0 0 0)
(0.303978 0.0426767 -1.69176e-18)
(0.463378 0.159032 -9.40225e-17)
(0.707943 0.377107 0)
(0.929447 0.541619 0)
(1.06438 0.609088 0)
(1.14872 0.614361 0)
(1.20204 0.579036 0)
(1.22962 0.51333 0)
(1.23871 0.432402 0)
(1.23745 0.348144 0)
(1.23151 0.271254 0)
(1.22417 0.206055 0)
(1.21695 0.153213 0)
(1.21058 0.111828 0)
(1.20516 0.0802874 0)
(1.201 0.0567682 0)
(1.19771 0.0396876 0)
(1.19518 0.0273937 0)
(1.19328 0.0185019 0)
(1.19189 0.0124599 0)
(1.191 0.00852372 0)
(1.19028 0.00572407 0)
(1.18972 0.00374903 0)
(1.18928 0.00238617 0)
(1.18894 0.00147753 0)
(1.18867 0.000880745 0)
(1.18847 0.000495797 0)
(1.18832 0.000253187 0)
(1.1882 0.000105419 0)
(1.18811 2.07851e-05 0)
(1.18805 -2.19841e-05 0)
(1.188 -3.66008e-05 0)
(1.18796 -3.31139e-05 0)
(1.18793 -1.63708e-05 0)
(1.18791 1.27449e-05 0)
(1.00057 0.00572759 0)
(1.00394 0.0169945 0)
(1.01152 0.0271329 0)
(1.02231 0.0354271 0)
(1.03516 0.0416776 0)
(1.04926 0.0459811 0)
(1.06401 0.048535 0)
(1.07894 0.0495582 0)
(1.09351 0.0492432 0)
(1.10737 0.0477776 0)
(1.12022 0.0452671 0)
(1.13183 0.0417333 0)
(1.14194 0.037227 0)
(1.15045 0.0317493 0)
(1.15721 0.025283 0)
(1.16213 0.0177128 0)
(1.16508 0.00898992 0)
(1.16598 -0.000880806 0)
(1.1648 -0.0120547 0)
(1.16151 -0.0248292 0)
(1.156 -0.039651 0)
(1.14813 -0.0571381 0)
(1.13772 -0.0782726 0)
(1.12448 -0.104452 0)
(1.10803 -0.137466 0)
(1.08804 -0.179772 0)
(1.06433 -0.234757 0)
(1.03703 -0.306999 0)
(1.00636 -0.402497 0)
(0.975551 -0.528458 0)
(0.940801 -0.686039 0)
(0.866753 -0.766274 0)
(0.585112 -0.489054 0)
(0 0 0)
(0 0 0)
(0 0 0)
(0 0 0)
(0 0 0)
(0 0 0)
(0 0 0)
(0 0 0)
(0.204589 0.0157646 -4.13517e-17)
(0.318164 0.118683 -1.08851e-16)
(0.517752 0.326137 0)
(0.697639 0.45943 0)
(0.832215 0.51036 0)
(0.938041 0.506578 0)
(1.01791 0.466591 0)
(1.07565 0.404369 0)
(1.11564 0.333017 0)
(1.14251 0.263762 0)
(1.16048 0.2027 0)
(1.17244 0.152086 0)
(1.18033 0.111887 0)
(1.18548 0.0809632 0)
(1.18879 0.0576675 0)
(1.19087 0.0404961 0)
(1.19213 0.0281712 0)
(1.19295 0.0193274 0)
(1.19327 0.0130594 0)
(1.19353 0.00876549 0)
(1.19369 0.00583949 0)
(1.19375 0.00392167 0)
(1.19375 0.00259572 0)
(1.19373 0.00168293 0)
(1.19367 0.00105363 0)
(1.19361 0.000631932 0)
(1.19355 0.000359704 0)
(1.19349 0.000189032 0)
(1.19344 8.62707e-05 0)
(1.1934 2.87336e-05 0)
(1.19336 1.98171e-06 0)
(1.19333 -4.80978e-06 0)
(1.19331 3.36969e-06 0)
(1.1933 2.32435e-05 0)
(1.00046 0.00396498 0)
(1.00318 0.0117785 0)
(1.00933 0.0189056 0)
(1.01822 0.0248636 0)
(1.02903 0.0294646 0)
(1.04112 0.0327261 0)
(1.05401 0.0347529 0)
(1.06726 0.035692 0)
(1.0805 0.0356894 0)
(1.09335 0.0348552 0)
(1.10555 0.0332522 0)
(1.11684 0.0308926 0)
(1.12696 0.0277681 0)
(1.13571 0.0238347 0)
(1.14287 0.0190511 0)
(1.14826 0.0133656 0)
(1.15167 0.00674874 0)
(1.15287 -0.000902179 0)
(1.1516 -0.00970909 0)
(1.14765 -0.0199377 0)
(1.14072 -0.031975 0)
(1.13042 -0.0463776 0)
(1.11624 -0.0639872 0)
(1.09746 -0.0860283 0)
(1.07312 -0.114179 2.35837e-33)
(1.042 -0.150783 -2.35596e-33)
(1.00257 -0.199137 0)
(0.953036 -0.263777 0)
(0.890664 -0.350717 0)
(0.816847 -0.465466 0)
(0.70645 -0.590965 0)
(0.530756 -0.512532 -1.30237e-16)
(0.277755 -0.136447 -3.83956e-17)
(0 0 0)
(0 0 0)
(0 0 0)
(0 0 0)
(0 0 0)
(0 0 0)
(0 0 0)
(0 0 0)
(0 0 0)
(0.206245 0.0272072 7.74956e-18)
(0.289706 0.137382 1.70708e-17)
(0.441742 0.293569 0)
(0.582415 0.371735 0)
(0.71203 0.393066 0)
(0.823964 0.375767 0)
(0.917014 0.334481 0)
(0.991332 0.281462 0)
(1.04827 0.226571 0)
(1.09084 0.176201 0)
(1.12209 0.133406 0)
(1.14461 0.0988378 0)
(1.16062 0.0718939 0)
(1.17187 0.0514458 0)
(1.17967 0.0362983 0)
(1.18502 0.0253059 0)
(1.18867 0.017425 0)
(1.19108 0.0119006 0)
(1.19268 0.00806676 0)
(1.19373 0.00542437 0)
(1.19443 0.00362703 0)
(1.19487 0.00238182 0)
(1.19518 0.0015397 0)
(1.19533 0.000988912 0)
(1.19542 0.000622177 0)
(1.19546 0.000378058 0)
(1.19547 0.000217714 0)
(1.19546 0.000116304 0)
(1.19545 5.63006e-05 0)
(1.19543 2.50286e-05 0)
(1.19542 1.27272e-05 0)
(1.19541 1.50936e-05 0)
(1.19541 2.66609e-05 0)
(1.0004 0.00250142 0)
(1.00273 0.00743487 0)
(1.00801 0.0119736 0)
(1.01572 0.0158225 0)
(1.02523 0.0188442 0)
(1.03603 0.0210268 0)
(1.04769 0.0224226 0)
(1.0598 0.0231149 0)
(1.07205 0.0232005 0)
(1.0841 0.0227504 0)
(1.09569 0.0217975 0)
(1.10658 0.0203451 0)
(1.1165 0.0183727 0)
(1.12521 0.0158342 0)
(1.13243 0.0126803 0)
(1.13791 0.0088534 0)
(1.14135 0.00439133 0)
(1.14252 -0.00082544 0)
(1.14098 -0.00689794 0)
(1.13636 -0.0140191 0)
(1.12819 -0.0224959 0)
(1.11589 -0.0327462 0)
(1.09863 -0.045393 0)
(1.0753 -0.0613548 0)
(1.04437 -0.0819366 0)
(1.00376 -0.108987 0)
(0.950656 -0.145129 0)
(0.881267 -0.193992 0)
(0.790305 -0.260327 0)
(0.674807 -0.346384 0)
(0.499584 -0.42389 0)
(0.315542 -0.303989 -3.24053e-16)
(0 0 0)
(0 0 0)
(0 0 0)
(0 0 0)
(0 0 0)
(0 0 0)
(0 0 0)
(0 0 0)
(0 0 0)
(0 0 0)
(0 0 0)
(0.225602 0.0466089 3.56052e-18)
(0.303973 0.158945 0)
(0.418575 0.235209 0)
(0.551721 0.2647 0)
(0.679903 0.261151 0)
(0.793579 0.237023 0)
(0.891724 0.20238 0)
(0.969887 0.164789 0)
(1.03131 0.129304 0)
(1.07809 0.0986493 0)
(1.11274 0.0735406 0)
(1.13794 0.0537448 0)
(1.15601 0.0386097 0)
(1.16876 0.0273348 0)
(1.17766 0.0191134 0)
(1.1838 0.0132113 0)
(1.18798 0.00904289 0)
(1.1908 0.0061405 0)
(1.1927 0.00413945 0)
(1.19397 0.00277624 0)
(1.1948 0.00184567 0)
(1.19535 0.00120939 0)
(1.1957 0.000781826 0)
(1.19592 0.000493056 0)
(1.19605 0.000302304 0)
(1.19612 0.000179874 0)
(1.19615 0.00010293 0)
(1.19617 5.57847e-05 0)
(1.19617 2.98839e-05 0)
(1.19617 1.78267e-05 0)
(1.19617 1.77074e-05 0)
(1.19618 2.28696e-05 0)
(1.00036 0.00121034 0)
(1.00248 0.0035981 0)
(1.00729 0.00580715 0)
(1.01436 0.00769747 0)
(1.02315 0.00919508 0)
(1.03322 0.0102879 0)
(1.04418 0.010998 0)
(1.05565 0.0113624 0)
(1.06731 0.0114286 0)
(1.07888 0.0112318 0)
(1.09008 0.0107868 0)
(1.10068 0.0100938 0)
(1.11042 0.00913958 0)
(1.11905 0.00789773 0)
(1.12625 0.0063306 0)
(1.13171 0.00439593 0)
(1.13507 0.00205463 0)
(1.136 -0.000492432 0)
(1.13423 -0.00358674 0)
(1.12912 -0.00723917 0)
(1.12011 -0.0116197 0)
(1.10647 -0.016951 0)
(1.08718 -0.0235639 0)
(1.06084 -0.0319534 0)
(1.02551 -0.0428326 9.9277e-33)
(0.978494 -0.0572206 -1.0011e-32)
(0.916011 -0.0765687 0)
(0.83282 -0.102889 0)
(0.72154 -0.138778 0)
(0.57316 -0.184391 0)
(0.350229 -0.211968 0)
(0.212612 -0.099282 -3.18181e-16)
(0 0 0)
(0 0 0)
(0 0 0)
(0 0 0)
(0 0 0)
(0 0 0)
(0 0 0)
(0 0 0)
(0 0 0)
(0 0 0)
(0 0 0)
(0.194464 0.0112966 -1.22116e-17)
(0.234877 0.0653659 0)
(0.326523 0.112052 0)
(0.455204 0.132338 0)
(0.591329 0.133723 0)
(0.716753 0.12325 0)
(0.828468 0.105822 0)
(0.918969 0.0866924 0)
(0.992212 0.0683697 0)
(1.0488 0.0523988 0)
(1.09125 0.0391948 0)
(1.12247 0.028718 0)
(1.14506 0.0206768 0)
(1.16113 0.0146675 0)
(1.17241 0.0102727 0)
(1.18023 0.00711224 0)
(1.1856 0.00487672 0)
(1.18926 0.0033169 0)
(1.19173 0.00223975 0)
(1.19339 0.00150365 0)
(1.19449 0.00100072 0)
(1.19522 0.000658838 0)
(1.19569 0.000428929 0)
(1.19599 0.000274354 0)
(1.19618 0.00017122 0)
(1.19629 0.000102704 0)
(1.19636 5.96429e-05 0)
(1.19639 3.28843e-05 0)
(1.19641 1.7976e-05 0)
(1.19642 1.07711e-05 0)
(1.19643 9.60695e-06 0)
(1.19644 1.26545e-05 0)
(1.00035 1.15088e-06 0)
(1.00237 1.29857e-06 0)
(1.00704 2.1977e-06 0)
(1.01392 2.98277e-06 0)
(1.02249 3.94644e-06 0)
(1.03232 4.98613e-06 0)
(1.04306 6.01021e-06 0)
(1.05432 6.88486e-06 0)
(1.06578 7.48727e-06 0)
(1.07719 7.69596e-06 0)
(1.08826 7.41639e-06 0)
(1.09875 6.60558e-06 0)
(1.10844 5.27849e-06 0)
(1.11703 3.50306e-06 0)
(1.12424 1.42163e-06 0)
(1.12967 -7.82788e-07 0)
(1.13316 -3.08197e-06 0)
(1.1337 -4.4095e-06 0)
(1.13186 -5.73111e-06 0)
(1.1266 -6.58069e-06 0)
(1.1173 -6.88629e-06 0)
(1.10321 -6.54484e-06 0)
(1.08322 -5.54077e-06 0)
(1.05583 -3.82479e-06 0)
(1.01895 -1.47847e-06 0)
(0.969667 1.14544e-06 0)
(0.903856 3.24887e-06 0)
(0.815708 1.16803e-06 0)
(0.696949 -7.14653e-06 0)
(0.536966 -2.48366e-05 0)
(0.300689 -3.59821e-05 0)
(0.20876 -9.1313e-06 0)
(0 0 0)
(0 0 0)
(0 0 0)
(0 0 0)
(0 0 0)
(0 0 0)
(0 0 0)
(0 0 0)
(0 0 0)
(0 0 0)
(0 0 0)
(0.186665 -4.72911e-06 0)
(0.215461 -1.80453e-05 0)
(0.296608 -4.20324e-06 0)
(0.422508 1.6682e-05 0)
(0.56083 2.5613e-05 0)
(0.691968 2.35645e-05 0)
(0.805237 1.86993e-05 0)
(0.900501 1.56894e-05 0)
(0.978336 1.11302e-05 0)
(1.0385 7.85407e-06 0)
(1.08367 5.2477e-06 0)
(1.117 3.13179e-06 0)
(1.14117 1.57926e-06 0)
(1.1584 5.58303e-07 0)
(1.17052 7.85819e-09 0)
(1.17894 -1.84347e-07 0)
(1.18473 -1.35337e-07 0)
(1.18868 4.479e-08 0)
(1.19135 2.55001e-07 0)
(1.19315 4.33598e-07 0)
(1.19435 5.53193e-07 0)
(1.19514 6.06805e-07 0)
(1.19566 6.06966e-07 0)
(1.19599 5.63804e-07 0)
(1.1962 4.85124e-07 0)
(1.19633 3.72532e-07 0)
(1.1964 2.29864e-07 0)
(1.19644 6.242e-08 0)
(1.19647 -1.33589e-07 0)
(1.19648 -3.57019e-07 0)
(1.19649 -5.53726e-07 0)
(1.19651 -8.52129e-07 0)
(1.00036 -0.00120805 0)
(1.00248 -0.00359549 0)
(1.00729 -0.00580276 0)
(1.01436 -0.00769153 0)
(1.02315 -0.00918722 0)
(1.03322 -0.010278 0)
(1.04418 -0.010986 0)
(1.05565 -0.0113487 0)
(1.06731 -0.0114137 0)
(1.07888 -0.0112166 0)
(1.09008 -0.0107721 0)
(1.10068 -0.0100808 0)
(1.11042 -0.00912922 0)
(1.11905 -0.00789089 0)
(1.12626 -0.00632787 0)
(1.13171 -0.00439747 0)
(1.13508 -0.00206023 0)
(1.136 0.000483364 0)
(1.13423 0.00357506 0)
(1.12912 0.00722587 0)
(1.12011 0.0116058 0)
(1.10647 0.0169378 0)
(1.08719 0.0235526 0)
(1.06085 0.0319454 0)
(1.02552 0.042829 0)
(0.9785 0.057222 0)
(0.91602 0.0765739 0)
(0.832832 0.102891 0)
(0.72155 0.138763 0)
(0.573175 0.184342 0)
(0.350226 0.211898 0)
(0.21261 0.0992455 3.1806e-16)
(0 0 0)
(0 0 0)
(0 0 0)
(0 0 0)
(0 0 0)
(0 0 0)
(0 0 0)
(0 0 0)
(0 0 0)
(0 0 0)
(0 0 0)
(0.194442 -0.0112955 1.22351e-17)
(0.234835 -0.0653928 0)
(0.326461 -0.112064 0)
(0.45515 -0.132321 0)
(0.591289 -0.133691 0)
(0.716732 -0.123221 0)
(0.828451 -0.105798 0)
(0.918969 -0.0866691 0)
(0.992209 -0.068352 0)
(1.04881 -0.0523849 0)
(1.09125 -0.0391853 0)
(1.12247 -0.0287122 0)
(1.14506 -0.0206738 0)
(1.16113 -0.0146664 0)
(1.17241 -0.0102726 0)
(1.18023 -0.00711242 0)
(1.1856 -0.00487678 0)
(1.18926 -0.00331665 0)
(1.19173 -0.00223909 0)
(1.19339 -0.00150269 0)
(1.19449 -0.000999539 0)
(1.19522 -0.000657589 0)
(1.19569 -0.000427689 0)
(1.19599 -0.000273222 0)
(1.19618 -0.000170249 0)
(1.19629 -0.000101973 0)
(1.19636 -5.91876e-05 0)
(1.19639 -3.27687e-05 0)
(1.19641 -1.82603e-05 0)
(1.19642 -1.14978e-05 0)
(1.19643 -1.0736e-05 0)
(1.19644 -1.43894e-05 0)
(1.0004 -0.00249917 0)
(1.00273 -0.00743231 0)
(1.00801 -0.0119693 0)
(1.01572 -0.0158166 0)
(1.02523 -0.0188365 0)
(1.03603 -0.0210171 0)
(1.04769 -0.0224108 0)
(1.0598 -0.0231015 0)
(1.07205 -0.0231861 0)
(1.0841 -0.0227356 0)
(1.09569 -0.0217834 0)
(1.10658 -0.0203327 0)
(1.11651 -0.0183629 0)
(1.12521 -0.0158278 0)
(1.13243 -0.0126779 0)
(1.13791 -0.00885505 0)
(1.14135 -0.004397 0)
(1.14252 0.00081641 0)
(1.14099 0.00688634 0)
(1.13636 0.0140058 0)
(1.1282 0.022482 0)
(1.1159 0.0327328 0)
(1.09864 0.0453812 0)
(1.07531 0.0613456 0)
(1.04438 0.0819311 0)
(1.00377 0.108986 0)
(0.950671 0.145131 0)
(0.881288 0.193991 0)
(0.790326 0.260312 0)
(0.674828 0.346341 0)
(0.499591 0.423832 0)
(0.315538 0.303959 3.24063e-16)
(0 0 0)
(0 0 0)
(0 0 0)
(0 0 0)
(0 0 0)
(0 0 0)
(0 0 0)
(0 0 0)
(0 0 0)
(0 0 0)
(0 0 0)
(0.225612 -0.0465925 -3.56416e-18)
(0.303973 -0.158926 0)
(0.418552 -0.235195 0)
(0.551703 -0.264688 0)
(0.67989 -0.261138 0)
(0.793583 -0.237005 0)
(0.891725 -0.202364 0)
(0.969899 -0.16477 0)
(1.03132 -0.129288 0)
(1.0781 -0.0986367 0)
(1.11275 -0.0735314 0)
(1.13795 -0.0537389 0)
(1.15601 -0.0386063 0)
(1.16877 -0.0273331 0)
(1.17766 -0.0191126 0)
(1.1838 -0.0132108 0)
(1.18798 -0.00904234 0)
(1.1908 -0.00613972 0)
(1.1927 -0.00413841 0)
(1.19397 -0.00277499 0)
(1.1948 -0.00184431 0)
(1.19535 -0.00120801 0)
(1.1957 -0.000780514 0)
(1.19591 -0.000491899 0)
(1.19605 -0.00030136 0)
(1.19612 -0.00017917 0)
(1.19615 -0.000102521 0)
(1.19617 -5.57166e-05 0)
(1.19617 -3.01908e-05 0)
(1.19617 -1.85823e-05 0)
(1.19617 -1.88511e-05 0)
(1.19618 -2.46031e-05 0)
(1.00046 -0.00396281 0)
(1.00318 -0.011776 0)
(1.00933 -0.0189014 0)
(1.01822 -0.0248579 0)
(1.02903 -0.0294572 0)
(1.04112 -0.0327167 0)
(1.05401 -0.0347416 0)
(1.06726 -0.0356791 0)
(1.0805 -0.0356756 0)
(1.09335 -0.0348412 0)
(1.10555 -0.033239 0)
(1.11684 -0.030881 0)
(1.12697 -0.0277591 0)
(1.13572 -0.0238289 0)
(1.14288 -0.0190491 0)
(1.14827 -0.0133674 0)
(1.15168 -0.00675442 0)
(1.15288 0.00089325 0)
(1.15161 0.00969762 0)
(1.14765 0.0199246 0)
(1.14073 0.0319612 0)
(1.13043 0.046364 0)
(1.11625 0.0639747 0)
(1.09747 0.0860177 0)
(1.07313 0.114171 0)
(1.04201 0.150777 0)
(1.00259 0.199132 0)
(0.95306 0.263771 0)
(0.890692 0.350702 0)
(0.816875 0.465432 0)
(0.706466 0.590924 0)
(0.530751 0.512506 1.3024e-16)
(0.277755 0.136445 3.83966e-17)
(0 0 0)
(0 0 0)
(0 0 0)
(0 0 0)
(0 0 0)
(0 0 0)
(0 0 0)
(0 0 0)
(0 0 0)
(0.206245 -0.0272072 -7.7494e-18)
(0.289715 -0.137378 -1.70429e-17)
(0.441763 -0.293558 0)
(0.582432 -0.371723 0)
(0.712053 -0.393059 0)
(0.823988 -0.375761 0)
(0.917038 -0.334468 0)
(0.991354 -0.281444 0)
(1.04829 -0.226553 0)
(1.09085 -0.176183 0)
(1.1221 -0.133391 0)
(1.14462 -0.0988272 0)
(1.16063 -0.0718867 0)
(1.17188 -0.0514412 0)
(1.17968 -0.0362953 0)
(1.18503 -0.0253037 0)
(1.18867 -0.0174233 0)
(1.19108 -0.011899 0)
(1.19268 -0.00806513 0)
(1.19373 -0.00542272 0)
(1.19443 -0.00362535 0)
(1.19487 -0.00238017 0)
(1.19517 -0.00153816 0)
(1.19533 -0.000987512 0)
(1.19541 -0.000620985 0)
(1.19545 -0.000377118 0)
(1.19547 -0.000217055 0)
(1.19546 -0.000115948 0)
(1.19545 -5.62899e-05 0)
(1.19543 -2.53852e-05 0)
(1.19542 -1.35166e-05 0)
(1.19541 -1.62675e-05 0)
(1.19541 -2.83753e-05 0)
(1.00057 -0.00572555 0)
(1.00394 -0.0169922 0)
(1.01152 -0.027129 0)
(1.02231 -0.0354218 0)
(1.03516 -0.0416706 0)
(1.04926 -0.0459723 0)
(1.06401 -0.0485245 0)
(1.07894 -0.0495462 0)
(1.09351 -0.0492304 0)
(1.10737 -0.0477648 0)
(1.12023 -0.0452549 0)
(1.13184 -0.0417228 0)
(1.14195 -0.0372189 0)
(1.15046 -0.0317443 0)
(1.15722 -0.0252815 0)
(1.16214 -0.017715 0)
(1.16509 -0.00899565 0)
(1.16599 0.000872058 0)
(1.16481 0.0120436 0)
(1.16152 0.0248165 0)
(1.15601 0.0396374 0)
(1.14814 0.0571247 0)
(1.13773 0.0782598 0)
(1.12449 0.10444 0)
(1.10804 0.137456 0)
(1.08806 0.179762 0)
(1.06435 0.234747 0)
(1.03705 0.306987 0)
(1.00638 0.402478 0)
(0.97558 0.528427 0)
(0.94082 0.686018 0)
(0.866757 0.766269 0)
(0.585103 0.489046 0)
(0 0 0)
(0 0 0)
(0 0 0)
(0 0 0)
(0 0 0)
(0 0 0)
(0 0 0)
(0 0 0)
(0.204587 -0.0157612 4.13585e-17)
(0.318178 -0.118684 1.08856e-16)
(0.517768 -0.326141 0)
(0.697674 -0.459428 0)
(0.832254 -0.510353 0)
(0.938076 -0.50657 0)
(1.01793 -0.466579 0)
(1.07567 -0.404349 0)
(1.11565 -0.332992 0)
(1.14252 -0.263737 0)
(1.16049 -0.202679 0)
(1.17245 -0.152069 0)
(1.18035 -0.111875 0)
(1.18549 -0.0809549 0)
(1.1888 -0.0576615 0)
(1.19088 -0.0404915 0)
(1.19214 -0.0281674 0)
(1.19296 -0.0193241 0)
(1.19327 -0.0130565 0)
(1.19353 -0.00876284 0)
(1.19369 -0.00583707 0)
(1.19375 -0.00391959 0)
(1.19375 -0.00259378 0)
(1.19373 -0.00168118 0)
(1.19367 -0.00105212 0)
(1.19361 -0.000630698 0)
(1.19355 -0.000358778 0)
(1.19349 -0.00018843 0)
(1.19344 -8.60004e-05 0)
(1.1934 -2.8805e-05 0)
(1.19336 -2.4228e-06 0)
(1.19333 3.98789e-06 0)
(1.19331 -4.57186e-06 0)
(1.1933 -2.49237e-05 0)
(1.00075 -0.00798791 0)
(1.0052 -0.023633 0)
(1.0151 -0.0374058 0)
(1.02885 -0.0483265 0)
(1.04477 -0.056285 0)
(1.06176 -0.0615279 0)
(1.07905 -0.064367 0)
(1.096 -0.0651068 0)
(1.11204 -0.064042 0)
(1.12673 -0.0615174 0)
(1.13985 -0.0576968 0)
(1.15122 -0.052575 0)
(1.16052 -0.0463415 0)
(1.16799 -0.0390111 0)
(1.17353 -0.0306989 0)
(1.17716 -0.021234 0)
(1.17892 -0.01063 0)
(1.17899 0.00111073 0)
(1.1776 0.014104 0)
(1.17486 0.0286816 0)
(1.17083 0.0453361 0)
(1.16561 0.0646515 0)
(1.15938 0.0876257 0)
(1.1522 0.115781 0)
(1.14413 0.150804 0)
(1.13563 0.194947 0)
(1.12757 0.251168 0)
(1.12157 0.323313 0)
(1.12029 0.416212 0)
(1.12886 0.535931 0)
(1.15365 0.687676 0)
(1.19301 0.845585 0)
(1.14463 0.82049 0)
(0.878246 0.499453 0)
(0.449266 0.125704 1.17404e-17)
(0 0 0)
(0 0 0)
(0 0 0)
(0 0 0)
(0 0 0)
(0.303979 -0.0426783 -7.96517e-17)
(0.463364 -0.159037 3.60353e-17)
(0.707987 -0.377152 0)
(0.929458 -0.54163 0)
(1.06439 -0.609092 0)
(1.14873 -0.614353 0)
(1.20205 -0.579019 0)
(1.22963 -0.513308 0)
(1.23871 -0.432375 0)
(1.23745 -0.348116 0)
(1.23152 -0.271229 0)
(1.22417 -0.206035 0)
(1.21696 -0.153199 0)
(1.21059 -0.111817 0)
(1.20517 -0.0802783 0)
(1.20101 -0.0567607 0)
(1.19772 -0.0396812 0)
(1.19519 -0.0273883 0)
(1.19328 -0.018497 0)
(1.19189 -0.0124558 0)
(1.191 -0.00852024 0)
(1.19028 -0.00572111 0)
(1.18972 -0.00374646 0)
(1.18928 -0.00238395 0)
(1.18894 -0.00147563 0)
(1.18867 -0.000879176 0)
(1.18847 -0.000494556 0)
(1.18832 -0.000252304 0)
(1.1882 -0.00010488 0)
(1.18811 -2.05977e-05 0)
(1.18805 2.1832e-05 0)
(1.188 3.60922e-05 0)
(1.18796 3.22576e-05 0)
(1.18793 1.51794e-05 0)
(1.18791 -1.4368e-05 0)
(1.00107 -0.0111101 0)
(1.0074 -0.0326255 0)
(1.02109 -0.0509028 0)
(1.03946 -0.0647843 0)
(1.05977 -0.0743549 0)
(1.08041 -0.0801232 0)
(1.10052 -0.0826989 0)
(1.1193 -0.082489 0)
(1.136 -0.0799145 0)
(1.15015 -0.0755663 0)
(1.16191 -0.0697481 0)
(1.17139 -0.0624891 0)
(1.17822 -0.0543159 0)
(1.18318 -0.045101 0)
(1.18581 -0.0345642 0)
(1.18681 -0.0230062 0)
(1.18664 -0.0107725 0)
(1.18569 0.00214521 0)
(1.18393 0.0161219 0)
(1.18172 0.0315216 0)
(1.17926 0.0488871 0)
(1.17692 0.0685144 0)
(1.17495 0.0917245 0)
(1.17421 0.12003 0)
(1.17456 0.154442 0)
(1.17707 0.19694 0)
(1.18327 0.249933 0)
(1.19558 0.31611 0)
(1.21778 0.398523 0)
(1.256 0.500426 0)
(1.31843 0.62454 0)
(1.41865 0.769889 0)
(1.52508 0.83637 0)
(1.52932 0.784569 0)
(1.35744 0.593924 3.03644e-19)
(1.05686 0.300525 -5.60831e-19)
(0.72829 0.0544342 0)
(0.514964 -0.00184451 1.37034e-17)
(0.592694 -0.0429401 2.10414e-17)
(0.755401 -0.10995 0)
(0.890212 -0.262715 -1.67879e-17)
(1.14725 -0.465029 0)
(1.32172 -0.60628 0)
(1.41795 -0.666413 0)
(1.45641 -0.671778 0)
(1.45937 -0.647673 0)
(1.44098 -0.585755 0)
(1.40637 -0.502974 0)
(1.36587 -0.412772 0)
(1.32665 -0.325801 0)
(1.29256 -0.250044 0)
(1.26434 -0.187596 0)
(1.2418 -0.138082 0)
(1.22429 -0.100008 0)
(1.21102 -0.0714311 0)
(1.20114 -0.0501997 0)
(1.19384 -0.0346038 0)
(1.18847 -0.0237257 0)
(1.18481 -0.016187 0)
(1.1821 -0.0108172 0)
(1.18016 -0.0071334 0)
(1.17872 -0.00461703 0)
(1.17767 -0.00292387 0)
(1.17692 -0.00179863 0)
(1.17638 -0.00105854 0)
(1.17598 -0.000578304 0)
(1.1757 -0.000274433 0)
(1.1755 -8.97185e-05 0)
(1.17535 1.55084e-05 0)
(1.17525 6.83371e-05 0)
(1.17517 8.7231e-05 0)
(1.17512 8.40264e-05 0)
(1.17508 6.67793e-05 0)
(1.17505 3.98785e-05 0)
(1.17502 9.33396e-07 0)
(1.0017 -0.015798 0)
(1.01147 -0.0455915 0)
(1.03157 -0.0695318 0)
(1.05674 -0.0864058 0)
(1.08242 -0.0969771 0)
(1.10652 -0.102264 0)
(1.12789 -0.103244 0)
(1.14577 -0.100549 0)
(1.15996 -0.0949014 0)
(1.17 -0.0876804 0)
(1.17705 -0.0791329 0)
(1.18161 -0.0687338 0)
(1.18419 -0.0573907 0)
(1.18412 -0.0461603 0)
(1.18294 -0.0346048 0)
(1.18083 -0.0224119 0)
(1.17822 -0.00964433 0)
(1.17559 0.00371611 0)
(1.17335 0.017924 0)
(1.17188 0.0332928 0)
(1.17148 0.0503085 0)
(1.17261 0.0688922 0)
(1.17526 0.0902123 0)
(1.18018 0.11637 0)
(1.18865 0.148197 -8.43526e-33)
(1.2015 0.186713 8.3369e-33)
(1.22036 0.233472 0)
(1.2477 0.290137 0)
(1.28724 0.358137 0)
(1.34434 0.438254 0)
(1.42599 0.529719 0)
(1.54364 0.630409 0)
(1.69723 0.714517 0)
(1.82658 0.729452 0)
(1.93197 0.67134 0)
(1.96857 0.547488 0)
(1.90556 0.336047 0)
(1.82523 0.0896371 0)
(1.79774 -0.120701 0)
(1.82675 -0.311954 0)
(1.86358 -0.464938 0)
(1.87646 -0.5773 0)
(1.85984 -0.649316 0)
(1.81367 -0.673944 0)
(1.74625 -0.651849 0)
(1.66862 -0.599681 0)
(1.58401 -0.523428 0)
(1.49962 -0.437097 0)
(1.42338 -0.351382 0)
(1.35907 -0.274279 0)
(1.30696 -0.208729 0)
(1.26592 -0.155325 0)
(1.23427 -0.113264 0)
(1.21028 -0.0809964 0)
(1.19231 -0.0571373 0)
(1.17923 -0.0397267 0)
(1.16969 -0.0271305 0)
(1.16292 -0.0182804 0)
(1.15809 -0.0121548 0)
(1.15464 -0.00793231 0)
(1.15221 -0.00509121 0)
(1.15049 -0.00318407 0)
(1.14927 -0.0019132 0)
(1.14841 -0.00107975 0)
(1.14781 -0.000544961 0)
(1.14739 -0.000211684 0)
(1.1471 -1.35116e-05 0)
(1.1469 9.56081e-05 0)
(1.14676 0.000146801 0)
(1.14666 0.000161012 0)
(1.1466 0.000152613 0)
(1.14655 0.000130408 0)
(1.14652 9.95636e-05 0)
(1.1465 6.3595e-05 0)
(1.14648 1.72281e-05 0)
(1.00294 -0.0233767 0)
(1.01941 -0.0651439 0)
(1.04996 -0.0956787 0)
(1.08339 -0.114806 0)
(1.11198 -0.124042 0)
(1.13472 -0.125506 0)
(1.1509 -0.122035 0)
(1.16117 -0.114496 0)
(1.16832 -0.103537 0)
(1.16965 -0.0922519 0)
(1.1682 -0.0814986 0)
(1.16438 -0.0698845 0)
(1.15892 -0.0575244 0)
(1.1526 -0.0444748 0)
(1.14592 -0.031182 0)
(1.13964 -0.0182119 0)
(1.13437 -0.00559111 0)
(1.13061 0.00687697 0)
(1.12871 0.019724 0)
(1.12897 0.0333076 0)
(1.1317 0.0481276 0)
(1.13726 0.0646922 0)
(1.1456 0.084077 0)
(1.15776 0.10669 0)
(1.17397 0.133407 0)
(1.19635 0.165894 0)
(1.22612 0.204738 0)
(1.26556 0.250544 0)
(1.31774 0.303547 0)
(1.3867 0.36308 0)
(1.47728 0.426561 0)
(1.59549 0.489647 0)
(1.74758 0.540506 0)
(1.91479 0.55896 0)
(2.07446 0.528246 0)
(2.20373 0.433058 0)
(2.30547 0.271382 0)
(2.34222 0.0811037 0)
(2.33781 -0.106285 0)
(2.30507 -0.271272 0)
(2.25143 -0.39548 0)
(2.18265 -0.489466 0)
(2.08537 -0.547074 0)
(1.9687 -0.559715 0)
(1.84455 -0.534132 0)
(1.71929 -0.48439 0)
(1.59849 -0.417903 0)
(1.48962 -0.344633 0)
(1.39692 -0.273276 0)
(1.32107 -0.209849 0)
(1.26084 -0.156988 0)
(1.21427 -0.114898 0)
(1.17908 -0.0824724 0)
(1.15303 -0.0581452 0)
(1.13406 -0.0403326 0)
(1.12039 -0.0275357 0)
(1.11065 -0.0184358 0)
(1.10382 -0.0121349 0)
(1.09904 -0.00783239 0)
(1.09569 -0.00491254 0)
(1.09337 -0.00296974 0)
(1.09176 -0.00169475 0)
(1.09066 -0.000871893 0)
(1.08991 -0.000355264 0)
(1.0894 -4.38412e-05 0)
(1.08906 0.000132106 0)
(1.08884 0.000220058 0)
(1.08869 0.000253494 0)
(1.0886 0.000252555 0)
(1.08854 0.000231557 0)
(1.0885 0.000199658 0)
(1.08848 0.000161784 0)
(1.08847 0.000120898 0)
(1.08846 7.91419e-05 0)
(1.08845 2.96361e-05 0)
(1.00547 -0.0377353 0)
(1.03484 -0.0956527 0)
(1.0783 -0.131423 0)
(1.11199 -0.146292 0)
(1.13115 -0.147561 0)
(1.14389 -0.140528 0)
(1.14537 -0.129756 0)
(1.14065 -0.117744 0)
(1.1308 -0.104283 0)
(1.1175 -0.0891737 0)
(1.10206 -0.0738599 0)
(1.0861 -0.0594843 0)
(1.07086 -0.0460882 0)
(1.05726 -0.033576 0)
(1.04588 -0.0218601 0)
(1.03711 -0.0108772 0)
(1.03118 -0.000525032 0)
(1.02823 0.00941889 0)
(1.02832 0.0196498 0)
(1.03162 0.0303877 0)
(1.03833 0.042047 0)
(1.04875 0.0551352 0)
(1.06324 0.0703234 0)
(1.08262 0.0882642 0)
(1.10743 0.109627 0)
(1.13903 0.134926 0)
(1.17893 0.164643 0)
(1.22904 0.198939 0)
(1.29164 0.237416 0)
(1.36937 0.278779 0)
(1.46497 0.32053 0)
(1.58086 0.358107 0)
(1.71905 0.383794 0)
(1.87472 0.385791 0)
(2.03418 0.353721 0)
(2.17968 0.280204 0)
(2.28889 0.170425 0)
(2.37156 0.0403088 0)
(2.37691 -0.0999873 0)
(2.34913 -0.229658 0)
(2.28766 -0.334581 0)
(2.18573 -0.406146 0)
(2.05837 -0.438862 0)
(1.91507 -0.43544 0)
(1.76553 -0.403522 0)
(1.6184 -0.353213 0)
(1.48326 -0.294632 0)
(1.36622 -0.236138 0)
(1.26978 -0.183097 0)
(1.19341 -0.138114 0)
(1.13473 -0.101741 0)
(1.09071 -0.0733629 0)
(1.05832 -0.0518412 0)
(1.0349 -0.0359115 0)
(1.0182 -0.0244048 0)
(1.00642 -0.0162373 0)
(0.998204 -0.0105243 0)
(0.992551 -0.00662419 0)
(0.988685 -0.00401118 0)
(0.98606 -0.00228415 0)
(0.984299 -0.00117002 0)
(0.983131 -0.000472867 0)
(0.982367 -5.27361e-05 0)
(0.981881 0.000187028 0)
(0.981581 0.00031004 0)
(0.981403 0.000358229 0)
(0.981302 0.00035961 0)
(0.981253 0.00033803 0)
(0.981235 0.000301005 0)
(0.981235 0.000256477 0)
(0.981244 0.000211178 0)
(0.981256 0.000166133 0)
(0.981268 0.000122471 0)
(0.981277 8.07797e-05 0)
(0.981278 3.41607e-05 0)
(1.01268 -0.0740758 0)
(1.05988 -0.148597 0)
(1.09689 -0.167031 0)
(1.10909 -0.164151 0)
(1.10267 -0.155394 0)
(1.08508 -0.140456 0)
(1.05881 -0.12036 0)
(1.02658 -0.0991464 0)
(0.99262 -0.0800064 0)
(0.960519 -0.063698 0)
(0.931837 -0.0499143 0)
(0.907211 -0.0381657 0)
(0.88683 -0.0279277 0)
(0.870746 -0.0188306 0)
(0.85889 -0.010645 0)
(0.851146 -0.00327679 0)
(0.847338 0.00334719 0)
(0.84714 0.00977502 0)
(0.850556 0.0164276 0)
(0.857641 0.0234223 0)
(0.868558 0.0311062 0)
(0.883626 0.0398771 0)
(0.903347 0.0501868 0)
(0.928476 0.0624858 0)
(0.959929 0.07715 0)
(0.998863 0.094473 0)
(1.04666 0.114633 0)
(1.10485 0.137534 0)
(1.17508 0.162615 0)
(1.25884 0.18862 0)
(1.35731 0.213331 0)
(1.47074 0.233256 0)
(1.59793 0.243478 0)
(1.73444 0.237457 0)
(1.87215 0.209003 0)
(1.99775 0.155041 0)
(2.09575 0.0768225 0)
(2.15447 -0.0132251 0)
(2.16587 -0.0965686 0)
(2.13036 -0.1771 0)
(2.04944 -0.240242 0)
(1.93216 -0.276658 0)
(1.79032 -0.286256 0)
(1.63623 -0.273085 0)
(1.48123 -0.243252 0)
(1.33829 -0.205512 0)
(1.21387 -0.166667 0)
(1.11061 -0.130673 0)
(1.02839 -0.0995178 0)
(0.965046 -0.0738603 0)
(0.917511 -0.053532 0)
(0.882606 -0.0379196 0)
(0.857457 -0.0262395 0)
(0.83965 -0.0177097 0)
(0.82724 -0.0116277 0)
(0.818711 -0.00737813 0)
(0.812944 -0.00446775 0)
(0.809111 -0.00253336 0)
(0.806609 -0.00127984 0)
(0.805015 -0.000487478 0)
(0.804029 -9.34932e-06 0)
(0.803449 0.000261663 0)
(0.803127 0.000396123 0)
(0.802972 0.000442434 0)
(0.802924 0.000441346 0)
(0.802937 0.000416767 0)
(0.802981 0.000372547 0)
(0.803043 0.000322388 0)
(0.803108 0.000271972 0)
(0.80317 0.0002237 0)
(0.803225 0.000179138 0)
(0.803272 0.000138225 0)
(0.803308 0.000100757 0)
(0.803334 6.61692e-05 0)
(0.803349 2.95918e-05 0)
(1.01389 -0.122347 0)
(1.05099 -0.187862 0)
(1.03796 -0.179046 0)
(0.988704 -0.158051 0)
(0.924233 -0.129271 0)
(0.85628 -0.0978828 0)
(0.795298 -0.0717641 0)
(0.742184 -0.0522392 0)
(0.697871 -0.0381785 0)
(0.662005 -0.0279751 0)
(0.633579 -0.0203493 0)
(0.611563 -0.0144441 0)
(0.595055 -0.0096477 0)
(0.583341 -0.00556621 0)
(0.575889 -0.00199454 0)
(0.572318 0.00107088 0)
(0.57206 0.00383229 0)
(0.57495 0.00677019 0)
(0.581005 0.00982286 0)
(0.590281 0.0131393 0)
(0.603008 0.0169135 0)
(0.61959 0.0213497 0)
(0.640621 0.0266698 0)
(0.666903 0.033092 0)
(0.69943 0.0408091 0)
(0.739355 0.0499568 0)
(0.787937 0.0605732 0)
(0.846462 0.0725206 0)
(0.91609 0.0853743 0)
(0.997617 0.0982871 0)
(1.09114 0.109852 0)
(1.1956 0.117973 0)
(1.30805 0.11988 0)
(1.42354 0.112187 0)
(1.53393 0.0918595 0)
(1.62771 0.0577173 0)
(1.69296 0.0120727 0)
(1.71647 -0.0317286 0)
(1.70071 -0.0760433 0)
(1.64228 -0.114045 0)
(1.54566 -0.138459 0)
(1.42133 -0.146653 0)
(1.28303 -0.140819 0)
(1.14296 -0.125128 0)
(1.01437 -0.104945 0)
(0.902928 -0.0843783 0)
(0.810815 -0.0659497 0)
(0.737438 -0.0502461 0)
(0.680808 -0.0373593 0)
(0.638246 -0.0271155 0)
(0.606991 -0.0191888 0)
(0.584532 -0.0132006 0)
(0.568733 -0.00877861 0)
(0.55786 -0.0055977 0)
(0.550548 -0.00337337 0)
(0.545758 -0.0018592 0)
(0.542727 -0.000859706 0)
(0.540886 -0.000227343 0)
(0.539825 0.000140455 0)
(0.539287 0.000337581 0)
(0.539074 0.000429989 0)
(0.539064 0.000454742 0)
(0.539158 0.000441771 0)
(0.539313 0.000405938 0)
(0.539486 0.000359863 0)
(0.53966 0.000310041 0)
(0.539824 0.000261876 0)
(0.539971 0.000217681 0)
(0.540098 0.000177856 0)
(0.540206 0.000142614 0)
(0.540293 0.000111871 0)
(0.540362 8.49254e-05 0)
(0.540415 6.10549e-05 0)
(0.540452 3.92588e-05 0)
(0.540474 1.81088e-05 0)
(0.792553 -0.0207864 0)
(0.749324 -0.0858941 0)
(0.647853 -0.0835841 0)
(0.514774 -0.0487152 0)
(0.418611 -0.0246655 0)
(0.355482 -0.0133842 0)
(0.311482 -0.00733497 0)
(0.279956 -0.00391759 0)
(0.257517 -0.00208195 0)
(0.241445 -0.00111543 0)
(0.229819 -0.000570807 0)
(0.221461 -0.000229849 0)
(0.215684 2.35056e-05 0)
(0.212052 0.000252132 0)
(0.210374 0.00047552 0)
(0.210385 0.000726717 0)
(0.21178 0.0010205 0)
(0.214687 0.00133644 0)
(0.219177 0.00170604 0)
(0.225347 0.00215584 0)
(0.233418 0.00270831 0)
(0.24371 0.00339138 0)
(0.256663 0.0042401 0)
(0.272847 0.00529005 0)
(0.29296 0.00657454 0)
(0.317801 0.0081124 0)
(0.348233 0.00989888 0)
(0.3851 0.0118849 0)
(0.429101 0.0139474 0)
(0.480561 0.0158527 0)
(0.539136 0.0172275 0)
(0.603387 0.0175324 0)
(0.670404 0.0160628 0)
(0.735556 0.0120937 0)
(0.792219 0.00552641 0)
(0.833011 -0.00263071 0)
(0.846298 -0.0108541 0)
(0.836812 -0.0191547 0)
(0.801477 -0.025661 0)
(0.743278 -0.0285115 0)
(0.66906 -0.0274235 0)
(0.588289 -0.0235918 0)
(0.509697 -0.0185774 0)
(0.438204 -0.014794 0)
(0.380326 -0.012821 0)
(0.331617 -0.0073679 0)
(0.293394 -0.00488618 0)
(0.264181 -0.00329483 0)
(0.242259 -0.00214654 0)
(0.226204 -0.00131491 0)
(0.214762 -0.000719029 0)
(0.206844 -0.000300761 0)
(0.201565 -2.11205e-05 0)
(0.198211 0.000156249 0)
(0.196207 0.000257224 0)
(0.195127 0.000304032 0)
(0.194659 0.000316012 0)
(0.194584 0.000308003 0)
(0.194731 0.000283036 0)
(0.194998 0.000250391 0)
(0.19531 0.00021704 0)
(0.195631 0.000183558 0)
(0.195939 0.000153818 0)
(0.196217 0.000126613 0)
(0.196464 0.000103992 0)
(0.196676 8.46549e-05 0)
(0.196854 6.79181e-05 0)
(0.197002 5.41853e-05 0)
(0.197123 4.27394e-05 0)
(0.197221 3.32219e-05 0)
(0.197298 2.53634e-05 0)
(0.197357 1.87888e-05 0)
(0.197401 1.31286e-05 0)
(0.197431 8.0944e-06 0)
(0.197449 3.78287e-06 0)
)
;

boundaryField
{
    ibCylinder
    {
        type            movingImmersedBoundaryVelocity;
        patchType       immersedBoundary;
        setDeadValue    true;
        deadValue       (0 0 0);
        value           nonuniform List<vector> 0();
    }
    in
    {
        type            fixedValue;
        value           uniform (1 0 0);
    }
    out
    {
        type            inletOutlet;
        inletValue      uniform (0 0 0);
        value           nonuniform List<vector> 
25
(
(0.19745 -3.85517e-06 0)
(0.540474 -1.83397e-05 0)
(0.803348 -3.01049e-05 0)
(0.981276 -3.50037e-05 0)
(1.08845 -3.0761e-05 0)
(1.14648 -1.85815e-05 0)
(1.17502 -2.45346e-06 0)
(1.18791 1.27449e-05 0)
(1.1933 2.32435e-05 0)
(1.19541 2.66609e-05 0)
(1.19618 2.28696e-05 0)
(1.19644 1.26545e-05 0)
(1.19651 -8.52129e-07 0)
(1.19644 -1.43894e-05 0)
(1.19618 -2.46031e-05 0)
(1.19541 -2.83753e-05 0)
(1.1933 -2.49237e-05 0)
(1.18791 -1.4368e-05 0)
(1.17502 9.33396e-07 0)
(1.14648 1.72281e-05 0)
(1.08845 2.96361e-05 0)
(0.981278 3.41607e-05 0)
(0.803349 2.95918e-05 0)
(0.540474 1.81088e-05 0)
(0.197449 3.78287e-06 0)
)
;
    }
    top
    {
        type            fixedValue;
        value           uniform (0 0 0);
    }
    bottom
    {
        type            fixedValue;
        value           uniform (0 0 0);
    }
    frontAndBack
    {
        type            empty;
    }
}


// ************************************************************************* //
