/*--------------------------------*- C++ -*----------------------------------*\
| =========                 |                                                 |
| \\      /  F ield         | OpenFOAM: The Open Source CFD Toolbox           |
|  \\    /   O peration     | Version:  2206                                  |
|   \\  /    A nd           | Website:  www.openfoam.com                      |
|    \\/     M anipulation  |                                                 |
\*---------------------------------------------------------------------------*/
FoamFile
{
    version     2.0;
    format      ascii;
    arch        "LSB;label=32;scalar=64";
    class       surfaceVectorField;
    location    "0.6";
    object      Uf;
}
// * * * * * * * * * * * * * * * * * * * * * * * * * * * * * * * * * * * * * //

dimensions      [0 1 -1 0 0 0 0];

internalField   nonuniform List<vector> 
3650
(
(0.859685 0.0533402 0)
(0.90322 0.140315 0)
(0.701082 0.0847391 0)
(0.900158 0.158602 0)
(0.566854 0.0661497 0)
(0.842908 0.134228 0)
(0.463251 0.0366906 0)
(0.751738 0.103603 0)
(0.387106 0.0190253 0)
(0.67142 0.0761455 0)
(0.333077 0.01036 0)
(0.605878 0.0540288 0)
(0.29505 0.00562666 0)
(0.553386 0.0380267 0)
(0.268308 0.00300007 0)
(0.511066 0.0267427 0)
(0.249264 0.00159892 0)
(0.477689 0.0190437 0)
(0.235504 0.000843296 0)
(0.451718 0.0137601 0)
(0.225555 0.000400479 0)
(0.431692 0.00994873 0)
(0.21851 0.000103325 0)
(0.416505 0.00704571 0)
(0.213818 -0.000137657 0)
(0.405362 0.00469154 0)
(0.211149 -0.000363642 0)
(0.397689 0.00266952 0)
(0.210294 -0.000600909 0)
(0.393124 0.000854703 0)
(0.211011 -0.000873377 0)
(0.391345 -0.000717255 0)
(0.213159 -0.00117822 0)
(0.391914 -0.00214816 0)
(0.216843 -0.001521 0)
(0.394813 -0.00368328 0)
(0.222152 -0.00193072 0)
(0.400086 -0.00530901 0)
(0.229251 -0.00243188 0)
(0.40781 -0.00709941 0)
(0.238405 -0.00304968 0)
(0.418209 -0.00915384 0)
(0.24999 -0.00381561 0)
(0.431647 -0.0115851 0)
(0.26451 -0.00476499 0)
(0.44864 -0.0145201 0)
(0.282599 -0.00593229 0)
(0.469874 -0.0180891 0)
(0.305009 -0.00734359 0)
(0.496195 -0.0224102 0)
(0.332575 -0.00900588 0)
(0.528579 -0.0275664 0)
(0.366161 -0.0108922 0)
(0.568088 -0.033586 0)
(0.406556 -0.0129164 0)
(0.615786 -0.0403953 0)
(0.454299 -0.0149003 0)
(0.672602 -0.0477438 0)
(0.509417 -0.0165403 0)
(0.739097 -0.0551186 0)
(0.571075 -0.0173801 0)
(0.815149 -0.0616584 0)
(0.637155 -0.0167977 0)
(0.899505 -0.066081 0)
(0.703813 -0.0140784 0)
(0.989239 -0.066658 0)
(0.765171 -0.00881043 0)
(1.07956 -0.0613588 0)
(0.813749 -0.00144857 0)
(1.16308 -0.0485781 0)
(0.841813 0.00674161 0)
(1.23037 -0.0280642 0)
(0.843453 0.0150034 0)
(1.26964 -0.00164006 0)
(0.820199 0.0224064 0)
(1.27666 0.0232544 0)
(0.772653 0.0270849 0)
(1.25111 0.0475462 0)
(0.705899 0.0279667 0)
(1.1928 0.0667546 0)
(0.628037 0.0255072 0)
(1.10738 0.0778624 0)
(0.548182 0.0210845 0)
(1.00483 0.0798546 0)
(0.473739 0.0166867 0)
(0.896383 0.0744437 0)
(0.40892 0.0138083 0)
(0.790603 0.0648194 0)
(0.355132 0.0100948 0)
(0.697367 0.0537884 0)
(0.312001 0.00612811 0)
(0.617294 0.0431309 0)
(0.278473 0.00409144 0)
(0.552124 0.0335288 0)
(0.252968 0.00272158 0)
(0.500829 0.0255056 0)
(0.234035 0.0017314 0)
(0.461551 0.0189332 0)
(0.220335 0.00101747 0)
(0.432241 0.0137001 0)
(0.210697 0.00051027 0)
(0.41089 0.0096386 0)
(0.204135 0.000161261 0)
(0.3957 0.00656267 0)
(0.199845 -6.72713e-05 0)
(0.385159 0.00429032 0)
(0.197186 -0.000206466 0)
(0.378043 0.00265892 0)
(0.19566 -0.000280379 0)
(0.373384 0.00152556 0)
(0.194898 -0.000309792 0)
(0.370448 0.000762854 0)
(0.194631 -0.000311805 0)
(0.368697 0.000267069 0)
(0.194671 -0.000295339 0)
(0.367738 -4.04276e-05 0)
(0.19488 -0.000266545 0)
(0.36728 -0.000208951 0)
(0.195169 -0.000233566 0)
(0.367144 -0.000288512 0)
(0.195485 -0.000200165 0)
(0.367194 -0.000316204 0)
(0.195798 -0.000168559 0)
(0.367349 -0.000312509 0)
(0.19609 -0.000140091 0)
(0.367549 -0.000292014 0)
(0.196351 -0.000115187 0)
(0.367766 -0.000260813 0)
(0.196578 -9.42142e-05 0)
(0.367975 -0.000227333 0)
(0.196772 -7.61867e-05 0)
(0.368168 -0.000193792 0)
(0.196934 -6.096e-05 0)
(0.368339 -0.000161973 0)
(0.197067 -4.83736e-05 0)
(0.368487 -0.000133622 0)
(0.197176 -3.78937e-05 0)
(0.368611 -0.000108424 0)
(0.197262 -2.92163e-05 0)
(0.368713 -8.65036e-05 0)
(0.19733 -2.20159e-05 0)
(0.368795 -6.76141e-05 0)
(0.197381 -1.59232e-05 0)
(0.36886 -5.12447e-05 0)
(0.197418 -1.06122e-05 0)
(0.368908 -3.6822e-05 0)
(0.197442 -5.98668e-06 0)
(0.368942 -2.36954e-05 0)
(0.368962 -1.11861e-05 0)
(1.05169 0.155105 0)
(1.01329 0.08863 0)
(1.04728 0.183455 0)
(1.05543 0.163005 0)
(1.01025 0.168549 0)
(1.06742 0.171266 0)
(0.954804 0.143661 0)
(1.0489 0.159045 0)
(0.890147 0.113578 0)
(1.01345 0.140803 0)
(0.82578 0.0848248 0)
(0.970677 0.118395 0)
(0.768299 0.062003 0)
(0.92705 0.0955075 0)
(0.719721 0.04521 0)
(0.884374 0.0753211 0)
(0.67978 0.0330778 0)
(0.845237 0.0589852 0)
(0.647677 0.0241629 0)
(0.811252 0.0458628 0)
(0.622489 0.0173972 0)
(0.782697 0.0351371 0)
(0.60324 0.0120461 0)
(0.759375 0.0262944 0)
(0.589132 0.0076069 0)
(0.740929 0.0187998 0)
(0.579554 0.00378013 0)
(0.727031 0.0122477 0)
(0.574009 0.000461563 0)
(0.717377 0.00639909 0)
(0.572108 -0.00245187 0)
(0.71172 0.00118373 0)
(0.573437 -0.00530157 0)
(0.709689 -0.00347735 0)
(0.577889 -0.00829686 0)
(0.711036 -0.00813484 0)
(0.585537 -0.0114814 0)
(0.715773 -0.0129572 0)
(0.596523 -0.0150267 0)
(0.723955 -0.0180849 0)
(0.611155 -0.0191319 0)
(0.735779 -0.0237864 0)
(0.62993 -0.0240101 0)
(0.751606 -0.03036 0)
(0.653546 -0.0298814 0)
(0.771984 -0.0381358 0)
(0.682898 -0.0369513 0)
(0.797691 -0.0474412 0)
(0.719067 -0.0453841 0)
(0.829683 -0.0585793 0)
(0.763261 -0.0552665 0)
(0.869115 -0.0717604 0)
(0.816759 -0.0665489 0)
(0.917305 -0.0870845 0)
(0.880801 -0.0789496 0)
(0.975669 -0.104437 0)
(0.95639 -0.0918329 0)
(1.0456 -0.123333 0)
(1.044 -0.104072 0)
(1.12825 -0.142731 0)
(1.1432 -0.113914 0)
(1.22424 -0.160855 0)
(1.25205 -0.118928 0)
(1.33319 -0.174933 0)
(1.36657 -0.116034 0)
(1.45301 -0.181175 0)
(1.47991 -0.102023 0)
(1.57902 -0.174702 0)
(1.58223 -0.0747889 0)
(1.70306 -0.150901 0)
(1.66184 -0.0348962 0)
(1.81275 -0.107673 0)
(1.70658 0.00982583 0)
(1.89437 -0.0463781 0)
(1.70924 0.0538828 0)
(1.93549 0.0205875 0)
(1.67146 0.0950414 0)
(1.93331 0.0853315 0)
(1.59345 0.12625 0)
(1.88634 0.144764 0)
(1.48275 0.142555 0)
(1.79757 0.188562 0)
(1.35141 0.143736 0)
(1.67677 0.211195 0)
(1.21248 0.132974 0)
(1.5367 0.213374 0)
(1.07837 0.115038 0)
(1.38962 0.198933 0)
(0.95831 0.0946637 0)
(1.24783 0.173848 0)
(0.856628 0.0751663 0)
(1.12063 0.144813 0)
(0.77391 0.0581005 0)
(1.01237 0.116247 0)
(0.708949 0.0438056 0)
(0.924048 0.0904675 0)
(0.659384 0.0322405 0)
(0.854623 0.0684984 0)
(0.622503 0.0231552 0)
(0.801669 0.0505812 0)
(0.595675 0.0161975 0)
(0.762271 0.0364674 0)
(0.576572 0.0109921 0)
(0.733586 0.0256653 0)
(0.563259 0.00719043 0)
(0.713109 0.0176036 0)
(0.554185 0.00448756 0)
(0.698767 0.0117328 0)
(0.548149 0.00261803 0)
(0.688903 0.0075623 0)
(0.544247 0.00136092 0)
(0.682242 0.00466498 0)
(0.541816 0.000544721 0)
(0.67784 0.00269847 0)
(0.540369 4.43889e-05 0)
(0.675002 0.00140646 0)
(0.539571 -0.000238256 0)
(0.67322 0.000588723 0)
(0.539195 -0.000383135 0)
(0.672152 8.76173e-05 0)
(0.539081 -0.000441803 0)
(0.671553 -0.000202458 0)
(0.539122 -0.000447766 0)
(0.671257 -0.000353066 0)
(0.539246 -0.000423431 0)
(0.671143 -0.000416065 0)
(0.539408 -0.000382542 0)
(0.671142 -0.000422052 0)
(0.539579 -0.000334636 0)
(0.671204 -0.000398821 0)
(0.539748 -0.000285695 0)
(0.671297 -0.000362259 0)
(0.539902 -0.000239581 0)
(0.671401 -0.000316497 0)
(0.540038 -0.000197635 0)
(0.671506 -0.000269762 0)
(0.540155 -0.000160153 0)
(0.671602 -0.000224866 0)
(0.540252 -0.000127216 0)
(0.671686 -0.000183266 0)
(0.54033 -9.84217e-05 0)
(0.671758 -0.000145727 0)
(0.54039 -7.3059e-05 0)
(0.671816 -0.000111876 0)
(0.540435 -5.02707e-05 0)
(0.671861 -8.12809e-05 0)
(0.540464 -2.88682e-05 0)
(0.671892 -5.31028e-05 0)
(0.671911 -2.42186e-05 0)
(1.03948 0.111337 0)
(1.00908 0.0491495 0)
(1.08197 0.157815 0)
(1.04736 0.120516 0)
(1.1029 0.165593 0)
(1.08759 0.150339 0)
(1.10539 0.159775 0)
(1.11054 0.156549 0)
(1.09397 0.147928 0)
(1.1169 0.152227 0)
(1.07184 0.130411 0)
(1.11448 0.140525 0)
(1.04251 0.109756 0)
(1.10208 0.124838 0)
(1.00945 0.0895793 0)
(1.08361 0.108381 0)
(0.976422 0.0718548 0)
(1.0617 0.0920115 0)
(0.946062 0.0568082 0)
(1.039 0.0762233 0)
(0.919456 0.0440414 0)
(1.01694 0.0617427 0)
(0.896961 0.0330473 0)
(0.996643 0.0487892 0)
(0.878724 0.0233791 0)
(0.97883 0.0370369 0)
(0.864756 0.014737 0)
(0.963985 0.0262159 0)
(0.85495 0.00695958 0)
(0.95237 0.0162057 0)
(0.849146 -3.67585e-05 0)
(0.944113 0.00698735 0)
(0.847182 -0.00656285 0)
(0.939245 -0.0015129 0)
(0.848776 -0.0131033 0)
(0.937675 -0.00972975 0)
(0.854009 -0.0199269 0)
(0.939427 -0.01819 0)
(0.862995 -0.0272662 0)
(0.944621 -0.0270708 0)
(0.875972 -0.0354936 0)
(0.95344 -0.0367633 0)
(0.893337 -0.045034 0)
(0.966187 -0.0477253 0)
(0.915729 -0.0563385 0)
(0.983291 -0.0605276 0)
(0.943972 -0.0698205 0)
(1.00555 -0.0756837 0)
(0.979106 -0.0858146 0)
(1.03369 -0.0937137 5.25825e-34)
(1.0224 -0.104557 0)
(1.06896 -0.115057 -5.18817e-34)
(1.07533 -0.126088 0)
(1.1128 -0.140011 0)
(1.13948 -0.150079 0)
(1.16696 -0.168592 0)
(1.21646 -0.175623 0)
(1.23337 -0.200311 0)
(1.30763 -0.20098 0)
(1.31413 -0.233896 0)
(1.41376 -0.223298 0)
(1.41116 -0.266993 0)
(1.53446 -0.238371 0)
(1.52583 -0.29563 0)
(1.66701 -0.240469 0)
(1.65852 -0.313726 0)
(1.80468 -0.223229 0)
(1.80461 -0.312367 0)
(1.93662 -0.18202 0)
(1.95319 -0.282846 0)
(2.04869 -0.115932 0)
(2.08874 -0.219742 0)
(2.12643 -0.0318005 0)
(2.19234 -0.124123 0)
(2.16089 0.054893 0)
(2.26304 -0.0138679 0)
(2.14835 0.13683 0)
(2.27141 0.097875 0)
(2.08858 0.208668 0)
(2.23977 0.204526 0)
(1.9895 0.258449 0)
(2.16857 0.28765 0)
(1.86055 0.281456 0)
(2.05897 0.340142 0)
(1.71272 0.279671 0)
(1.92437 0.361207 0)
(1.55838 0.25817 0)
(1.77567 0.353267 0)
(1.40974 0.224382 0)
(1.62341 0.322486 0)
(1.27606 0.18609 0)
(1.47837 0.278498 0)
(1.16218 0.148673 0)
(1.34859 0.230126 0)
(1.06945 0.1151 0)
(1.23844 0.183196 0)
(0.99667 0.0866947 0)
(1.14911 0.141281 0)
(0.941228 0.0637024 0)
(1.07925 0.106023 0)
(0.900012 0.0457322 0)
(1.02614 0.0776837 0)
(0.869996 0.0320857 0)
(0.986676 0.0556812 0)
(0.848531 0.0219802 0)
(0.957904 0.0390688 0)
(0.833435 0.0146737 0)
(0.937286 0.0268292 0)
(0.822974 0.00950724 0)
(0.922731 0.0180229 0)
(0.815831 0.00592653 0)
(0.912574 0.011808 0)
(0.811036 0.00350348 0)
(0.905579 0.00749348 0)
(0.807871 0.00190895 0)
(0.900834 0.00457207 0)
(0.805823 0.000885552 0)
(0.897649 0.00263658 0)
(0.804533 0.000249968 0)
(0.895538 0.00137763 0)
(0.803748 -0.000124846 0)
(0.894164 0.000582392 0)
(0.803296 -0.000327784 0)
(0.893289 9.95153e-05 0)
(0.803056 -0.00041834 0)
(0.892746 -0.000176589 0)
(0.802953 -0.000441094 0)
(0.892424 -0.000319067 0)
(0.802934 -0.000428395 0)
(0.892251 -0.00037905 0)
(0.802962 -0.00039414 0)
(0.892168 -0.000390405 0)
(0.803014 -0.000347078 0)
(0.892139 -0.000368369 0)
(0.803076 -0.000296939 0)
(0.892145 -0.000332102 0)
(0.803139 -0.000247758 0)
(0.892169 -0.000288133 0)
(0.803198 -0.000201477 0)
(0.8922 -0.00024153 0)
(0.803248 -0.000158836 0)
(0.892232 -0.000196369 0)
(0.80329 -0.000119745 0)
(0.892262 -0.000153181 0)
(0.803321 -8.38113e-05 0)
(0.892286 -0.00011246 0)
(0.803342 -4.83288e-05 0)
(0.892304 -7.41688e-05 0)
(0.892312 -3.25165e-05 0)
(1.01971 0.066695 0)
(1.0042 0.0294414 0)
(1.05943 0.11354 0)
(1.02713 0.0807951 0)
(1.09576 0.13886 0)
(1.06413 0.114013 0)
(1.12138 0.146929 0)
(1.09769 0.130927 0)
(1.13743 0.144048 0)
(1.12156 0.13617 0)
(1.14454 0.135146 0)
(1.13931 0.133422 0)
(1.14321 0.123755 0)
(1.14813 0.126164 0)
(1.13556 0.111018 0)
(1.15091 0.116036 0)
(1.12395 0.0967329 0)
(1.14955 0.103619 0)
(1.10978 0.0815208 0)
(1.14356 0.0903898 0)
(1.09406 0.0666752 0)
(1.13512 0.0774651 0)
(1.07842 0.0527881 0)
(1.12523 0.0644327 0)
(1.06399 0.0398326 0)
(1.11488 0.0514658 0)
(1.0515 0.0277172 0)
(1.10491 0.0386977 0)
(1.04144 0.0163666 0)
(1.09588 0.0262692 0)
(1.03407 0.0056981 0)
(1.08836 0.0143591 0)
(1.02964 -0.00445054 0)
(1.08276 0.00291859 0)
(1.02822 -0.0145384 0)
(1.07941 -0.0083083 0)
(1.02989 -0.0250232 0)
(1.0785 -0.0198675 0)
(1.03488 -0.0362219 0)
(1.08028 -0.0320582 0)
(1.04344 -0.0485956 0)
(1.08501 -0.0453247 0)
(1.05586 -0.0627338 0)
(1.093 -0.0601444 0)
(1.07274 -0.0792985 0)
(1.10441 -0.0774046 0)
(1.09481 -0.0989507 5.25825e-34)
(1.12019 -0.0977505 0)
(1.12294 -0.122282 7.56363e-36)
(1.14071 -0.121851 5.25825e-34)
(1.15859 -0.149791 -5.18817e-34)
(1.1677 -0.150704 -5.18817e-34)
(1.20349 -0.181798 0)
(1.20254 -0.184914 0)
(1.25975 -0.218186 0)
(1.24731 -0.224845 0)
(1.32983 -0.258107 0)
(1.30471 -0.270394 0)
(1.41651 -0.299664 0)
(1.37806 -0.320574 0)
(1.52242 -0.339328 0)
(1.47115 -0.372905 0)
(1.64985 -0.370958 0)
(1.5882 -0.423057 0)
(1.79786 -0.384795 0)
(1.73335 -0.46174 0)
(1.95628 -0.36975 0)
(1.89478 -0.470784 0)
(2.10922 -0.316953 0)
(2.05434 -0.435793 0)
(2.23812 -0.225311 0)
(2.19173 -0.348641 0)
(2.33059 -0.105367 0)
(2.2972 -0.216589 0)
(2.37393 0.0298353 0)
(2.35691 -0.0572124 0)
(2.36461 0.164817 0)
(2.35738 0.107201 0)
(2.31621 0.282117 0)
(2.32713 0.252919 0)
(2.23412 0.370363 0)
(2.26957 0.369748 0)
(2.1212 0.422504 0)
(2.18422 0.453056 0)
(1.98617 0.437151 0)
(2.0719 0.496241 0)
(1.83984 0.419482 0)
(1.94192 0.499595 0)
(1.6921 0.37837 0)
(1.80508 0.470227 0)
(1.55105 0.323925 0)
(1.66888 0.419549 0)
(1.42486 0.265388 0)
(1.5409 0.356314 0)
(1.31811 0.209622 0)
(1.42794 0.289954 0)
(1.23165 0.160611 0)
(1.33337 0.227734 0)
(1.16409 0.119934 0)
(1.25725 0.173585 0)
(1.11272 0.0875597 0)
(1.1978 0.129056 0)
(1.07451 0.0626107 0)
(1.1525 0.0938955 0)
(1.0466 0.043885 0)
(1.11871 0.0669753 0)
(1.02655 0.0301663 0)
(1.09397 0.0468813 0)
(1.01231 0.0203282 0)
(1.07614 0.0322591 0)
(1.00231 0.0133869 0)
(1.06341 0.021807 0)
(0.995385 0.00857924 0)
(1.05443 0.0144204 0)
(0.990626 0.00532173 0)
(1.04819 0.00933149 0)
(0.987378 0.00315092 0)
(1.04386 0.0058842 0)
(0.985186 0.00172973 0)
(1.04087 0.00356975 0)
(0.983721 0.000823619 0)
(1.03883 0.00204739 0)
(0.982754 0.000264596 0)
(1.03745 0.00106683 0)
(0.982128 -6.56529e-05 0)
(1.03651 0.000449905 0)
(0.981733 -0.000247291 0)
(1.03589 7.53336e-05 0)
(0.981494 -0.00033312 0)
(1.03549 -0.000139272 0)
(0.981353 -0.00035813 0)
(1.03523 -0.000249786 0)
(0.981278 -0.00034824 0)
(1.03507 -0.000292961 0)
(0.981244 -0.000319174 0)
(1.03497 -0.000298178 0)
(0.981234 -0.000278652 0)
(1.03491 -0.000278526 0)
(0.981238 -0.000233951 0)
(1.03488 -0.000245442 0)
(0.981248 -0.000188956 0)
(1.03487 -0.00020673 0)
(0.98126 -0.000144767 0)
(1.03487 -0.0001651 0)
(0.981271 -0.000102241 0)
(1.03487 -0.000122734 0)
(0.981277 -5.82348e-05 0)
(1.03487 -8.09369e-05 0)
(1.03486 -3.28624e-05 0)
(1.01043 0.0442616 0)
(1.00232 0.0190099 0)
(1.03613 0.0804134 0)
(1.01544 0.0551014 0)
(1.06745 0.105245 0)
(1.04076 0.0826888 0)
(1.09771 0.119428 0)
(1.07006 0.100664 0)
(1.12332 0.124779 0)
(1.0972 0.110562 0)
(1.14277 0.123776 0)
(1.12062 0.113975 0)
(1.15619 0.118272 0)
(1.13939 0.112741 0)
(1.16462 0.109023 0)
(1.15347 0.107608 0)
(1.16882 0.0979014 0)
(1.16413 0.099418 0)
(1.16905 0.0868816 0)
(1.16982 0.0901595 0)
(1.16626 0.0756967 0)
(1.17261 0.0802602 0)
(1.16153 0.063708 0)
(1.17298 0.0691581 0)
(1.15571 0.0510013 0)
(1.17154 0.057287 0)
(1.14925 0.037828 0)
(1.16835 0.0451566 0)
(1.14275 0.0246947 0)
(1.16441 0.0327742 0)
(1.13694 0.0118976 0)
(1.16022 0.0201675 0)
(1.13242 -0.000648091 0)
(1.15628 0.00743793 0)
(1.12961 -0.0133066 0)
(1.15309 -0.00549707 0)
(1.12878 -0.0265225 0)
(1.15102 -0.019039 0)
(1.13025 -0.0407247 0)
(1.15041 -0.033528 0)
(1.13439 -0.0564171 0)
(1.15158 -0.0494675 0)
(1.14134 -0.074392 0)
(1.15493 -0.0670963 0)
(1.15146 -0.0953913 0)
(1.16042 -0.0875263 0)
(1.16561 -0.120057 0)
(1.16897 -0.111896 0)
(1.18489 -0.149659 0)
(1.18131 -0.141125 0)
(1.21079 -0.185325 0)
(1.19893 -0.176612 0)
(1.24524 -0.227651 0)
(1.22325 -0.219356 0)
(1.29087 -0.277057 0)
(1.25664 -0.270481 0)
(1.35126 -0.333327 0)
(1.3025 -0.330778 0)
(1.43094 -0.394835 0)
(1.36554 -0.400259 0)
(1.53529 -0.458117 0)
(1.45165 -0.477253 0)
(1.67079 -0.515084 0)
(1.56959 -0.558557 0)
(1.83276 -0.549731 0)
(1.72242 -0.623714 0)
(1.99733 -0.543589 0)
(1.8707 -0.63536 0)
(2.14447 -0.480636 0)
(2.00323 -0.582933 0)
(2.25828 -0.352213 0)
(2.08618 -0.462445 0)
(2.32382 -0.176246 0)
(2.10554 -0.282134 0)
(2.33947 0.0125837 0)
(2.08375 -0.072859 0)
(2.3216 0.188777 0)
(2.0678 0.125075 0)
(2.27679 0.333376 0)
(2.06593 0.297728 0)
(2.21432 0.442471 0)
(2.05753 0.432221 0)
(2.13179 0.518267 0)
(2.02958 0.535579 0)
(2.02585 0.553392 0)
(1.97263 0.602181 0)
(1.90619 0.546922 0)
(1.89123 0.619259 0)
(1.78241 0.509266 0)
(1.79544 0.594002 0)
(1.65907 0.45116 0)
(1.69399 0.542889 0)
(1.54436 0.381283 0)
(1.59128 0.471028 0)
(1.44362 0.308966 0)
(1.49465 0.39069 0)
(1.35927 0.241571 0)
(1.41017 0.312084 0)
(1.29111 0.183426 0)
(1.34008 0.241745 0)
(1.23763 0.135952 0)
(1.28391 0.182541 0)
(1.1967 0.0986951 0)
(1.2401 0.134825 0)
(1.16605 0.0703191 0)
(1.20668 0.097623 0)
(1.14355 0.0492489 0)
(1.18166 0.0693787 0)
(1.12722 0.0339433 0)
(1.16319 0.0485967 0)
(1.1155 0.0229938 0)
(1.14981 0.0335209 0)
(1.10724 0.0152921 0)
(1.14017 0.022682 0)
(1.10143 0.00998918 0)
(1.13337 0.0151385 0)
(1.09736 0.00637698 0)
(1.12856 0.00995869 0)
(1.09453 0.0039448 0)
(1.12517 0.0063992 0)
(1.09257 0.00233522 0)
(1.12279 0.0040088 0)
(1.09122 0.00128576 0)
(1.12113 0.00242079 0)
(1.09029 0.000615574 0)
(1.11996 0.00137729 0)
(1.08966 0.000201185 0)
(1.11916 0.000705754 0)
(1.08923 -4.28131e-05 0)
(1.11861 0.000285703 0)
(1.08895 -0.000175047 0)
(1.11823 3.34676e-05 0)
(1.08876 -0.000236032 0)
(1.11797 -0.000107806 0)
(1.08864 -0.000252581 0)
(1.11779 -0.000178008 0)
(1.08857 -0.000241916 0)
(1.11768 -0.000202261 0)
(1.08852 -0.000215751 0)
(1.1176 -0.000198339 0)
(1.08849 -0.000181118 0)
(1.11755 -0.000177801 0)
(1.08847 -0.000141965 0)
(1.11752 -0.000147566 0)
(1.08846 -0.000100842 0)
(1.11749 -0.000111638 0)
(1.08846 -5.54072e-05 0)
(1.11748 -7.27474e-05 0)
(1.11746 -2.47991e-05 0)
(1.00595 0.0306963 0)
(1.00138 0.013062 0)
(1.02223 0.0575642 0)
(1.00944 0.0388213 0)
(1.04474 0.0779722 0)
(1.02633 0.0601813 0)
(1.06972 0.091696 0)
(1.0481 0.0756809 0)
(1.09451 0.0996262 0)
(1.07109 0.0857709 0)
(1.1172 0.102761 0)
(1.09346 0.0912814 0)
(1.13688 0.101904 0)
(1.1142 0.0930604 0)
(1.15289 0.0977331 0)
(1.13253 0.0916025 0)
(1.16491 0.0912992 0)
(1.14797 0.0873977 0)
(1.17351 0.0834146 0)
(1.16007 0.0815617 0)
(1.17934 0.0739401 0)
(1.16947 0.0744322 0)
(1.18282 0.0630674 0)
(1.17649 0.0656695 0)
(1.18411 0.0517786 0)
(1.18119 0.0560044 0)
(1.18355 0.0403832 0)
(1.18364 0.0457125 0)
(1.18185 0.0285065 0)
(1.18436 0.0344766 0)
(1.17948 0.016024 0)
(1.1838 0.0225414 0)
(1.17685 0.00295795 0)
(1.18242 0.0100614 0)
(1.17443 -0.0108278 0)
(1.18063 -0.00307252 0)
(1.17257 -0.0256173 0)
(1.17863 -0.017185 0)
(1.17163 -0.0418102 0)
(1.17679 -0.0325839 0)
(1.17196 -0.0596099 0)
(1.17536 -0.0497954 0)
(1.17382 -0.0795615 0)
(1.17475 -0.0689572 0)
(1.17755 -0.103301 0)
(1.1751 -0.0912621 0)
(1.18418 -0.132293 0)
(1.17719 -0.118524 0)
(1.19476 -0.167465 0)
(1.1816 -0.151705 0)
(1.21043 -0.210104 0)
(1.18929 -0.192283 0)
(1.23329 -0.261818 0)
(1.20182 -0.242213 0)
(1.26643 -0.324153 0)
(1.22164 -0.303624 0)
(1.31436 -0.398214 0)
(1.25251 -0.378704 0)
(1.38342 -0.484007 0)
(1.30018 -0.469323 0)
(1.48224 -0.580077 0)
(1.37222 -0.576065 0)
(1.62078 -0.672464 0)
(1.48116 -0.697097 0)
(1.76548 -0.72198 0)
(1.61116 -0.768413 0)
(1.88013 -0.700385 0)
(1.67796 -0.750018 0)
(1.9556 -0.609408 0)
(1.64472 -0.658396 5.82032e-18)
(1.94899 -0.441775 0)
(1.51273 -0.455841 0)
(1.86365 -0.212854 0)
(1.31694 -0.196787 0)
(1.80762 0.0155152 0)
(1.17011 -0.0168268 -6.85083e-18)
(1.81452 0.216317 0)
(1.19522 0.118165 -5.25455e-18)
(1.83982 0.388444 0)
(1.29109 0.272436 0)
(1.86725 0.521115 0)
(1.3769 0.404783 -2.5529e-19)
(1.86656 0.613295 0)
(1.51186 0.536273 0)
(1.83413 0.661617 0)
(1.59078 0.634611 0)
(1.77898 0.662897 0)
(1.61584 0.674414 0)
(1.70854 0.625773 0)
(1.60136 0.664438 0)
(1.62661 0.561568 0)
(1.56402 0.62482 0)
(1.54209 0.480279 0)
(1.51252 0.555549 0)
(1.46203 0.394257 0)
(1.45302 0.470745 0)
(1.39168 0.312846 0)
(1.39464 0.382438 0)
(1.33333 0.241516 0)
(1.34287 0.300097 0)
(1.28662 0.182038 0)
(1.29977 0.229254 0)
(1.25018 0.134305 0)
(1.26513 0.171264 0)
(1.22231 0.097141 0)
(1.23803 0.125492 0)
(1.20132 0.0690774 0)
(1.21728 0.0903659 0)
(1.18576 0.0484419 0)
(1.20166 0.0641568 0)
(1.17443 0.0334373 0)
(1.19019 0.0448473 0)
(1.16632 0.022713 0)
(1.18177 0.0307939 0)
(1.16051 0.015224 0)
(1.17569 0.0209539 0)
(1.15635 0.0100488 0)
(1.17145 0.0141143 0)
(1.15343 0.00651606 0)
(1.16837 0.00932077 0)
(1.15135 0.00414114 0)
(1.16618 0.00608754 0)
(1.14988 0.0025515 0)
(1.1646 0.00389338 0)
(1.14884 0.00149883 0)
(1.16347 0.00241401 0)
(1.14811 0.000814296 0)
(1.16267 0.00143319 0)
(1.1476 0.000379898 0)
(1.16209 0.000795328 0)
(1.14725 0.000113835 0)
(1.16169 0.000389314 0)
(1.147 -4.01531e-05 0)
(1.1614 0.000139339 0)
(1.14683 -0.000120654 0)
(1.1612 -6.6417e-06 0)
(1.14671 -0.000153701 0)
(1.16106 -8.41044e-05 0)
(1.14663 -0.00015693 0)
(1.16095 -0.000117125 0)
(1.14657 -0.000141923 0)
(1.16088 -0.000121963 0)
(1.14654 -0.000115676 0)
(1.16083 -0.000108973 0)
(1.14651 -8.25247e-05 0)
(1.1608 -8.48116e-05 0)
(1.14649 -4.16213e-05 0)
(1.16077 -5.32827e-05 0)
(1.16075 -1.06937e-05 0)
(1.00374 0.0218696 0)
(1.00091 0.00932611 0)
(1.0146 0.0417667 0)
(1.0063 0.0279523 0)
(1.03068 0.0578474 0)
(1.01809 0.04411 0)
(1.04977 0.0695747 0)
(1.03416 0.0565918 0)
(1.07014 0.0772455 0)
(1.05227 0.0653941 0)
(1.09051 0.0814189 0)
(1.07109 0.0709177 0)
(1.10995 0.082603 0)
(1.08978 0.0736162 0)
(1.12768 0.0812115 0)
(1.10765 0.0738724 0)
(1.14304 0.0777504 0)
(1.12401 0.0720366 0)
(1.15601 0.0726668 0)
(1.13843 0.0685979 0)
(1.16667 0.0661272 0)
(1.15087 0.063769 0)
(1.17483 0.0584094 0)
(1.1613 0.0575059 0)
(1.18065 0.0497129 0)
(1.16936 0.0501882 0)
(1.18443 0.039834 0)
(1.17557 0.0419274 0)
(1.1863 0.0287837 0)
(1.17965 0.0326056 0)
(1.18672 0.0168851 0)
(1.18197 0.0221213 0)
(1.18613 0.00430698 0)
(1.18277 0.0106579 0)
(1.18477 -0.00914228 0)
(1.18233 -0.0017119 0)
(1.18281 -0.023832 0)
(1.18075 -0.0152245 0)
(1.18048 -0.0402155 0)
(1.17828 -0.0302549 0)
(1.17799 -0.0587121 0)
(1.17503 -0.047311 0)
(1.17583 -0.0801307 0)
(1.17125 -0.0667973 0)
(1.17448 -0.105889 0)
(1.16715 -0.0899125 0)
(1.17417 -0.137248 0)
(1.16319 -0.118212 0)
(1.17549 -0.175703 0)
(1.15934 -0.153018 8.86296e-33)
(1.17964 -0.223449 0)
(1.15634 -0.196441 -8.79134e-33)
(1.18858 -0.283037 0)
(1.15542 -0.251153 0)
(1.20538 -0.357335 0)
(1.15857 -0.320417 0)
(1.23483 -0.449498 0)
(1.16903 -0.408157 0)
(1.28445 -0.562506 0)
(1.19243 -0.518945 0)
(1.36527 -0.697225 0)
(1.23604 -0.656884 0)
(1.47608 -0.803129 0)
(1.30583 -0.807905 0)
(1.53481 -0.810468 0)
(1.33485 -0.827142 0)
(1.44691 -0.68926 5.82032e-18)
(1.20378 -0.662118 0)
(1.19985 -0.447243 5.82032e-18)
(0.903385 -0.325771 1.2862e-17)
(0.92476 -0.177484 0)
(0.528434 0.152094 0)
(0.627817 -0.0262977 -6.85083e-18)
(0.364145 -0.050814 0)
(0.562308 0.0223801 -1.21054e-17)
(0.257477 -0.1512 -6.85083e-18)
(0.689889 0.0764285 -5.25455e-18)
(0.29634 -0.197903 -5.25455e-18)
(0.80956 0.18632 -2.5529e-19)
(0.377701 -0.259041 0)
(1.00736 0.36386 -2.5529e-19)
(0.597091 0.132754 -1.10117e-18)
(1.22967 0.535633 0)
(0.805314 0.313961 -4.70113e-17)
(1.36851 0.636331 0)
(1.01482 0.495771 0)
(1.43617 0.6691 0)
(1.17371 0.606752 0)
(1.45829 0.659736 0)
(1.2604 0.64232 0)
(1.45114 0.616728 0)
(1.30405 0.631969 0)
(1.42407 0.544384 0)
(1.32152 0.582625 0)
(1.38671 0.457897 0)
(1.318 0.508105 0)
(1.34679 0.36931 0)
(1.3023 0.422355 0)
(1.31007 0.287942 0)
(1.28206 0.336822 0)
(1.27875 0.218837 0)
(1.26204 0.260569 0)
(1.25323 0.162852 0)
(1.24425 0.196785 0)
(1.23313 0.119056 0)
(1.22937 0.145596 0)
(1.21767 0.0857296 0)
(1.21743 0.10582 0)
(1.20606 0.0608245 0)
(1.20809 0.075765 0)
(1.19748 0.0424099 0)
(1.20107 0.0534298 0)
(1.19116 0.0291719 0)
(1.19578 0.0371099 0)
(1.18661 0.0199626 0)
(1.19182 0.0255089 0)
(1.18343 0.0135074 0)
(1.18904 0.0172926 0)
(1.18114 0.00897968 0)
(1.18699 0.0116104 0)
(1.17943 0.00587884 0)
(1.18558 0.0077976 0)
(1.17819 0.00377344 0)
(1.1845 0.00513395 0)
(1.17729 0.00236375 0)
(1.1837 0.00331211 0)
(1.17665 0.00143066 0)
(1.1831 0.00208019 0)
(1.17618 0.000820135 0)
(1.18266 0.00126249 0)
(1.17584 0.00042773 0)
(1.18233 0.000725934 0)
(1.1756 0.000183082 0)
(1.18209 0.000381699 0)
(1.17543 3.77478e-05 0)
(1.18191 0.000168283 0)
(1.1753 -4.16367e-05 0)
(1.18178 4.22119e-05 0)
(1.17521 -7.78412e-05 0)
(1.18168 -2.6077e-05 0)
(1.17514 -8.60167e-05 0)
(1.18161 -5.65052e-05 0)
(1.1751 -7.61098e-05 0)
(1.18156 -6.18707e-05 0)
(1.17506 -5.43397e-05 0)
(1.18152 -5.1236e-05 0)
(1.17504 -2.17456e-05 0)
(1.18149 -2.92065e-05 0)
(1.18147 4.94317e-06 0)
(1.0026 0.0158124 0)
(1.00066 0.00672844 0)
(1.01035 0.0305223 0)
(1.00457 0.0201993 0)
(1.02224 0.0428704 0)
(1.01331 0.0322207 0)
(1.03695 0.0523114 0)
(1.02558 0.0418834 0)
(1.05333 0.0589137 0)
(1.03997 0.0490122 0)
(1.07045 0.0629563 0)
(1.05551 0.0537961 0)
(1.08757 0.0647471 0)
(1.07153 0.0565027 0)
(1.10405 0.0645856 0)
(1.08747 0.0573916 0)
(1.11938 0.0627912 0)
(1.10277 0.0567007 0)
(1.13329 0.0596183 0)
(1.11705 0.0546929 0)
(1.14554 0.0551459 0)
(1.13003 0.0515129 0)
(1.15587 0.0494664 0)
(1.14152 0.0471824 0)
(1.16423 0.0426819 0)
(1.15123 0.041823 0)
(1.17074 0.0348575 0)
(1.15921 0.0354159 0)
(1.17536 0.0259655 0)
(1.16536 0.0279948 0)
(1.17803 0.0159278 0)
(1.16964 0.0194427 0)
(1.17893 0.00475256 0)
(1.17199 0.00975859 0)
(1.17829 -0.00761682 0)
(1.17248 -0.00106372 0)
(1.17623 -0.0214041 0)
(1.17119 -0.0131691 0)
(1.17284 -0.0370212 0)
(1.16818 -0.0268681 0)
(1.16817 -0.0550065 0)
(1.16341 -0.042635 0)
(1.16244 -0.0761512 0)
(1.15686 -0.0610745 0)
(1.15573 -0.101716 0)
(1.14854 -0.083203 0)
(1.148 -0.133304 8.86296e-33)
(1.13833 -0.110475 0)
(1.13958 -0.172887 8.01849e-35)
(1.12607 -0.144602 8.86296e-33)
(1.1311 -0.22307 -8.79134e-33)
(1.11183 -0.18796 -8.79134e-33)
(1.12371 -0.287255 0)
(1.09595 -0.243759 0)
(1.11952 -0.369781 0)
(1.07929 -0.316226 0)
(1.12215 -0.476097 0)
(1.06332 -0.410787 0)
(1.13746 -0.611827 0)
(1.0522 -0.534255 0)
(1.17103 -0.766639 0)
(1.04722 -0.690453 0)
(1.17357 -0.833036 0)
(1.02988 -0.810446 0)
(1.01466 -0.659974 0)
(0.864869 -0.668237 0)
(0.719867 -0.312586 7.04163e-18)
(0.439115 0.351363 0)
(0.539073 -0.0628553 7.04163e-18)
(0.224653 0.109292 7.04163e-18)
(0.319213 0 0)
(0 -0.0601605 0)
(0.140026 0 0)
(0 -0.00971274 0)
(0.115682 0 0)
(0 0.00228173 0)
(0.147379 0 0)
(0 0.0122054 0)
(0.349393 0.0213383 -8.45881e-19)
(0 0.0107139 0)
(0.399083 0.100854 -4.78571e-17)
(0.151989 -0.133422 -8.45881e-19)
(0.557537 0.26807 -4.70113e-17)
(0.333983 0.0774383 -6.76871e-17)
(0.817397 0.459363 0)
(0.513054 0.235911 -5.44257e-17)
(0.995742 0.575354 0)
(0.7236 0.428407 0)
(1.10605 0.611725 0)
(0.881007 0.532015 0)
(1.17629 0.596699 0)
(0.990468 0.56173 0)
(1.21642 0.546183 0)
(1.07004 0.542486 0)
(1.23472 0.472866 0)
(1.12376 0.489808 0)
(1.23875 0.390273 0)
(1.15718 0.418326 0)
(1.23507 0.309699 0)
(1.17654 0.340507 0)
(1.22824 0.238654 0)
(1.18701 0.267397 0)
(1.22078 0.179634 0)
(1.19232 0.204239 0)
(1.21386 0.13252 0)
(1.1947 0.152519 0)
(1.20791 0.0960575 0)
(1.19546 0.111774 0)
(1.2031 0.0685278 0)
(1.19532 0.0805757 0)
(1.19936 0.0482279 0)
(1.19489 0.0571689 0)
(1.19643 0.0335406 0)
(1.19429 0.0400323 0)
(1.1942 0.0229478 0)
(1.19366 0.0277462 0)
(1.19258 0.0154809 0)
(1.19312 0.0189097 0)
(1.19144 0.0104918 0)
(1.19258 0.0127457 0)
(1.19062 0.00712389 0)
(1.19226 0.00861993 0)
(1.19 0.00473655 0)
(1.19198 0.00575938 0)
(1.1895 0.0030676 0)
(1.19173 0.00381357 0)
(1.1891 0.00193185 0)
(1.19152 0.00247184 0)
(1.1888 0.00117914 0)
(1.19133 0.00156506 0)
(1.18857 0.000688271 0)
(1.19117 0.000957431 0)
(1.18839 0.000374492 0)
(1.19104 0.000558052 0)
(1.18826 0.000179303 0)
(1.19093 0.000302919 0)
(1.18816 6.31019e-05 0)
(1.19085 0.000144787 0)
(1.18808 -5.99517e-07 0)
(1.19078 5.16317e-05 0)
(1.18802 -2.92925e-05 0)
(1.19072 1.89386e-06 0)
(1.18798 -3.48574e-05 0)
(1.19068 -1.84101e-05 0)
(1.18795 -2.47424e-05 0)
(1.19065 -1.97112e-05 0)
(1.18792 -1.81295e-06 0)
(1.19062 -6.91851e-06 0)
(1.19061 1.78115e-05 0)
(1.00196 0.011361 0)
(1.00052 0.00476716 0)
(1.00785 0.0220637 0)
(1.00356 0.01431 0)
(1.0171 0.03128 0)
(1.01042 0.0229763 0)
(1.02884 0.0385523 0)
(1.02026 0.0301362 0)
(1.04227 0.0438294 0)
(1.03209 0.035584 0)
(1.05669 0.0472581 0)
(1.04519 0.0393787 0)
(1.07152 0.0490466 0)
(1.05901 0.041672 0)
(1.08626 0.0494007 0)
(1.0731 0.0426553 0)
(1.10046 0.0485104 0)
(1.08701 0.0424969 0)
(1.11381 0.0465224 0)
(1.10036 0.0413402 0)
(1.12605 0.0435002 0)
(1.11288 0.0392793 0)
(1.1369 0.0394801 0)
(1.12433 0.0363315 0)
(1.14621 0.0344882 0)
(1.13445 0.0325113 0)
(1.15384 0.0285162 0)
(1.14308 0.0277852 0)
(1.15969 0.0214979 0)
(1.15004 0.0221414 0)
(1.16363 0.0133513 0)
(1.1552 0.0155075 0)
(1.16554 0.00405456 0)
(1.15838 0.00784321 0)
(1.16541 -0.00646775 0)
(1.15942 -0.000928352 0)
(1.16318 -0.018442 0)
(1.1582 -0.0109433 0)
(1.15878 -0.0322401 0)
(1.15458 -0.0224708 0)
(1.15208 -0.0483945 0)
(1.14836 -0.0359336 0)
(1.14294 -0.0677054 0)
(1.13928 -0.0519303 0)
(1.1311 -0.0913624 0)
(1.12698 -0.0713663 0)
(1.11619 -0.120959 0)
(1.11097 -0.0955615 0)
(1.09786 -0.158619 0)
(1.09057 -0.126274 1.17919e-33)
(1.07583 -0.207264 0)
(1.06502 -0.165923 -1.17798e-33)
(1.04995 -0.270878 0)
(1.03345 -0.217878 0)
(1.02046 -0.354748 0)
(0.995033 -0.286737 0)
(0.988237 -0.465477 0)
(0.948512 -0.378567 0)
(0.953843 -0.607248 0)
(0.896199 -0.499861 0)
(0.904602 -0.726157 0)
(0.823625 -0.641211 0)
(0.742625 -0.627664 0)
(0.698755 -0.64847 -6.51184e-17)
(1.62454 -0.244527 0)
(0.431434 -0.346522 -1.91978e-17)
(0.424049 0 0)
(0 -0.23619 0)
(0.0476852 0 0)
(0 -0.019154 0)
(0.000438048 0 0)
(0 1.21161e-05 0)
(0.00118437 0 0)
(0 6.49146e-06 0)
(0.00347934 0 0)
(0 7.45347e-05 0)
(0.00986824 0 0)
(0 0.000126667 0)
(0.0651784 0 0)
(0 0.000377377 0)
(0.218162 0.00788232 -2.06759e-17)
(0 0.000869669 0)
(0.258681 0.0672238 -7.51015e-17)
(0.102294 -0.101375 -2.06759e-17)
(0.405574 0.22241 -5.44257e-17)
(0.262205 0.0755384 -5.05509e-17)
(0.605595 0.392783 0)
(0.403729 0.228386 8.53542e-18)
(0.763575 0.484895 0)
(0.56969 0.374035 0)
(0.885432 0.508469 0)
(0.707315 0.439873 0)
(0.978589 0.486584 0)
(0.825036 0.44933 0)
(1.04747 0.43548 0)
(0.920935 0.420927 0)
(1.09644 0.368693 0)
(0.996332 0.369351 0)
(1.12973 0.29839 0)
(1.05348 0.307218 0)
(1.15195 0.233231 0)
(1.09539 0.245184 0)
(1.16674 0.177393 0)
(1.12566 0.189449 0)
(1.17653 0.131986 0)
(1.14726 0.142727 0)
(1.18297 0.0964249 0)
(1.16247 0.105333 0)
(1.18716 0.0693154 0)
(1.17305 0.0763866 0)
(1.18982 0.0490818 0)
(1.18033 0.0545108 0)
(1.19148 0.0343337 0)
(1.18527 0.0383629 0)
(1.19253 0.0237493 0)
(1.18858 0.0267041 0)
(1.1931 0.0161934 0)
(1.19081 0.0183399 0)
(1.19338 0.0109124 0)
(1.19218 0.0124594 0)
(1.19359 0.00730249 0)
(1.1931 0.00841439 0)
(1.19371 0.00488058 0)
(1.19371 0.00563887 0)
(1.19375 0.0032587 0)
(1.19409 0.00377561 0)
(1.19373 0.00213932 0)
(1.19431 0.00248466 0)
(1.1937 0.00136828 0)
(1.19445 0.00160348 0)
(1.19364 0.000842779 0)
(1.1945 0.00101167 0)
(1.19358 0.000495818 0)
(1.19451 0.000619651 0)
(1.19352 0.000274368 0)
(1.1945 0.000363675 0)
(1.19346 0.000137651 0)
(1.19448 0.000199879 0)
(1.19342 5.75021e-05 0)
(1.19445 9.89811e-05 0)
(1.19338 1.53576e-05 0)
(1.19442 4.09704e-05 0)
(1.19335 -1.41404e-06 0)
(1.1944 1.24662e-05 0)
(1.19332 -7.20046e-07 0)
(1.19438 3.30141e-06 0)
(1.19331 1.33066e-05 0)
(1.19436 8.913e-06 0)
(1.19435 2.47564e-05 0)
(1.00158 0.00787172 0)
(1.00043 0.00318538 0)
(1.00633 0.015342 0)
(1.00295 0.00955877 0)
(1.0139 0.0218846 0)
(1.00867 0.0154094 0)
(1.0237 0.0271641 0)
(1.01697 0.020333 0)
(1.03513 0.0310954 0)
(1.02713 0.0241594 0)
(1.04762 0.0337395 0)
(1.03858 0.0268902 0)
(1.06068 0.0352224 0)
(1.05085 0.0286058 0)
(1.07392 0.0356907 0)
(1.06353 0.0294221 0)
(1.08695 0.0352723 0)
(1.07627 0.0294629 0)
(1.09947 0.0340537 0)
(1.08873 0.028819 0)
(1.11121 0.0320724 0)
(1.10062 0.0275376 0)
(1.12192 0.0293304 0)
(1.11171 0.0256282 0)
(1.13135 0.0258014 0)
(1.12173 0.0230748 0)
(1.13931 0.0214429 0)
(1.13046 0.019833 0)
(1.14559 0.0162083 0)
(1.13765 0.0158578 0)
(1.15001 0.0100572 0)
(1.14308 0.0110903 0)
(1.15231 0.00292328 0)
(1.14651 0.00554117 0)
(1.15227 -0.00530563 0)
(1.14769 -0.000887454 0)
(1.14967 -0.0148234 0)
(1.14629 -0.00834543 0)
(1.14424 -0.0259564 0)
(1.142 -0.0170434 0)
(1.13564 -0.0391763 0)
(1.13445 -0.027329 0)
(1.1234 -0.0551824 0)
(1.12316 -0.0396969 0)
(1.10692 -0.0750077 0)
(1.10744 -0.0548837 0)
(1.08533 -0.100104 1.17919e-33)
(1.08638 -0.0739709 0)
(1.05753 -0.132481 1.30911e-36)
(1.05874 -0.0984699 1.17919e-33)
(1.02211 -0.17496 -1.17798e-33)
(1.02288 -0.130501 -1.17798e-33)
(0.977294 -0.231457 0)
(0.976614 -0.173065 0)
(0.920865 -0.307247 0)
(0.917151 -0.230307 0)
(0.850011 -0.408091 0)
(0.840485 -0.307713 0)
(0.759224 -0.528216 0)
(0.745827 -0.409074 0)
(0.628947 -0.551749 -6.51184e-17)
(0.603017 -0.510933 0)
(0.400563 -0.32449 -8.43162e-17)
(0.423149 -0.412166 -2.27145e-16)
(0.742743 -0.0682237 -1.91978e-17)
(0.138878 0.40968 -1.91978e-17)
(0.0546584 0 0)
(0 -0.0135385 0)
(9.94264e-05 0 0)
(0 3.75454e-06 0)
(0.000208141 0 0)
(0 2.82359e-06 0)
(0.000497678 0 0)
(0 8.26627e-06 0)
(0.00109644 0 0)
(0 2.42952e-05 0)
(0.00284625 0 0)
(0 5.7248e-05 0)
(0.0092094 0 0)
(0 0.000135698 0)
(0.0615318 0 0)
(0 -1.74268e-05 0)
(0.20509 0.0136036 3.87478e-18)
(0 0.00157056 0)
(0.226794 0.0822947 1.24102e-17)
(0.103122 -0.0603103 3.87478e-18)
(0.361218 0.215476 8.53542e-18)
(0.257654 0.0946458 1.03157e-17)
(0.509867 0.332652 0)
(0.372858 0.225386 0)
(0.647433 0.3824 0)
(0.500495 0.302306 0)
(0.768471 0.384416 0)
(0.631876 0.328291 0)
(0.871216 0.355124 0)
(0.751934 0.318181 0)
(0.95498 0.307971 0)
(0.855296 0.285588 0)
(1.02048 0.254017 0)
(0.941528 0.241715 0)
(1.07005 0.201386 0)
(1.00908 0.195621 0)
(1.10679 0.154804 0)
(1.06107 0.152704 0)
(1.13352 0.116122 0)
(1.10009 0.116001 0)
(1.15268 0.0853659 0)
(1.12868 0.0861691 0)
(1.16626 0.0616699 0)
(1.14928 0.0628014 0)
(1.17576 0.0438721 0)
(1.16394 0.045012 0)
(1.18232 0.0308021 0)
(1.17422 0.031802 0)
(1.18683 0.0213655 0)
(1.18134 0.0221999 0)
(1.18986 0.0146628 0)
(1.18623 0.0153081 0)
(1.19186 0.00998369 0)
(1.18953 0.0104566 0)
(1.19319 0.00674557 0)
(1.19174 0.00708644 0)
(1.19406 0.0045257 0)
(1.19322 0.00476589 0)
(1.19465 0.00300443 0)
(1.1942 0.00319395 0)
(1.19502 0.00196076 0)
(1.19484 0.00211158 0)
(1.19525 0.00126431 0)
(1.19526 0.00137618 0)
(1.19537 0.000805545 0)
(1.19551 0.000887478 0)
(1.19543 0.000500118 0)
(1.19567 0.000557066 0)
(1.19546 0.000297886 0)
(1.19575 0.000337979 0)
(1.19546 0.000167009 0)
(1.19579 0.000196158 0)
(1.19545 8.63023e-05 0)
(1.19581 0.000107494 0)
(1.19544 4.06646e-05 0)
(1.19581 5.44758e-05 0)
(1.19543 1.88779e-05 0)
(1.1958 2.62847e-05 0)
(1.19541 1.39104e-05 0)
(1.1958 1.43971e-05 0)
(1.19541 2.08773e-05 0)
(1.19579 1.58272e-05 0)
(1.19579 2.45847e-05 0)
(1.00136 0.00496815 0)
(1.00038 0.00182975 0)
(1.00542 0.00970422 0)
(1.0026 0.00549042 0)
(1.01196 0.013898 0)
(1.00765 0.00887327 0)
(1.02054 0.0173333 0)
(1.01504 0.0117531 0)
(1.03068 0.0199355 0)
(1.02419 0.014021 0)
(1.04191 0.0217247 0)
(1.03463 0.0156638 0)
(1.05379 0.0227687 0)
(1.04593 0.0167197 0)
(1.06596 0.0231577 0)
(1.05773 0.0172486 0)
(1.0781 0.0229755 0)
(1.06968 0.0173243 0)
(1.08992 0.0222739 0)
(1.08149 0.0170001 0)
(1.10116 0.0210713 0)
(1.09288 0.0162993 0)
(1.11156 0.0193589 0)
(1.10363 0.0152249 0)
(1.12088 0.0171035 0)
(1.11346 0.0137602 0)
(1.12884 0.0142573 0)
(1.12213 0.0118695 0)
(1.13519 0.0107669 0)
(1.12934 0.00950687 0)
(1.13967 0.00662236 0)
(1.13481 0.00661826 0)
(1.142 0.00178294 0)
(1.13821 0.00320394 0)
(1.1418 -0.00386169 0)
(1.13926 -0.000687817 0)
(1.13873 -0.0104585 0)
(1.13761 -0.00527291 0)
(1.13236 -0.0182575 0)
(1.13274 -0.0106697 0)
(1.12215 -0.0276211 0)
(1.12415 -0.0171183 0)
(1.10739 -0.0390696 0)
(1.11118 -0.0249373 0)
(1.08711 -0.0533739 0)
(1.09291 -0.034608 0)
(1.05999 -0.0716457 0)
(1.06807 -0.0468466 0)
(1.0242 -0.0954619 0)
(1.03494 -0.0626765 4.96385e-33)
(0.977249 -0.127058 0)
(0.991127 -0.0835541 -5.00548e-33)
(0.915744 -0.169561 0)
(0.933334 -0.111559 0)
(0.835024 -0.22716 0)
(0.857044 -0.149587 0)
(0.728729 -0.303356 0)
(0.755923 -0.201417 0)
(0.588074 -0.385137 0)
(0.623983 -0.268418 0)
(0.402892 -0.36394 -1.62027e-16)
(0.424906 -0.325751 0)
(1.72362 -0.151995 -1.62027e-16)
(0.264077 -0.212116 -3.21117e-16)
(0.186586 0 0)
(0 -0.140299 0)
(3.56832e-05 0 0)
(0 1.49443e-06 0)
(6.22368e-05 0 0)
(0 -1.12778e-07 0)
(0.000142928 0 0)
(0 -3.47815e-09 0)
(0.00031102 0 0)
(0 5.49575e-06 0)
(0.000677868 0 0)
(0 8.88571e-06 0)
(0.00162609 0 0)
(0 1.49437e-05 0)
(0.004714 0 0)
(0 1.32933e-05 0)
(0.0177315 0 0)
(0 -5.1856e-05 0)
(0.0728788 0 0)
(0 0.000260588 0)
(0.260761 0.0233044 1.78026e-18)
(0 0.0131973 0)
(0.242937 0.102777 1.78026e-18)
(0.210033 0.0325536 -4.32555e-18)
(0.356674 0.197077 0)
(0.269425 0.111649 0)
(0.485984 0.249955 0)
(0.372549 0.172997 0)
(0.616321 0.262926 0)
(0.503463 0.197954 0)
(0.737378 0.249087 0)
(0.635616 0.197124 0)
(0.843191 0.219701 0)
(0.755166 0.179775 0)
(0.931152 0.183585 0)
(0.860096 0.153753 0)
(1.00116 0.147046 0)
(0.944428 0.125611 0)
(1.05508 0.113976 0)
(1.01176 0.0987834 0)
(1.09559 0.086095 0)
(1.06345 0.0754939 0)
(1.12541 0.0636427 0)
(1.102 0.0563452 0)
(1.147 0.0461773 0)
(1.13021 0.0412144 0)
(1.16238 0.0329723 0)
(1.15053 0.0296303 0)
(1.17319 0.0232241 0)
(1.16494 0.0209899 0)
(1.18071 0.0161624 0)
(1.17503 0.0146824 0)
(1.18587 0.0111271 0)
(1.18201 0.0101515 0)
(1.18937 0.00759169 0)
(1.18679 0.00695208 0)
(1.19174 0.00513998 0)
(1.19003 0.0047225 0)
(1.19332 0.00345784 0)
(1.19221 0.0031841 0)
(1.19438 0.00231095 0)
(1.19368 0.00213502 0)
(1.19507 0.00152753 0)
(1.19465 0.00141811 0)
(1.19552 0.00099561 0)
(1.19529 0.000929397 0)
(1.1958 0.000637441 0)
(1.19569 0.000602427 0)
(1.19598 0.00039768 0)
(1.19595 0.000382557 0)
(1.19608 0.000241089 0)
(1.19611 0.000236646 0)
(1.19613 0.000141402 0)
(1.19621 0.000141461 0)
(1.19616 7.93573e-05 0)
(1.19626 8.1067e-05 0)
(1.19617 4.28343e-05 0)
(1.19628 4.38916e-05 0)
(1.19617 2.38553e-05 0)
(1.19629 2.35344e-05 0)
(1.19617 1.77671e-05 0)
(1.1963 1.40469e-05 0)
(1.19618 2.02885e-05 0)
(1.1963 1.33918e-05 0)
(1.19631 1.75218e-05 0)
(1.00123 0.00240422 0)
(1.00036 0.000597138 0)
(1.00493 0.00470262 0)
(1.00242 0.0017898 0)
(1.01091 0.00675231 0)
(1.00717 0.00289817 0)
(1.01881 0.00844628 0)
(1.01414 0.00384924 0)
(1.02823 0.00974151 0)
(1.02282 0.00460061 0)
(1.03875 0.010643 0)
(1.03277 0.00514865 0)
(1.04996 0.0111802 0)
(1.04362 0.00550493 0)
(1.06152 0.0113955 0)
(1.05499 0.00568782 0)
(1.07313 0.0113302 0)
(1.06655 0.00572105 0)
(1.0845 0.0110093 0)
(1.07804 0.0056224 0)
(1.0954 0.0104403 0)
(1.08917 0.00539916 0)
(1.10558 0.00961671 0)
(1.09972 0.00505187 0)
(1.11476 0.00851865 0)
(1.10943 0.00457408 0)
(1.12268 0.00711417 0)
(1.11804 0.00395401 0)
(1.12901 0.00536327 0)
(1.12525 0.00317263 0)
(1.13342 0.00322528 0)
(1.13069 0.00221349 0)
(1.13561 0.000781101 0)
(1.13412 0.00101787 0)
(1.1352 -0.00203959 0)
(1.13485 -0.000287298 0)
(1.13174 -0.00541296 0)
(1.13305 -0.00181133 0)
(1.12471 -0.00942943 0)
(1.12786 -0.00363288 0)
(1.11342 -0.0142854 0)
(1.1187 -0.00583211 0)
(1.09699 -0.0202574 0)
(1.10484 -0.00850914 0)
(1.07421 -0.0277587 0)
(1.0852 -0.0118302 0)
(1.04342 -0.037393 4.96385e-33)
(1.05834 -0.0160471 0)
(1.00226 -0.0500266 -4.55224e-35)
(1.02223 -0.021522 4.96385e-33)
(0.947483 -0.0668946 -5.00548e-33)
(0.97408 -0.0287737 -5.00548e-33)
(0.874469 -0.0897289 0)
(0.909934 -0.0385438 0)
(0.776756 -0.120833 0)
(0.824264 -0.0518729 0)
(0.645543 -0.161585 0)
(0.709244 -0.0702037 0)
(0.47145 -0.19818 0)
(0.555063 -0.0943249 0)
(0.255517 -0.155625 -1.59091e-16)
(0.325459 -0.109819 0)
(1.22205 -0.049641 -1.59091e-16)
(0.210686 -0.051905 -1.59091e-16)
(0.0805227 0 0)
(0 -0.0239126 0)
(2.67913e-05 0 0)
(0 -4.65979e-08 0)
(5.31379e-05 0 0)
(0 -8.17199e-09 0)
(0.000117834 0 0)
(0 3.08372e-06 0)
(0.000213207 0 0)
(0 3.76058e-07 0)
(0.000465506 0 0)
(0 1.13694e-06 0)
(0.00111533 0 0)
(0 3.80575e-06 0)
(0.00326886 0 0)
(0 1.23594e-05 0)
(0.0114893 0 0)
(0 -1.49052e-05 0)
(0.0510648 0 0)
(0 -5.95448e-05 0)
(0.177762 0.00564832 -6.10581e-18)
(0 0.00150783 0)
(0.195201 0.0383313 -6.10581e-18)
(0.190564 0.00555644 -6.10581e-18)
(0.274867 0.0887088 0)
(0.225169 0.0319823 0)
(0.392048 0.122195 0)
(0.311565 0.0558154 0)
(0.524054 0.13303 0)
(0.438856 0.0659474 0)
(0.654449 0.128486 0)
(0.576079 0.0667281 0)
(0.772854 0.114536 0)
(0.70436 0.06137 0)
(0.873934 0.096257 0)
(0.816853 0.0526726 0)
(0.956314 0.0775311 0)
(0.909735 0.0432314 0)
(1.02091 0.0603843 0)
(0.985274 0.0341856 0)
(1.07019 0.0457968 0)
(1.04365 0.0262163 0)
(1.10693 0.0339564 0)
(1.08746 0.0196002 0)
(1.13379 0.0246974 0)
(1.11974 0.0143556 0)
(1.15309 0.0176722 0)
(1.14312 0.0103347 0)
(1.16675 0.0124701 0)
(1.15977 0.00732998 0)
(1.1763 0.00869249 0)
(1.17146 0.00513257 0)
(1.1829 0.00599448 0)
(1.17959 0.00355301 0)
(1.18741 0.00409681 0)
(1.18517 0.00243602 0)
(1.19048 0.00277832 0)
(1.18897 0.00165665 0)
(1.19254 0.0018717 0)
(1.19154 0.00111844 0)
(1.19393 0.00125218 0)
(1.19327 0.000750521 0)
(1.19485 0.000829779 0)
(1.19442 0.000499475 0)
(1.19545 0.000543883 0)
(1.19518 0.000328485 0)
(1.19584 0.000351641 0)
(1.19567 0.000213586 0)
(1.19608 0.000222787 0)
(1.19599 0.000136491 0)
(1.19623 0.000136962 0)
(1.19619 8.51579e-05 0)
(1.19632 8.11736e-05 0)
(1.19631 5.1246e-05 0)
(1.19637 4.62636e-05 0)
(1.19638 2.9974e-05 0)
(1.1964 2.54302e-05 0)
(1.19642 1.66941e-05 0)
(1.19642 1.43736e-05 0)
(1.19644 9.14557e-06 0)
(1.19643 1.0189e-05 0)
(1.19645 5.35137e-06 0)
(1.19643 1.11307e-05 0)
(1.19646 4.78658e-06 0)
(1.19648 6.06478e-06 0)
(1.00119 1.22472e-06 0)
(1.00036 -0.000594831 0)
(1.00477 1.74813e-06 0)
(1.00242 -0.00178717 0)
(1.01056 2.59023e-06 0)
(1.00717 -0.00289377 0)
(1.01825 3.4646e-06 0)
(1.01414 -0.00384328 0)
(1.02745 4.46628e-06 0)
(1.02282 -0.00459272 0)
(1.03773 5.49817e-06 0)
(1.03277 -0.0051387 0)
(1.04873 6.44754e-06 0)
(1.04362 -0.00549294 0)
(1.06009 7.18607e-06 0)
(1.05499 -0.00567409 0)
(1.07152 7.59161e-06 0)
(1.06655 -0.00570614 0)
(1.08275 7.55618e-06 0)
(1.07804 -0.00560709 0)
(1.09353 7.01099e-06 0)
(1.08917 -0.00538443 0)
(1.10363 5.94204e-06 0)
(1.09972 -0.00503876 0)
(1.11276 4.39077e-06 0)
(1.10943 -0.00456362 0)
(1.12066 2.46234e-06 0)
(1.11804 -0.00394708 0)
(1.12701 3.19419e-07 0)
(1.12525 -0.00316982 0)
(1.13144 -1.93238e-06 0)
(1.13069 -0.00221502 0)
(1.13348 -3.74574e-06 0)
(1.13412 -0.00102375 0)
(1.13291 -5.0703e-06 0)
(1.13485 0.00027823 0)
(1.1293 -6.1559e-06 0)
(1.13305 0.00179972 0)
(1.12205 -6.73349e-06 0)
(1.12786 0.00361963 0)
(1.1104 -6.71556e-06 0)
(1.11871 0.00581826 0)
(1.09339 -6.0428e-06 0)
(1.10484 0.00849595 0)
(1.06974 -4.68278e-06 0)
(1.0852 0.011819 0)
(1.03766 -2.65163e-06 0)
(1.05834 0.0160392 0)
(0.994619 -1.66516e-07 0)
(1.02224 0.0215187 0)
(0.937071 2.19716e-06 0)
(0.974084 0.0287754 0)
(0.859979 2.20845e-06 0)
(0.909938 0.0385495 0)
(0.756231 -2.98925e-06 0)
(0.82427 0.0518751 0)
(0.615839 -1.59916e-05 0)
(0.709249 0.0701888 0)
(0.42724 -3.04094e-05 0)
(0.555071 0.0942735 0)
(0.207679 -2.25567e-05 0)
(0.325458 0.109742 0)
(1.05465 -4.56565e-06 0)
(0.210685 0.0518794 1.5903e-16)
(0.0599021 0 0)
(0 0.0239422 0)
(2.35534e-05 0 0)
(0 4.71017e-08 0)
(5.44712e-05 0 0)
(0 2.17382e-08 0)
(9.46944e-05 0 0)
(0 -3.84946e-06 0)
(0.00019852 0 0)
(0 -3.98952e-07 0)
(0.000438602 0 0)
(0 -1.14232e-06 0)
(0.000946447 0 0)
(0 -3.80402e-06 0)
(0.00247636 0 0)
(0 -1.23543e-05 0)
(0.00821061 0 0)
(0 1.49178e-05 0)
(0.0464553 0 0)
(0 0.000171002 0)
(0.151651 -2.36455e-06 0)
(0 -0.00194131 0)
(0.185077 -1.13872e-05 0)
(0.190553 -0.00557229 6.11754e-18)
(0.249079 -1.11243e-05 0)
(0.225148 -0.0320204 0)
(0.360718 6.23936e-06 0)
(0.311534 -0.055824 0)
(0.492587 2.11475e-05 0)
(0.438829 -0.0659217 0)
(0.626002 2.45887e-05 0)
(0.576059 -0.0666878 0)
(0.748704 2.11319e-05 0)
(0.70435 -0.0613322 0)
(0.85402 1.71944e-05 0)
(0.816844 -0.0526432 0)
(0.940456 1.34098e-05 0)
(0.909735 -0.0432044 0)
(1.00881 9.49214e-06 0)
(0.985273 -0.034166 0)
(1.06122 6.55089e-06 0)
(1.04365 -0.0262015 0)
(1.10041 4.18975e-06 0)
(1.08746 -0.0195902 0)
(1.12912 2.35552e-06 0)
(1.11974 -0.0143496 0)
(1.14979 1.06878e-06 0)
(1.14312 -0.0103316 0)
(1.16445 2.83081e-07 0)
(1.15977 -0.00732886 0)
(1.17471 -8.82445e-08 0)
(1.17146 -0.00513247 0)
(1.18182 -1.59842e-07 0)
(1.17959 -0.00355329 0)
(1.18669 -4.52733e-08 0)
(1.18517 -0.00243618 0)
(1.19 1.49895e-07 0)
(1.18897 -0.00165648 0)
(1.19224 3.443e-07 0)
(1.19154 -0.00111786 0)
(1.19374 4.93396e-07 0)
(1.19327 -0.000749608 0)
(1.19474 5.79999e-07 0)
(1.19442 -0.000498329 0)
(1.19539 6.06885e-07 0)
(1.19518 -0.000327252 0)
(1.19582 5.85385e-07 0)
(1.19567 -0.000212356 0)
(1.19609 5.24464e-07 0)
(1.19599 -0.000135359 0)
(1.19626 4.28828e-07 0)
(1.19619 -8.41851e-05 0)
(1.19636 3.01198e-07 0)
(1.19631 -5.05072e-05 0)
(1.19642 1.46142e-07 0)
(1.19638 -2.95158e-05 0)
(1.19645 -3.55843e-08 0)
(1.19642 -1.65731e-05 0)
(1.19647 -2.45304e-07 0)
(1.19644 -9.42285e-06 0)
(1.19648 -4.55373e-07 0)
(1.19645 -6.07154e-06 0)
(1.19649 -7.02928e-07 0)
(1.19646 -5.90333e-06 0)
(1.19648 -7.78671e-06 0)
(1.00123 -0.00240177 0)
(1.00038 -0.00182747 0)
(1.00493 -0.00469912 0)
(1.0026 -0.00548783 0)
(1.01091 -0.00674715 0)
(1.00765 -0.00886892 0)
(1.01881 -0.00843938 0)
(1.01504 -0.0117472 0)
(1.02823 -0.00973262 0)
(1.02419 -0.0140132 0)
(1.03875 -0.010632 0)
(1.03463 -0.015654 0)
(1.04996 -0.0111674 0)
(1.04593 -0.0167078 0)
(1.06152 -0.0113812 0)
(1.05773 -0.0172351 0)
(1.07313 -0.0113151 0)
(1.06968 -0.0173096 0)
(1.08451 -0.0109944 0)
(1.08149 -0.0169851 0)
(1.09541 -0.0104265 0)
(1.09289 -0.0162849 0)
(1.10558 -0.00960503 0)
(1.10363 -0.0152122 0)
(1.11477 -0.00851006 0)
(1.11347 -0.0137501 0)
(1.12268 -0.00710938 0)
(1.12213 -0.0118629 0)
(1.12902 -0.00536267 0)
(1.12934 -0.00950429 0)
(1.13342 -0.00322885 0)
(1.13481 -0.00661989 0)
(1.13561 -0.000788435 0)
(1.13821 -0.0032096 0)
(1.13521 0.00202921 0)
(1.13926 0.000678783 0)
(1.13175 0.00540046 0)
(1.13761 0.00526129 0)
(1.12471 0.00941585 0)
(1.13274 0.0106564 0)
(1.11342 0.0142718 0)
(1.12415 0.0171044 0)
(1.097 0.0202452 0)
(1.11118 0.0249239 0)
(1.07422 0.027749 0)
(1.09291 0.0345964 0)
(1.04342 0.0373872 0)
(1.06808 0.0468379 0)
(1.00227 0.0500255 0)
(1.03495 0.0626719 0)
(0.947491 0.0668979 0)
(0.991137 0.083554 0)
(0.874479 0.0897326 0)
(0.933345 0.111562 0)
(0.776767 0.120827 0)
(0.85706 0.149587 0)
(0.645555 0.161553 0)
(0.755938 0.201402 0)
(0.471456 0.19812 0)
(0.624001 0.268372 0)
(0.25551 0.155572 1.5903e-16)
(0.424909 0.325687 0)
(1.22211 0.0496228 1.5903e-16)
(0.264074 0.212084 3.21061e-16)
(0.0805344 0 0)
(0 0.140234 0)
(2.66466e-05 0 0)
(0 -1.49178e-06 0)
(5.24222e-05 0 0)
(0 1.2371e-07 0)
(0.00011761 0 0)
(0 3.33383e-08 0)
(0.000213207 0 0)
(0 -5.49667e-06 0)
(0.000465516 0 0)
(0 -8.87929e-06 0)
(0.00111539 0 0)
(0 -1.49319e-05 0)
(0.00326657 0 0)
(0 -1.3264e-05 0)
(0.0115555 0 0)
(0 5.19519e-05 0)
(0.0509551 0 0)
(0 -0.000171683 0)
(0.177718 -0.00564776 6.11754e-18)
(0 -0.0131798 0)
(0.195189 -0.0383441 6.11754e-18)
(0.210027 -0.0325387 4.33546e-18)
(0.274813 -0.0887284 0)
(0.269404 -0.111645 0)
(0.391986 -0.122193 0)
(0.372507 -0.172997 0)
(0.524005 -0.133006 0)
(0.503426 -0.197941 0)
(0.654419 -0.128456 0)
(0.635589 -0.197102 0)
(0.772836 -0.114509 0)
(0.755158 -0.17975 0)
(0.873925 -0.0962333 0)
(0.860088 -0.153733 0)
(0.956311 -0.0775106 0)
(0.944434 -0.12559 0)
(1.02091 -0.0603685 0)
(1.01176 -0.0987666 0)
(1.07019 -0.0457851 0)
(1.06345 -0.0754808 0)
(1.10694 -0.0339487 0)
(1.102 -0.0563358 0)
(1.13379 -0.024693 0)
(1.13021 -0.0412086 0)
(1.15309 -0.0176701 0)
(1.15054 -0.0296271 0)
(1.16675 -0.0124695 0)
(1.16495 -0.0209885 0)
(1.1763 -0.00869249 0)
(1.17504 -0.0146819 0)
(1.1829 -0.0059946 0)
(1.18202 -0.0101513 0)
(1.18741 -0.00409672 0)
(1.18679 -0.00695184 0)
(1.19048 -0.00277787 0)
(1.19003 -0.00472198 0)
(1.19254 -0.00187089 0)
(1.19222 -0.00318326 0)
(1.19393 -0.00125111 0)
(1.19368 -0.00213392 0)
(1.19485 -0.000828564 0)
(1.19465 -0.00141683 0)
(1.19545 -0.000542639 0)
(1.19528 -0.000928081 0)
(1.19584 -0.000350456 0)
(1.19569 -0.000601151 0)
(1.19608 -0.000221735 0)
(1.19595 -0.000381412 0)
(1.19623 -0.000136111 0)
(1.19611 -0.000235687 0)
(1.19632 -8.05802e-05 0)
(1.1962 -0.000140739 0)
(1.19637 -4.59781e-05 0)
(1.19626 -8.06312e-05 0)
(1.1964 -2.55145e-05 0)
(1.19628 -4.37973e-05 0)
(1.19642 -1.4879e-05 0)
(1.19629 -2.38256e-05 0)
(1.19642 -1.11169e-05 0)
(1.1963 -1.47875e-05 0)
(1.19643 -1.25627e-05 0)
(1.1963 -1.4529e-05 0)
(1.19631 -1.92529e-05 0)
(1.00136 -0.00496574 0)
(1.00043 -0.00318316 0)
(1.00542 -0.00970079 0)
(1.00295 -0.00955625 0)
(1.01196 -0.013893 0)
(1.00867 -0.0154051 0)
(1.02054 -0.0173266 0)
(1.01697 -0.0203273 0)
(1.03068 -0.0199268 0)
(1.02713 -0.0241519 0)
(1.04191 -0.021714 0)
(1.03858 -0.0268807 0)
(1.05379 -0.0227562 0)
(1.05085 -0.0285943 0)
(1.06597 -0.0231438 0)
(1.06353 -0.029409 0)
(1.07811 -0.0229609 0)
(1.07628 -0.0294488 0)
(1.08993 -0.0222595 0)
(1.08873 -0.0288046 0)
(1.10116 -0.0210581 0)
(1.10062 -0.0275239 0)
(1.11157 -0.0193478 0)
(1.11171 -0.0256162 0)
(1.12088 -0.0170954 0)
(1.12174 -0.0230653 0)
(1.12885 -0.0142529 0)
(1.13046 -0.0198269 0)
(1.1352 -0.0107665 0)
(1.13766 -0.0158556 0)
(1.13967 -0.00662603 0)
(1.14309 -0.011092 0)
(1.14201 -0.0017903 0)
(1.14652 -0.00554682 0)
(1.14181 0.00385137 0)
(1.1477 0.000878472 0)
(1.13874 0.0104461 0)
(1.1463 0.00833389 0)
(1.13236 0.0182439 0)
(1.14201 0.0170301 0)
(1.12215 0.0276074 0)
(1.13446 0.0273151 0)
(1.10739 0.039057 0)
(1.12316 0.0396834 0)
(1.08712 0.0533634 0)
(1.10744 0.0548715 0)
(1.06 0.0716384 0)
(1.08639 0.073961 0)
(1.02421 0.0954585 0)
(1.05875 0.0984631 0)
(0.977263 0.127058 0)
(1.02289 0.130498 0)
(0.915762 0.169561 0)
(0.976631 0.173063 0)
(0.835046 0.227152 0)
(0.917174 0.230304 0)
(0.72875 0.303326 0)
(0.840509 0.307698 0)
(0.588087 0.385086 0)
(0.745851 0.409035 0)
(0.402886 0.363895 1.62031e-16)
(0.603028 0.510887 0)
(1.72365 0.15198 1.62031e-16)
(0.423144 0.412141 2.27151e-16)
(0.18667 0 0)
(0.138877 -0.409697 1.91983e-17)
(3.56729e-05 0 0)
(0 0.013538 0)
(6.22409e-05 0 0)
(0 -3.75295e-06 0)
(0.000142926 0 0)
(0 -2.81004e-06 0)
(0.000311034 0 0)
(0 -8.25895e-06 0)
(0.0006779 0 0)
(0 -2.42776e-05 0)
(0.00162618 0 0)
(0 -5.72071e-05 0)
(0.00471421 0 0)
(0 -0.000135628 0)
(0.0177304 0 0)
(0 1.78286e-05 0)
(0.0729398 0 0)
(0 -0.00158494 0)
(0.260769 -0.0232962 -1.78208e-18)
(0.103123 0.0603141 -3.8747e-18)
(0.242939 -0.102759 -1.78208e-18)
(0.257663 -0.0946393 -1.03035e-17)
(0.356666 -0.197061 0)
(0.372868 -0.225373 0)
(0.485963 -0.249942 0)
(0.500492 -0.302294 0)
(0.616304 -0.262913 0)
(0.631878 -0.328282 0)
(0.737373 -0.249072 0)
(0.751939 -0.318171 0)
(0.843195 -0.219684 0)
(0.855311 -0.285571 0)
(0.931159 -0.183567 0)
(0.941539 -0.241697 0)
(1.00117 -0.147029 0)
(1.00909 -0.195603 0)
(1.05509 -0.113962 0)
(1.06109 -0.152687 0)
(1.0956 -0.0860841 0)
(1.1001 -0.115988 0)
(1.12542 -0.0636352 0)
(1.12868 -0.0861591 0)
(1.14701 -0.0461726 0)
(1.14929 -0.0627948 0)
(1.16239 -0.0329697 0)
(1.16394 -0.045008 0)
(1.1732 -0.0232228 0)
(1.17422 -0.0317996 0)
(1.18072 -0.0161617 0)
(1.18135 -0.0221984 0)
(1.18587 -0.0111266 0)
(1.18624 -0.015307 0)
(1.18937 -0.00759103 0)
(1.18953 -0.0104555 0)
(1.19174 -0.00513906 0)
(1.19174 -0.00708522 0)
(1.19332 -0.0034567 0)
(1.19322 -0.00476454 0)
(1.19438 -0.00230965 0)
(1.1942 -0.00319249 0)
(1.19507 -0.00152616 0)
(1.19484 -0.00211007 0)
(1.19552 -0.000994263 0)
(1.19526 -0.00137472 0)
(1.1958 -0.000636207 0)
(1.19551 -0.000886118 0)
(1.19598 -0.00039663 0)
(1.19566 -0.000555888 0)
(1.19608 -0.000240265 0)
(1.19575 -0.000337032 0)
(1.19613 -0.000140846 0)
(1.19579 -0.000195476 0)
(1.19616 -7.91188e-05 0)
(1.19581 -0.000107112 0)
(1.19617 -4.29537e-05 0)
(1.19581 -5.44357e-05 0)
(1.19617 -2.43865e-05 0)
(1.1958 -2.66156e-05 0)
(1.19617 -1.87167e-05 0)
(1.1958 -1.51679e-05 0)
(1.19617 -2.17271e-05 0)
(1.19579 -1.69884e-05 0)
(1.19579 -2.6309e-05 0)
(1.00158 -0.00786941 0)
(1.00052 -0.00476505 0)
(1.00633 -0.0153387 0)
(1.00356 -0.0143076 0)
(1.0139 -0.0218797 0)
(1.01042 -0.0229722 0)
(1.0237 -0.0271576 0)
(1.02026 -0.0301308 0)
(1.03513 -0.0310869 0)
(1.03209 -0.0355768 0)
(1.04762 -0.0337292 0)
(1.04519 -0.0393696 0)
(1.06068 -0.0352104 0)
(1.05901 -0.0416611 0)
(1.07392 -0.0356774 0)
(1.0731 -0.0426429 0)
(1.08695 -0.0352584 0)
(1.08701 -0.0424836 0)
(1.09948 -0.0340401 0)
(1.10036 -0.0413267 0)
(1.11122 -0.03206 0)
(1.11289 -0.0392666 0)
(1.12192 -0.0293201 0)
(1.12434 -0.0363204 0)
(1.13136 -0.025794 0)
(1.13446 -0.0325027 0)
(1.13931 -0.021439 0)
(1.14309 -0.0277798 0)
(1.1456 -0.0162083 0)
(1.15005 -0.0221396 0)
(1.15001 -0.0100609 0)
(1.15521 -0.0155095 0)
(1.15232 -0.00293058 0)
(1.15839 -0.00784891 0)
(1.15228 0.00529543 0)
(1.15943 0.000919512 0)
(1.14968 0.0148111 0)
(1.15821 0.0109319 0)
(1.14425 0.0259429 0)
(1.15459 0.0224579 0)
(1.13565 0.0391626 0)
(1.14837 0.0359199 0)
(1.12341 0.0551693 0)
(1.13928 0.0519167 0)
(1.10693 0.0749962 0)
(1.12699 0.0713536 0)
(1.08534 0.100094 0)
(1.11098 0.0955504 0)
(1.05754 0.132474 0)
(1.09058 0.126265 0)
(1.02212 0.174955 0)
(1.06503 0.165916 0)
(0.977316 0.231452 0)
(1.03347 0.217871 0)
(0.920892 0.307237 0)
(0.995056 0.286728 0)
(0.850038 0.408067 0)
(0.948538 0.378551 0)
(0.759245 0.528178 0)
(0.896228 0.499828 0)
(0.628952 0.551715 6.51199e-17)
(0.823643 0.64118 0)
(0.400562 0.324475 8.43182e-17)
(0.698754 0.648456 6.51199e-17)
(0.742748 0.0682223 1.91983e-17)
(0.431429 0.34652 1.91983e-17)
(0.0546593 0 0)
(0 0.236206 0)
(9.94738e-05 0 0)
(0 0.0191521 0)
(0.000208164 0 0)
(0 -1.21086e-05 0)
(0.00049771 0 0)
(0 -6.47843e-06 0)
(0.00109656 0 0)
(0 -7.44657e-05 0)
(0.00284677 0 0)
(0 -0.000126587 0)
(0.00921039 0 0)
(0 -0.000376925 0)
(0.0615521 0 0)
(0 -0.000876354 0)
(0.20509 -0.0136036 -3.8747e-18)
(0.102293 0.101379 2.06793e-17)
(0.226799 -0.0822928 -1.23962e-17)
(0.262212 -0.0755479 5.05533e-17)
(0.361231 -0.215468 -8.52146e-18)
(0.403742 -0.22839 -8.52146e-18)
(0.509885 -0.33264 0)
(0.569719 -0.374028 0)
(0.647454 -0.382391 0)
(0.707343 -0.439863 0)
(0.768494 -0.38441 0)
(0.825065 -0.449322 0)
(0.871241 -0.355115 0)
(0.920961 -0.420918 0)
(0.955004 -0.307956 0)
(0.996355 -0.369335 0)
(1.0205 -0.253998 0)
(1.0535 -0.307196 0)
(1.07006 -0.201368 0)
(1.0954 -0.245162 0)
(1.1068 -0.154787 0)
(1.12567 -0.189429 0)
(1.13353 -0.116109 0)
(1.14727 -0.142711 0)
(1.15269 -0.0853569 0)
(1.16248 -0.105322 0)
(1.16627 -0.0616639 0)
(1.17306 -0.0763788 0)
(1.17577 -0.0438682 0)
(1.18034 -0.0545055 0)
(1.18233 -0.0307995 0)
(1.18528 -0.0383591 0)
(1.18683 -0.0213635 0)
(1.18858 -0.0267011 0)
(1.18986 -0.0146611 0)
(1.19081 -0.0183373 0)
(1.19186 -0.00998209 0)
(1.19218 -0.0124571 0)
(1.19319 -0.00674392 0)
(1.1931 -0.00841225 0)
(1.19406 -0.00452403 0)
(1.19371 -0.00563683 0)
(1.19464 -0.00300276 0)
(1.19409 -0.0037737 0)
(1.19502 -0.00195916 0)
(1.19431 -0.00248285 0)
(1.19524 -0.00126283 0)
(1.19445 -0.00160183 0)
(1.19537 -0.000804248 0)
(1.1945 -0.00101022 0)
(1.19543 -0.000499052 0)
(1.19451 -0.000618438 0)
(1.19546 -0.000297086 0)
(1.1945 -0.000362743 0)
(1.19546 -0.000166502 0)
(1.19448 -0.000199247 0)
(1.19545 -8.61189e-05 0)
(1.19445 -9.86682e-05 0)
(1.19544 -4.08376e-05 0)
(1.19442 -4.10007e-05 0)
(1.19542 -1.94509e-05 0)
(1.1944 -1.28657e-05 0)
(1.19541 -1.48921e-05 0)
(1.19438 -4.10648e-06 0)
(1.19541 -2.23214e-05 0)
(1.19436 -1.00998e-05 0)
(1.19435 -2.64559e-05 0)
(1.00196 -0.0113589 0)
(1.00066 -0.00672648 0)
(1.00785 -0.0220606 0)
(1.00457 -0.020197 0)
(1.0171 -0.0312754 0)
(1.01331 -0.0322169 0)
(1.02884 -0.0385462 0)
(1.02558 -0.0418784 0)
(1.04227 -0.0438215 0)
(1.03997 -0.0490054 0)
(1.05669 -0.0472484 0)
(1.05551 -0.0537876 0)
(1.07152 -0.0490353 0)
(1.07153 -0.0564926 0)
(1.08626 -0.0493883 0)
(1.08747 -0.0573802 0)
(1.10046 -0.0484976 0)
(1.10278 -0.0566885 0)
(1.11382 -0.0465098 0)
(1.11705 -0.0546807 0)
(1.12605 -0.0434889 0)
(1.13004 -0.0515014 0)
(1.1369 -0.0394708 0)
(1.14153 -0.0471725 0)
(1.14622 -0.0344816 0)
(1.15124 -0.0418155 0)
(1.15385 -0.0285129 0)
(1.15922 -0.0354113 0)
(1.1597 -0.0214982 0)
(1.16537 -0.0279936 0)
(1.16364 -0.0133553 0)
(1.16965 -0.0194451 0)
(1.16555 -0.0040618 0)
(1.17201 -0.00976431 0)
(1.16542 0.00645781 0)
(1.17249 0.00105514 0)
(1.16319 0.01843 0)
(1.1712 0.0131583 0)
(1.15879 0.032227 0)
(1.16819 0.0268558 0)
(1.15209 0.0483811 0)
(1.16342 0.0426219 0)
(1.14295 0.0676923 0)
(1.15687 0.0610614 0)
(1.13111 0.0913501 0)
(1.14855 0.0831904 0)
(1.1162 0.120948 0)
(1.13834 0.110463 0)
(1.09787 0.158609 0)
(1.12608 0.144591 0)
(1.07584 0.207255 0)
(1.11184 0.18795 0)
(1.04996 0.270867 0)
(1.09596 0.243748 0)
(1.02048 0.354733 0)
(1.07931 0.316212 0)
(0.988263 0.465453 0)
(1.06334 0.410767 0)
(0.953866 0.607222 0)
(1.05222 0.534225 0)
(0.904613 0.726144 0)
(1.04724 0.690434 0)
(0.742625 0.627657 0)
(1.02988 0.810443 0)
(1.6245 0.244523 0)
(0.864868 0.668237 0)
(0.424042 0 0)
(0.439123 -0.351315 0)
(0.0476833 0 0)
(0.224633 -0.109176 5.87018e-18)
(0.000438113 0 0)
(0 0.0601674 0)
(0.00118455 0 0)
(0 0.00971284 0)
(0.00347999 0 0)
(0 -0.00228249 0)
(0.00986924 0 0)
(0 -0.0122074 0)
(0.065191 0 0)
(0 -0.0107094 0)
(0.218183 -0.00788059 2.06793e-17)
(0.151989 0.13343 -3.98258e-17)
(0.258663 -0.0672228 7.51072e-17)
(0.333975 -0.0774197 3.86969e-17)
(0.405597 -0.222413 5.4428e-17)
(0.513083 -0.235942 5.4428e-17)
(0.605621 -0.392785 0)
(0.723613 -0.428413 0)
(0.76361 -0.484891 0)
(0.881034 -0.532017 0)
(0.88547 -0.508461 0)
(0.990494 -0.561723 0)
(0.978621 -0.486575 0)
(1.07006 -0.542473 0)
(1.04749 -0.435464 0)
(1.12378 -0.489792 0)
(1.09646 -0.36867 0)
(1.15719 -0.418303 0)
(1.12975 -0.298364 0)
(1.17655 -0.34048 0)
(1.15196 -0.233208 0)
(1.18702 -0.267373 0)
(1.16675 -0.177374 0)
(1.19233 -0.204219 0)
(1.17654 -0.131972 0)
(1.19471 -0.152503 0)
(1.18298 -0.096415 0)
(1.19547 -0.111762 0)
(1.18717 -0.0693082 0)
(1.19533 -0.0805671 0)
(1.18982 -0.0490765 0)
(1.1949 -0.0571621 0)
(1.19149 -0.0343295 0)
(1.1943 -0.0400269 0)
(1.19253 -0.0237457 0)
(1.19366 -0.0277416 0)
(1.1931 -0.0161903 0)
(1.19312 -0.0189056 0)
(1.19338 -0.0109097 0)
(1.19258 -0.0127422 0)
(1.19359 -0.00729995 0)
(1.19227 -0.00861684 0)
(1.19371 -0.00487833 0)
(1.19198 -0.0057567 0)
(1.19375 -0.00325668 0)
(1.19173 -0.00381125 0)
(1.19373 -0.00213748 0)
(1.19152 -0.00246976 0)
(1.19369 -0.00136665 0)
(1.19133 -0.00156323 0)
(1.19364 -0.00084141 0)
(1.19117 -0.000955894 0)
(1.19358 -0.000494738 0)
(1.19104 -0.000556812 0)
(1.19352 -0.000273604 0)
(1.19093 -0.000302014 0)
(1.19346 -0.000137215 0)
(1.19085 -0.000144215 0)
(1.19342 -5.74027e-05 0)
(1.19078 -5.14009e-05 0)
(1.19338 -1.56139e-05 0)
(1.19072 -2.00457e-06 0)
(1.19335 7.82546e-07 0)
(1.19068 1.79366e-05 0)
(1.19332 -2.91985e-07 0)
(1.19065 1.88719e-05 0)
(1.19331 -1.47478e-05 0)
(1.19062 5.72267e-06 0)
(1.1906 -1.94635e-05 0)
(1.0026 -0.0158104 0)
(1.00091 -0.00932439 0)
(1.01035 -0.0305194 0)
(1.0063 -0.0279502 0)
(1.02224 -0.0428661 0)
(1.01809 -0.0441066 0)
(1.03695 -0.0523058 0)
(1.03416 -0.0565872 0)
(1.05333 -0.0589065 0)
(1.05227 -0.065388 0)
(1.07045 -0.0629474 0)
(1.07109 -0.07091 0)
(1.08757 -0.0647369 0)
(1.08978 -0.0736071 0)
(1.10405 -0.0645744 0)
(1.10765 -0.0738622 0)
(1.11939 -0.0627797 0)
(1.12402 -0.0720259 0)
(1.1333 -0.0596071 0)
(1.13844 -0.0685871 0)
(1.14555 -0.0551359 0)
(1.15088 -0.063759 0)
(1.15588 -0.0494582 0)
(1.16131 -0.0574974 0)
(1.16424 -0.0426763 0)
(1.16937 -0.0501818 0)
(1.17076 -0.034855 0)
(1.17559 -0.0419238 0)
(1.17537 -0.0259664 0)
(1.17967 -0.0326052 0)
(1.17805 -0.015932 0)
(1.18198 -0.0221241 0)
(1.17895 -0.00475963 0)
(1.18278 -0.0106635 0)
(1.1783 0.00760735 0)
(1.18234 0.00170379 0)
(1.17624 0.0213928 0)
(1.18076 0.0152144 0)
(1.17285 0.0370088 0)
(1.17829 0.0302435 0)
(1.16818 0.0549938 0)
(1.17504 0.0472989 0)
(1.16245 0.0761386 0)
(1.17126 0.0667853 0)
(1.15574 0.101703 0)
(1.16716 0.0899007 0)
(1.14801 0.133292 0)
(1.1632 0.1182 0)
(1.13959 0.172875 0)
(1.15935 0.153007 0)
(1.13111 0.223057 0)
(1.15635 0.196429 0)
(1.12372 0.28724 0)
(1.15542 0.25114 0)
(1.11953 0.369762 0)
(1.15858 0.320401 0)
(1.12216 0.476072 0)
(1.16904 0.408136 0)
(1.13747 0.611803 0)
(1.19243 0.518917 0)
(1.17104 0.766631 0)
(1.23604 0.656865 0)
(1.17358 0.833038 0)
(1.30583 0.807905 0)
(1.01467 0.659971 0)
(1.33486 0.827143 0)
(0.71991 0.312578 5.87018e-18)
(1.20378 0.66211 0)
(0.539046 0.0628518 5.87018e-18)
(0.903353 0.325798 6.02201e-18)
(0.319244 0 0)
(0.528431 -0.15207 -2.80415e-19)
(0.140038 0 0)
(0.364145 0.0508066 0)
(0.115691 0 0)
(0.257482 0.151184 6.85168e-18)
(0.147383 0 0)
(0.296347 0.197888 1.05207e-17)
(0.349403 -0.0213392 -3.98258e-17)
(0.3777 0.259046 0)
(0.399086 -0.100858 -2.18082e-17)
(0.597096 -0.132756 -4.82198e-17)
(0.557541 -0.268094 1.80177e-17)
(0.805309 -0.313961 1.80177e-17)
(0.817416 -0.459391 0)
(1.01485 -0.495817 0)
(0.995763 -0.575361 0)
(1.17371 -0.606759 0)
(1.10606 -0.611723 0)
(1.2604 -0.642316 0)
(1.1763 -0.596686 0)
(1.30405 -0.63196 0)
(1.21643 -0.546164 0)
(1.32152 -0.582608 0)
(1.23472 -0.472842 0)
(1.318 -0.508083 0)
(1.23875 -0.390246 0)
(1.30229 -0.422329 0)
(1.23507 -0.309673 0)
(1.28205 -0.336797 0)
(1.22824 -0.238632 0)
(1.26204 -0.260548 0)
(1.22079 -0.179617 0)
(1.24426 -0.196768 0)
(1.21387 -0.132508 0)
(1.22938 -0.145583 0)
(1.20792 -0.0960475 0)
(1.21744 -0.10581 0)
(1.2031 -0.0685195 0)
(1.20809 -0.0757556 0)
(1.19936 -0.048221 0)
(1.20108 -0.0534217 0)
(1.19644 -0.0335347 0)
(1.19578 -0.0371029 0)
(1.1942 -0.0229426 0)
(1.19183 -0.0255028 0)
(1.19258 -0.0154764 0)
(1.18904 -0.0172872 0)
(1.19145 -0.010488 0)
(1.187 -0.011606 0)
(1.19062 -0.00712067 0)
(1.18558 -0.00779387 0)
(1.19 -0.00473378 0)
(1.1845 -0.00513084 0)
(1.1895 -0.00306521 0)
(1.1837 -0.00330947 0)
(1.1891 -0.00192979 0)
(1.1831 -0.00207795 0)
(1.1888 -0.0011774 0)
(1.18266 -0.00126059 0)
(1.18857 -0.000686866 0)
(1.18233 -0.000724381 0)
(1.18839 -0.00037343 0)
(1.18209 -0.000380483 0)
(1.18826 -0.000178592 0)
(1.18191 -0.000167427 0)
(1.18816 -6.27388e-05 0)
(1.18178 -4.17102e-05 0)
(1.18808 6.17174e-07 0)
(1.18168 2.6227e-05 0)
(1.18802 2.89621e-05 0)
(1.18161 5.63177e-05 0)
(1.18798 3.41749e-05 0)
(1.18156 6.13379e-05 0)
(1.18794 2.37185e-05 0)
(1.18152 5.03765e-05 0)
(1.18792 4.05712e-07 0)
(1.18149 2.80336e-05 0)
(1.18147 -6.51289e-06 0)
(1.00374 -0.0218678 0)
(1.00138 -0.0130607 0)
(1.01461 -0.0417641 0)
(1.00944 -0.0388192 0)
(1.03068 -0.0578435 0)
(1.02633 -0.0601782 0)
(1.04977 -0.0695696 0)
(1.0481 -0.0756767 0)
(1.07014 -0.077239 0)
(1.07109 -0.0857654 0)
(1.09051 -0.0814111 0)
(1.09346 -0.0912746 0)
(1.10995 -0.082594 0)
(1.11421 -0.0930524 0)
(1.12769 -0.0812017 0)
(1.13253 -0.0915937 0)
(1.14305 -0.0777404 0)
(1.14798 -0.0873885 0)
(1.15601 -0.0726572 0)
(1.16008 -0.0815525 0)
(1.16668 -0.0661186 0)
(1.16948 -0.0744238 0)
(1.17484 -0.0584025 0)
(1.1765 -0.0656625 0)
(1.18066 -0.0497084 0)
(1.1812 -0.0559993 0)
(1.18445 -0.0398326 0)
(1.18365 -0.0457101 0)
(1.18632 -0.0287852 0)
(1.18437 -0.034477 0)
(1.18674 -0.0168894 0)
(1.18382 -0.0225444 0)
(1.18614 -0.00431366 0)
(1.18243 -0.0100668 0)
(1.18478 0.00913358 0)
(1.18064 0.00306511 0)
(1.18282 0.0238218 0)
(1.17864 0.017176 0)
(1.18049 0.0402043 0)
(1.1768 0.0325739 0)
(1.178 0.0587007 0)
(1.17537 0.0497847 0)
(1.17584 0.0801194 0)
(1.17476 0.068947 0)
(1.17449 0.105877 0)
(1.1751 0.0912519 0)
(1.17418 0.137236 0)
(1.17719 0.118513 0)
(1.17549 0.175691 0)
(1.18161 0.151694 -4.21763e-33)
(1.17965 0.223437 0)
(1.18929 0.192272 4.16845e-33)
(1.18859 0.283022 0)
(1.20182 0.2422 0)
(1.20538 0.357317 0)
(1.22164 0.303608 0)
(1.23483 0.449474 0)
(1.25251 0.378686 0)
(1.28445 0.562483 0)
(1.30017 0.4693 0)
(1.36527 0.697214 0)
(1.37221 0.576045 0)
(1.47608 0.80313 0)
(1.48115 0.697094 0)
(1.5348 0.81047 0)
(1.61116 0.768419 0)
(1.44689 0.689246 1.51822e-19)
(1.67795 0.750024 0)
(1.19983 0.447224 -1.28593e-19)
(1.64471 0.658403 1.51822e-19)
(0.92475 0.17748 -2.80415e-19)
(1.51271 0.455833 -2.80415e-19)
(0.627819 0.0262949 6.85168e-18)
(1.31693 0.196783 0)
(0.562317 -0.0223923 1.73724e-17)
(1.1701 0.016825 6.85168e-18)
(0.689902 -0.076445 1.05207e-17)
(1.19522 -0.118168 1.05207e-17)
(0.809567 -0.186332 -8.39393e-18)
(1.29108 -0.272435 0)
(1.00737 -0.363872 -8.39393e-18)
(1.3769 -0.404788 -8.39393e-18)
(1.22969 -0.535654 0)
(1.51186 -0.536278 0)
(1.36851 -0.636346 0)
(1.59078 -0.634639 0)
(1.43616 -0.669095 0)
(1.61581 -0.674416 0)
(1.45828 -0.659725 0)
(1.60133 -0.66443 0)
(1.45112 -0.616714 0)
(1.564 -0.624807 0)
(1.42405 -0.544365 0)
(1.5125 -0.555532 0)
(1.38669 -0.457873 0)
(1.453 -0.470724 0)
(1.34678 -0.369286 0)
(1.39462 -0.382416 0)
(1.31006 -0.287922 0)
(1.34286 -0.30008 0)
(1.27875 -0.21882 0)
(1.29976 -0.229239 0)
(1.25323 -0.162839 0)
(1.26513 -0.171251 0)
(1.23313 -0.119045 0)
(1.23804 -0.12548 0)
(1.21768 -0.0857194 0)
(1.21728 -0.0903551 0)
(1.20607 -0.0608154 0)
(1.20166 -0.0641468 0)
(1.19748 -0.0424017 0)
(1.19019 -0.0448383 0)
(1.19117 -0.0291648 0)
(1.18177 -0.030786 0)
(1.18661 -0.0199564 0)
(1.17569 -0.0209471 0)
(1.18343 -0.0135021 0)
(1.17145 -0.0141085 0)
(1.18114 -0.00897529 0)
(1.16837 -0.00931601 0)
(1.17943 -0.00587521 0)
(1.16618 -0.00608361 0)
(1.17819 -0.00377045 0)
(1.16461 -0.00389017 0)
(1.17729 -0.00236125 0)
(1.16347 -0.00241135 0)
(1.17665 -0.00142858 0)
(1.16267 -0.00143098 0)
(1.17618 -0.000818421 0)
(1.16209 -0.000793508 0)
(1.17584 -0.000426369 0)
(1.16169 -0.00038784 0)
(1.1756 -0.000182076 0)
(1.1614 -0.000138211 0)
(1.17543 -3.7105e-05 0)
(1.1612 7.41657e-06 0)
(1.1753 4.19227e-05 0)
(1.16106 8.45259e-05 0)
(1.17521 7.77841e-05 0)
(1.16095 0.000117198 0)
(1.17514 8.56287e-05 0)
(1.16088 0.000121719 0)
(1.1751 7.54028e-05 0)
(1.16083 0.000108406 0)
(1.17506 5.33289e-05 0)
(1.1608 8.39633e-05 0)
(1.17504 2.0406e-05 0)
(1.16077 5.21781e-05 0)
(1.16075 9.2558e-06 0)
(1.00595 -0.0306948 0)
(1.00232 -0.019009 0)
(1.02223 -0.0575616 0)
(1.01544 -0.0550993 0)
(1.04474 -0.0779688 0)
(1.04076 -0.0826862 0)
(1.06972 -0.0916915 0)
(1.07006 -0.10066 0)
(1.09451 -0.0996205 0)
(1.0972 -0.110558 0)
(1.11721 -0.102754 0)
(1.12062 -0.11397 0)
(1.13689 -0.101896 0)
(1.1394 -0.112734 0)
(1.1529 -0.097725 0)
(1.15347 -0.107601 0)
(1.16492 -0.0912909 0)
(1.16414 -0.0994105 0)
(1.17352 -0.0834066 0)
(1.16983 -0.0901519 0)
(1.17935 -0.0739334 0)
(1.17262 -0.0802535 0)
(1.18284 -0.0630623 0)
(1.173 -0.0691529 0)
(1.18412 -0.0517755 0)
(1.17156 -0.0572835 0)
(1.18357 -0.0403825 0)
(1.16836 -0.0451552 0)
(1.18187 -0.0285083 0)
(1.16443 -0.0327752 0)
(1.17949 -0.0160281 0)
(1.16023 -0.0201706 0)
(1.17687 -0.00296411 0)
(1.1563 -0.00744289 0)
(1.17444 0.0108201 0)
(1.1531 0.00549071 0)
(1.17259 0.0256084 0)
(1.15103 0.0190315 0)
(1.17164 0.0418006 0)
(1.15042 0.0335199 0)
(1.17197 0.0596003 0)
(1.15159 0.049459 0)
(1.17383 0.0795522 0)
(1.15493 0.0670881 0)
(1.17756 0.103291 0)
(1.16043 0.0875179 0)
(1.18418 0.132283 -4.21763e-33)
(1.16897 0.111888 0)
(1.19476 0.167455 -5.39495e-35)
(1.18131 0.141116 -4.21763e-33)
(1.21043 0.210093 4.16845e-33)
(1.19893 0.176602 4.16845e-33)
(1.23329 0.261805 0)
(1.22324 0.219345 0)
(1.26643 0.324137 0)
(1.25663 0.270468 0)
(1.31435 0.398196 0)
(1.30249 0.330763 0)
(1.38341 0.483987 0)
(1.36552 0.400242 0)
(1.48222 0.580064 0)
(1.45163 0.477235 0)
(1.62076 0.672463 0)
(1.56956 0.558548 0)
(1.76547 0.721985 0)
(1.72241 0.623714 0)
(1.88013 0.700396 0)
(1.87069 0.635367 0)
(1.95558 0.609414 0)
(2.00321 0.582952 0)
(1.94896 0.441768 0)
(2.08615 0.462452 0)
(1.86361 0.212842 0)
(2.10552 0.282131 0)
(1.80758 -0.0155321 0)
(2.08372 0.0728487 0)
(1.8145 -0.216327 0)
(2.06778 -0.125088 0)
(1.8398 -0.388446 0)
(2.06591 -0.297728 0)
(1.86723 -0.521119 0)
(2.05751 -0.432225 0)
(1.86654 -0.613308 0)
(2.02955 -0.535581 0)
(1.83409 -0.66163 0)
(1.9726 -0.602192 0)
(1.77893 -0.662897 0)
(1.89119 -0.61926 0)
(1.7085 -0.625765 0)
(1.7954 -0.594 0)
(1.62658 -0.561555 0)
(1.69395 -0.542879 0)
(1.54206 -0.480263 0)
(1.59125 -0.471014 0)
(1.46201 -0.39424 0)
(1.49462 -0.390675 0)
(1.39166 -0.31283 0)
(1.41015 -0.312071 0)
(1.33332 -0.241504 0)
(1.34007 -0.241734 0)
(1.28661 -0.182027 0)
(1.2839 -0.18253 0)
(1.25017 -0.134294 0)
(1.2401 -0.134815 0)
(1.22231 -0.0971302 0)
(1.20667 -0.0976125 0)
(1.20132 -0.0690669 0)
(1.18165 -0.0693682 0)
(1.18576 -0.048432 0)
(1.16318 -0.0485866 0)
(1.17443 -0.0334286 0)
(1.14981 -0.0335119 0)
(1.16632 -0.0227054 0)
(1.14017 -0.0226742 0)
(1.16051 -0.0152176 0)
(1.13337 -0.015132 0)
(1.15635 -0.0100436 0)
(1.12856 -0.0099533 0)
(1.15343 -0.00651176 0)
(1.12516 -0.0063948 0)
(1.15135 -0.00413764 0)
(1.12279 -0.00400523 0)
(1.14988 -0.00254863 0)
(1.12113 -0.00241786 0)
(1.14884 -0.00149648 0)
(1.11997 -0.0013749 0)
(1.14811 -0.000812358 0)
(1.11916 -0.000703782 0)
(1.1476 -0.000378322 0)
(1.11861 -0.000284098 0)
(1.14725 -0.000112598 0)
(1.11823 -3.21724e-05 0)
(1.147 4.10483e-05 0)
(1.11797 0.000108783 0)
(1.14683 0.000121205 0)
(1.1178 0.000178669 0)
(1.14671 0.000153906 0)
(1.11768 0.000202595 0)
(1.14663 0.000156812 0)
(1.1176 0.000198348 0)
(1.14658 0.00014151 0)
(1.11755 0.000177528 0)
(1.14654 0.000114986 0)
(1.11752 0.000147031 0)
(1.14651 8.15793e-05 0)
(1.11749 0.000110861 0)
(1.14649 4.04115e-05 0)
(1.11748 7.17629e-05 0)
(1.11746 2.35622e-05 0)
(1.01043 -0.0442603 0)
(1.0042 -0.0294407 0)
(1.03613 -0.0804113 0)
(1.02713 -0.0807934 0)
(1.06745 -0.105242 0)
(1.06413 -0.114011 0)
(1.09771 -0.119424 0)
(1.09769 -0.130924 0)
(1.12332 -0.124774 0)
(1.12156 -0.136166 0)
(1.14277 -0.123771 0)
(1.13931 -0.133417 0)
(1.1562 -0.118265 0)
(1.14813 -0.126159 0)
(1.16463 -0.109017 0)
(1.15091 -0.116031 0)
(1.16883 -0.0978946 0)
(1.14956 -0.103614 0)
(1.16906 -0.0868752 0)
(1.14357 -0.0903842 0)
(1.16627 -0.0756915 0)
(1.13513 -0.0774602 0)
(1.16154 -0.0637044 0)
(1.12524 -0.0644291 0)
(1.15572 -0.0509996 0)
(1.11489 -0.0514639 0)
(1.14927 -0.0378284 0)
(1.10493 -0.0386974 0)
(1.14276 -0.024697 0)
(1.0959 -0.0262707 0)
(1.13695 -0.0119015 0)
(1.08837 -0.014362 0)
(1.13243 0.000642927 0)
(1.08277 -0.00292255 0)
(1.12962 0.0133005 0)
(1.07942 0.00830355 0)
(1.12879 0.0265158 0)
(1.07851 0.0198622 0)
(1.13026 0.0407176 0)
(1.08029 0.0320525 0)
(1.1344 0.0564099 0)
(1.08501 0.0453189 0)
(1.14135 0.0743846 0)
(1.093 0.0601386 0)
(1.15147 0.0953837 0)
(1.10442 0.0773987 0)
(1.16561 0.120049 0)
(1.12019 0.0977442 0)
(1.18488 0.149651 0)
(1.1407 0.121845 0)
(1.21079 0.185316 0)
(1.16769 0.150697 0)
(1.24522 0.227641 0)
(1.20253 0.184906 0)
(1.29086 0.277045 0)
(1.2473 0.224836 0)
(1.35124 0.333314 0)
(1.30469 0.270383 0)
(1.43092 0.394821 0)
(1.37804 0.320562 0)
(1.53526 0.458104 0)
(1.47112 0.372893 0)
(1.67076 0.515077 0)
(1.58817 0.423048 0)
(1.83274 0.549733 0)
(1.73331 0.461735 0)
(1.99731 0.543603 0)
(1.89475 0.470789 0)
(2.14446 0.480652 0)
(2.05432 0.435808 0)
(2.25826 0.35222 0)
(2.19171 0.34865 0)
(2.3238 0.176243 0)
(2.29718 0.216589 0)
(2.33945 -0.0125906 0)
(2.35689 0.0572065 0)
(2.32157 -0.188778 0)
(2.35736 -0.107209 0)
(2.27676 -0.333376 0)
(2.3271 -0.25292 0)
(2.21428 -0.442473 0)
(2.26955 -0.36975 0)
(2.13176 -0.51827 0)
(2.18419 -0.453058 0)
(2.02581 -0.553395 0)
(2.07187 -0.496243 0)
(1.90615 -0.546923 0)
(1.94189 -0.499597 0)
(1.78238 -0.509261 0)
(1.80504 -0.470226 0)
(1.65904 -0.451147 0)
(1.66884 -0.419543 0)
(1.54433 -0.381268 0)
(1.54087 -0.356305 0)
(1.4436 -0.308954 0)
(1.42792 -0.289945 0)
(1.35926 -0.241562 0)
(1.33335 -0.227727 0)
(1.2911 -0.183419 0)
(1.25724 -0.173578 0)
(1.23762 -0.135943 0)
(1.19779 -0.129049 0)
(1.19669 -0.0986854 0)
(1.15249 -0.0938868 0)
(1.16604 -0.0703088 0)
(1.1187 -0.0669658 0)
(1.14355 -0.0492389 0)
(1.09396 -0.0468719 0)
(1.12721 -0.0339341 0)
(1.07613 -0.0322504 0)
(1.1155 -0.0229858 0)
(1.0634 -0.0217994 0)
(1.10724 -0.0152853 0)
(1.05442 -0.0144139 0)
(1.10143 -0.00998363 0)
(1.04819 -0.00932619 0)
(1.09736 -0.00637247 0)
(1.04386 -0.0058799 0)
(1.09453 -0.00394114 0)
(1.04087 -0.00356628 0)
(1.09257 -0.00233225 0)
(1.03883 -0.00204456 0)
(1.09122 -0.00128332 0)
(1.03745 -0.00106451 0)
(1.09029 -0.000613578 0)
(1.03651 -0.000447995 0)
(1.08966 -0.000199553 0)
(1.0359 -7.37568e-05 0)
(1.08923 4.41326e-05 0)
(1.03549 0.000140547 0)
(1.08895 0.000176082 0)
(1.03523 0.000250823 0)
(1.08877 0.000236776 0)
(1.03507 0.000293736 0)
(1.08865 0.000253024 0)
(1.03497 0.000298716 0)
(1.08857 0.000242056 0)
(1.03492 0.000278772 0)
(1.08852 0.000215607 0)
(1.03489 0.000245412 0)
(1.08849 0.000180721 0)
(1.03487 0.000206482 0)
(1.08848 0.000141341 0)
(1.03487 0.000164667 0)
(1.08847 0.00010002 0)
(1.03487 0.000122098 0)
(1.08846 5.4389e-05 0)
(1.03487 8.01419e-05 0)
(1.03486 3.18817e-05 0)
(1.01971 -0.066694 0)
(1.00908 -0.0491491 0)
(1.05943 -0.113538 0)
(1.04736 -0.120515 0)
(1.09576 -0.138858 0)
(1.0876 -0.150338 0)
(1.12138 -0.146926 0)
(1.11054 -0.156547 0)
(1.13744 -0.144044 0)
(1.11691 -0.152224 0)
(1.14454 -0.135142 0)
(1.11449 -0.140521 0)
(1.14322 -0.12375 0)
(1.10209 -0.124834 0)
(1.13556 -0.111013 0)
(1.08362 -0.108377 0)
(1.12396 -0.0967283 0)
(1.06171 -0.0920076 0)
(1.10979 -0.0815168 0)
(1.03901 -0.0762198 0)
(1.09407 -0.0666721 0)
(1.01695 -0.0617399 0)
(1.07843 -0.0527863 0)
(0.996657 -0.0487874 0)
(1.064 -0.0398321 0)
(0.978845 -0.0370362 0)
(1.05152 -0.0277181 0)
(0.964 -0.0262163 0)
(1.04146 -0.0163687 0)
(0.952386 -0.016207 0)
(1.03408 -0.00570112 0)
(0.944128 -0.00698942 0)
(1.02965 0.00444693 0)
(0.939259 0.00151041 0)
(1.02823 0.0145344 0)
(0.937687 0.00972692 0)
(1.0299 0.0250188 0)
(0.939437 0.0181869 0)
(1.03489 0.0362174 0)
(0.944628 0.0270676 0)
(1.04345 0.0485911 0)
(0.953444 0.03676 0)
(1.05586 0.0627293 0)
(0.966189 0.0477221 0)
(1.07274 0.0792938 0)
(0.983291 0.0605242 0)
(1.0948 0.0989456 0)
(1.00555 0.0756801 0)
(1.12294 0.122277 0)
(1.03368 0.0937096 0)
(1.15858 0.149785 0)
(1.06895 0.115052 0)
(1.20348 0.181791 0)
(1.11279 0.140006 0)
(1.25973 0.218178 0)
(1.16695 0.168586 0)
(1.32981 0.258098 0)
(1.23336 0.200304 0)
(1.41648 0.299655 0)
(1.31411 0.233889 0)
(1.52239 0.339319 0)
(1.41114 0.266986 0)
(1.64981 0.37095 0)
(1.5258 0.295623 0)
(1.79783 0.384792 0)
(1.65849 0.313722 0)
(1.95625 0.369756 0)
(1.80458 0.312368 0)
(2.1092 0.316963 0)
(1.95316 0.282853 0)
(2.2381 0.225315 0)
(2.08872 0.219746 0)
(2.33057 0.105367 0)
(2.19232 0.124122 0)
(2.37391 -0.0298392 0)
(2.26302 0.0138662 0)
(2.36458 -0.164823 0)
(2.27139 -0.097881 0)
(2.31619 -0.28212 0)
(2.23974 -0.204529 0)
(2.23409 -0.370364 0)
(2.16855 -0.287651 0)
(2.12118 -0.422504 0)
(2.05895 -0.340142 0)
(1.98614 -0.437151 0)
(1.92435 -0.361208 0)
(1.83981 -0.419481 0)
(1.77565 -0.353267 0)
(1.69207 -0.378368 0)
(1.62338 -0.322485 0)
(1.55102 -0.323923 0)
(1.47834 -0.278497 0)
(1.42484 -0.265385 0)
(1.34857 -0.230124 0)
(1.31809 -0.209618 0)
(1.23842 -0.183192 0)
(1.23164 -0.160605 0)
(1.14908 -0.141276 0)
(1.16408 -0.119927 0)
(1.07923 -0.106017 0)
(1.1127 -0.0875518 0)
(1.02612 -0.0776766 0)
(1.07449 -0.062602 0)
(0.986658 -0.0556737 0)
(1.04659 -0.0438764 0)
(0.957889 -0.0390614 0)
(1.02654 -0.0301581 0)
(0.937274 -0.0268222 0)
(1.0123 -0.020321 0)
(0.922722 -0.0180167 0)
(1.00231 -0.0133808 0)
(0.912567 -0.0118027 0)
(0.995381 -0.00857423 0)
(0.905574 -0.00748908 0)
(0.990624 -0.00531768 0)
(0.900831 -0.00456853 0)
(0.987377 -0.00314766 0)
(0.897647 -0.00263371 0)
(0.985186 -0.00172708 0)
(0.895537 -0.00137533 0)
(0.983722 -0.000821444 0)
(0.894164 -0.000580474 0)
(0.982756 -0.000262801 0)
(0.89329 -9.79334e-05 0)
(0.98213 6.71458e-05 0)
(0.892747 0.000177918 0)
(0.981736 0.000248534 0)
(0.892426 0.000320185 0)
(0.981496 0.000334134 0)
(0.892253 0.0003799 0)
(0.981356 0.000358919 0)
(0.89217 0.000391151 0)
(0.981281 0.00034882 0)
(0.892141 0.000368938 0)
(0.981247 0.000319518 0)
(0.892148 0.000332507 0)
(0.981237 0.000278741 0)
(0.892172 0.000288319 0)
(0.981241 0.000233827 0)
(0.892202 0.000241514 0)
(0.981251 0.000188655 0)
(0.892234 0.000196205 0)
(0.981263 0.000144302 0)
(0.892264 0.000152895 0)
(0.981273 0.000101626 0)
(0.892288 0.000112029 0)
(0.98128 5.74702e-05 0)
(0.892306 7.36263e-05 0)
(0.892313 3.18341e-05 0)
(1.03948 -0.111336 0)
(1.01329 -0.0886298 0)
(1.08197 -0.157814 0)
(1.05543 -0.163004 0)
(1.1029 -0.165591 0)
(1.06743 -0.171265 0)
(1.10539 -0.159772 0)
(1.0489 -0.159044 0)
(1.09397 -0.147925 0)
(1.01345 -0.140801 0)
(1.07184 -0.130408 0)
(0.97068 -0.118393 0)
(1.04251 -0.109753 0)
(0.927055 -0.0955053 0)
(1.00946 -0.0895764 0)
(0.884381 -0.075319 0)
(0.976432 -0.0718522 0)
(0.845246 -0.0589832 0)
(0.946073 -0.0568061 0)
(0.811262 -0.0458612 0)
(0.919469 -0.04404 0)
(0.782708 -0.035136 0)
(0.896976 -0.0330467 0)
(0.759387 -0.0262937 0)
(0.878739 -0.0233792 0)
(0.740942 -0.0187997 0)
(0.864771 -0.0147378 0)
(0.727043 -0.012248 0)
(0.854964 -0.0069609 0)
(0.71739 -0.0063998 0)
(0.849159 3.51988e-05 0)
(0.711732 -0.00118459 0)
(0.847193 0.00656111 0)
(0.709699 0.00347638 0)
(0.848786 0.0131013 0)
(0.711045 0.00813375 0)
(0.854017 0.019925 0)
(0.715781 0.012956 0)
(0.863 0.0272643 0)
(0.723961 0.0180837 0)
(0.875975 0.0354917 0)
(0.735783 0.0237852 0)
(0.893338 0.045032 0)
(0.751608 0.0303589 0)
(0.915727 0.0563363 0)
(0.771984 0.0381345 0)
(0.943967 0.0698179 0)
(0.797689 0.0474397 0)
(0.979099 0.0858115 0)
(0.829679 0.0585773 0)
(1.02239 0.104553 0)
(0.869109 0.071758 0)
(1.07532 0.126084 0)
(0.917297 0.0870815 0)
(1.13947 0.150074 0)
(0.975658 0.104434 0)
(1.21644 0.175618 0)
(1.04558 0.123329 0)
(1.3076 0.200976 0)
(1.12823 0.142728 0)
(1.41374 0.223293 0)
(1.22422 0.160852 0)
(1.53443 0.238367 0)
(1.33317 0.17493 0)
(1.66698 0.240468 0)
(1.45299 0.181173 0)
(1.80465 0.22323 0)
(1.57899 0.174701 0)
(1.9366 0.182022 0)
(1.70304 0.150902 0)
(2.04867 0.115932 0)
(1.81273 0.107673 0)
(2.12641 0.0317987 0)
(1.89436 0.046377 0)
(2.16087 -0.0548969 0)
(1.93547 -0.0205902 0)
(2.14833 -0.136834 0)
(1.93329 -0.0853359 0)
(2.08856 -0.208671 0)
(1.88632 -0.144766 0)
(1.98947 -0.25845 0)
(1.79755 -0.188563 0)
(1.86053 -0.281457 0)
(1.67675 -0.211196 0)
(1.7127 -0.279671 0)
(1.53668 -0.213374 0)
(1.55836 -0.258168 0)
(1.38959 -0.198932 0)
(1.40972 -0.224382 0)
(1.2478 -0.173846 0)
(1.27604 -0.18609 0)
(1.12061 -0.144812 0)
(1.16216 -0.14867 0)
(1.01234 -0.116245 0)
(1.06943 -0.115095 0)
(0.924023 -0.0904638 0)
(0.996646 -0.086689 0)
(0.854599 -0.0684943 0)
(0.941205 -0.0636962 0)
(0.801646 -0.0505767 0)
(0.899991 -0.0457258 0)
(0.762251 -0.0364628 0)
(0.869978 -0.0320795 0)
(0.733569 -0.0256608 0)
(0.848516 -0.0219746 0)
(0.713095 -0.0175994 0)
(0.833423 -0.0146687 0)
(0.698755 -0.0117291 0)
(0.822965 -0.00950294 0)
(0.688894 -0.00755901 0)
(0.815825 -0.00592294 0)
(0.682235 -0.0046622 0)
(0.811032 -0.00350056 0)
(0.677835 -0.00269616 0)
(0.807868 -0.0019066 0)
(0.674998 -0.00140462 0)
(0.805821 -0.00088366 0)
(0.673217 -0.00058724 0)
(0.804532 -0.000248414 0)
(0.672151 -8.64129e-05 0)
(0.803748 0.000126157 0)
(0.671552 0.000203486 0)
(0.803296 0.000328893 0)
(0.671256 0.000353935 0)
(0.803057 0.000419279 0)
(0.671143 0.000416798 0)
(0.802955 0.00044189 0)
(0.671142 0.000422674 0)
(0.802935 0.000429057 0)
(0.671205 0.000399349 0)
(0.802964 0.000394657 0)
(0.671298 0.000362706 0)
(0.803016 0.000347467 0)
(0.671403 0.000316849 0)
(0.803078 0.00029718 0)
(0.671507 0.000270013 0)
(0.803141 0.000247836 0)
(0.671603 0.000225008 0)
(0.8032 0.000201419 0)
(0.671688 0.000183304 0)
(0.80325 0.000158682 0)
(0.671759 0.000145679 0)
(0.803291 0.000119491 0)
(0.671817 0.000111762 0)
(0.803322 8.3463e-05 0)
(0.671861 8.10818e-05 0)
(0.803343 4.78805e-05 0)
(0.671893 5.28397e-05 0)
(0.671911 2.38399e-05 0)
(1.05169 -0.155105 0)
(0.90322 -0.140315 0)
(1.04728 -0.183454 0)
(0.900158 -0.158602 0)
(1.01025 -0.168548 0)
(0.842909 -0.134228 0)
(0.954806 -0.143661 0)
(0.751739 -0.103603 0)
(0.89015 -0.113577 0)
(0.671422 -0.0761449 0)
(0.825784 -0.0848234 0)
(0.605881 -0.0540281 0)
(0.768305 -0.0620017 0)
(0.55339 -0.038026 0)
(0.719728 -0.0452089 0)
(0.51107 -0.0267421 0)
(0.679788 -0.0330768 0)
(0.477694 -0.0190432 0)
(0.647687 -0.0241622 0)
(0.451725 -0.0137597 0)
(0.622499 -0.0173967 0)
(0.431699 -0.00994842 0)
(0.603251 -0.0120459 0)
(0.416512 -0.00704549 0)
(0.589143 -0.00760695 0)
(0.405369 -0.00469145 0)
(0.579564 -0.00378037 0)
(0.397696 -0.00266954 0)
(0.574019 -0.000461833 0)
(0.393131 -0.000854789 0)
(0.572117 0.00245158 0)
(0.391351 0.000717213 0)
(0.573446 0.00530124 0)
(0.39192 0.00214807 0)
(0.577896 0.00829652 0)
(0.394818 0.0036832 0)
(0.585543 0.0114811 0)
(0.400091 0.00530888 0)
(0.596527 0.0150264 0)
(0.407814 0.00709931 0)
(0.611158 0.0191316 0)
(0.418213 0.00915367 0)
(0.629932 0.0240097 0)
(0.43165 0.0115849 0)
(0.653546 0.0298809 0)
(0.448642 0.0145198 0)
(0.682897 0.0369505 0)
(0.469875 0.0180887 0)
(0.719064 0.0453829 0)
(0.496195 0.0224097 0)
(0.763256 0.055265 0)
(0.528578 0.0275655 0)
(0.816752 0.0665469 0)
(0.568085 0.0335849 0)
(0.880792 0.0789475 0)
(0.615781 0.0403939 0)
(0.956378 0.0918307 0)
(0.672595 0.0477426 0)
(1.04399 0.10407 0)
(0.739089 0.0551172 0)
(1.14318 0.113912 0)
(0.815139 0.0616573 0)
(1.25203 0.118926 0)
(0.899494 0.0660801 0)
(1.36655 0.116033 0)
(0.989226 0.0666573 0)
(1.47989 0.102023 0)
(1.07955 0.0613584 0)
(1.58221 0.0747884 0)
(1.16307 0.0485777 0)
(1.66182 0.034895 0)
(1.23036 0.0280632 0)
(1.70656 -0.00982795 0)
(1.26963 0.00163846 0)
(1.70923 -0.0538859 0)
(1.27664 -0.0232564 0)
(1.67144 -0.0950441 0)
(1.25109 -0.0475486 0)
(1.59343 -0.126252 0)
(1.19278 -0.0667558 0)
(1.48273 -0.142556 0)
(1.10736 -0.0778631 0)
(1.35139 -0.143736 0)
(1.00481 -0.0798546 0)
(1.21246 -0.132974 0)
(0.896363 -0.0744432 0)
(1.07834 -0.115036 0)
(0.790582 -0.0648183 0)
(0.958283 -0.0946615 0)
(0.697346 -0.0537866 0)
(0.856601 -0.075164 0)
(0.617273 -0.0431294 0)
(0.773884 -0.0580979 0)
(0.552105 -0.0335275 0)
(0.708924 -0.0438027 0)
(0.50081 -0.0255041 0)
(0.659361 -0.0322374 0)
(0.461534 -0.0189316 0)
(0.622483 -0.0231522 0)
(0.432225 -0.0136985 0)
(0.595657 -0.0161947 0)
(0.410877 -0.0096371 0)
(0.576558 -0.0109896 0)
(0.395688 -0.00656137 0)
(0.563247 -0.00718816 0)
(0.385149 -0.00428906 0)
(0.554176 -0.00448554 0)
(0.378035 -0.00265784 0)
(0.548141 -0.00261628 0)
(0.373377 -0.00152454 0)
(0.544241 -0.00135945 0)
(0.370443 -0.000762029 0)
(0.541811 -0.000543525 0)
(0.368693 -0.000266326 0)
(0.540365 -4.34441e-05 0)
(0.367735 4.09737e-05 0)
(0.539569 0.000239018 0)
(0.367278 0.000209421 0)
(0.539193 0.000383785 0)
(0.367142 0.00028887 0)
(0.53908 0.000442366 0)
(0.367192 0.000316555 0)
(0.539121 0.000448256 0)
(0.367347 0.00031278 0)
(0.539246 0.000423854 0)
(0.367548 0.000292284 0)
(0.539407 0.000382901 0)
(0.367765 0.000261015 0)
(0.539579 0.000334952 0)
(0.367975 0.000227547 0)
(0.539748 0.000285959 0)
(0.368168 0.000193956 0)
(0.539903 0.000239779 0)
(0.368339 0.000162126 0)
(0.540039 0.000197769 0)
(0.368487 0.000133716 0)
(0.540155 0.000160235 0)
(0.368611 0.000108513 0)
(0.540252 0.000127242 0)
(0.368713 8.65499e-05 0)
(0.54033 9.83981e-05 0)
(0.368795 6.76411e-05 0)
(0.54039 7.29901e-05 0)
(0.36886 5.12348e-05 0)
(0.540435 5.01568e-05 0)
(0.368908 3.67895e-05 0)
(0.540464 2.86838e-05 0)
(0.368941 2.36272e-05 0)
(0.368961 1.10433e-05 0)
(0.859685 -0.0533402 0)
(0.701083 -0.0847391 0)
(0.566855 -0.0661496 0)
(0.463252 -0.0366903 0)
(0.387107 -0.0190249 0)
(0.333079 -0.0103596 0)
(0.295053 -0.00562628 0)
(0.268311 -0.00299977 0)
(0.249268 -0.00159869 0)
(0.235508 -0.000843119 0)
(0.22556 -0.000400328 0)
(0.218514 -0.000103172 0)
(0.213823 0.000137819 0)
(0.211153 0.000363826 0)
(0.210298 0.000601118 0)
(0.211016 0.000873608 0)
(0.213164 0.00117847 0)
(0.216847 0.00152124 0)
(0.222155 0.00193094 0)
(0.229255 0.00243207 0)
(0.238408 0.00304984 0)
(0.249993 0.00381574 0)
(0.264513 0.00476508 0)
(0.282601 0.0059323 0)
(0.30501 0.00734347 0)
(0.332576 0.00900564 0)
(0.36616 0.0108919 0)
(0.406554 0.0129161 0)
(0.454296 0.0149 0)
(0.509413 0.0165401 0)
(0.57107 0.01738 0)
(0.63715 0.0167976 0)
(0.703808 0.0140782 0)
(0.765166 0.00881004 0)
(0.813743 0.00144785 0)
(0.841806 -0.00674241 0)
(0.843445 -0.0150044 0)
(0.820188 -0.0224079 0)
(0.77264 -0.0270862 0)
(0.705884 -0.0279675 0)
(0.628021 -0.0255077 0)
(0.548166 -0.0210846 0)
(0.473723 -0.0166857 0)
(0.408904 -0.0138075 0)
(0.355118 -0.0100944 0)
(0.311988 -0.00612704 0)
(0.278461 -0.00409051 0)
(0.252957 -0.00272069 0)
(0.234025 -0.00173073 0)
(0.220327 -0.00101697 0)
(0.210689 -0.000509895 0)
(0.204128 -0.000160941 0)
(0.199839 6.75641e-05 0)
(0.197181 0.000206737 0)
(0.195656 0.000280628 0)
(0.194894 0.000310022 0)
(0.194628 0.000312008 0)
(0.194669 0.00029552 0)
(0.194878 0.000266713 0)
(0.195167 0.000233715 0)
(0.195484 0.000200299 0)
(0.195796 0.000168688 0)
(0.196089 0.000140215 0)
(0.19635 0.000115302 0)
(0.196577 9.43233e-05 0)
(0.196771 7.62865e-05 0)
(0.196933 6.10517e-05 0)
(0.197067 4.84623e-05 0)
(0.197175 3.79806e-05 0)
(0.197262 2.92926e-05 0)
(0.19733 2.20761e-05 0)
(0.197381 1.59587e-05 0)
(0.197418 1.06115e-05 0)
(0.197441 5.93863e-06 0)
)
;

boundaryField
{
    ibCylinder
    {
        type            immersedBoundary;
        value           nonuniform List<vector> 
46
(
(0.181582 0 0)
(0.181582 -6.58821e-18 0)
(0.181582 -3.42973e-18 0)
(0.181582 1.08419e-19 -1.88098e-35)
(0.181582 0 0)
(0.181582 0 0)
(0.181582 1.24214e-17 -6.38284e-35)
(0.181582 0 0)
(0.181582 0 0)
(0.181582 -1.18456e-17 8.5334e-35)
(0.181582 0 0)
(0.181582 -1.57733e-17 0)
(0.181582 0 0)
(0.181582 0 0)
(0.181582 0 0)
(0.181582 -1.48273e-17 -1.15728e-32)
(0.181582 0 0)
(0.181582 0 0)
(0.181582 -8.88508e-18 -9.016e-33)
(0.181582 8.90221e-18 1.82507e-32)
(0.181582 0 0)
(0.181582 4.32868e-18 1.9149e-32)
(0.181582 0 0)
(0.181582 0 0)
(0.181582 0 0)
(0.181582 -4.32868e-18 -1.9149e-32)
(0.181582 8.88508e-18 9.016e-33)
(0.181582 -8.90221e-18 -1.82507e-32)
(0.181582 0 0)
(0.181582 1.48273e-17 1.15728e-32)
(0.181582 0 0)
(0.181582 0 0)
(0.181582 1.57733e-17 0)
(0.181582 0 0)
(0.181582 -1.72764e-17 2.70091e-32)
(0.181582 -1.14632e-17 0)
(0.181582 1.18728e-17 2.08375e-33)
(0.181582 1.18456e-17 4.01757e-33)
(0.181582 -1.07901e-17 2.30909e-33)
(0.181582 0 0)
(0.181582 6.58821e-18 -5.58043e-35)
(0.181582 3.42973e-18 0)
(0.181582 1.08419e-19 -1.88098e-35)
(0.181582 3.42535e-18 -1.20349e-33)
(0.181582 6.55163e-18 -3.15449e-48)
(0.181582 0 0)
)
;
        value           nonuniform List<vector> 0();
    }
    in
    {
        type            calculated;
        value           uniform (1 0 0);
    }
    out
    {
        type            calculated;
        value           nonuniform List<vector> 
25
(
(0.197453 -3.85517e-06 0)
(0.540477 -1.83397e-05 0)
(0.80335 -3.01049e-05 0)
(0.981278 -3.50037e-05 0)
(1.08845 -3.0761e-05 0)
(1.14648 -1.85815e-05 0)
(1.17502 -2.45346e-06 0)
(1.18791 1.27449e-05 0)
(1.1933 2.32435e-05 0)
(1.19541 2.66609e-05 0)
(1.19618 2.28696e-05 0)
(1.19645 1.26545e-05 0)
(1.19651 -8.52129e-07 0)
(1.19644 -1.43894e-05 0)
(1.19618 -2.46031e-05 0)
(1.19541 -2.83753e-05 0)
(1.1933 -2.49237e-05 0)
(1.18791 -1.4368e-05 0)
(1.17502 9.33396e-07 0)
(1.14648 1.72281e-05 0)
(1.08845 2.96361e-05 0)
(0.98128 3.41607e-05 0)
(0.803351 2.95918e-05 0)
(0.540477 1.81088e-05 0)
(0.197452 3.78287e-06 0)
)
;
    }
    top
    {
        type            calculated;
        value           uniform (0 0 0);
    }
    bottom
    {
        type            calculated;
        value           uniform (0 0 0);
    }
    frontAndBack
    {
        type            empty;
        value           nonuniform List<vector> 0();
    }
}


// ************************************************************************* //
