/*--------------------------------*- C++ -*----------------------------------*\
| =========                 |                                                 |
| \\      /  F ield         | OpenFOAM: The Open Source CFD Toolbox           |
|  \\    /   O peration     | Version:  2206                                  |
|   \\  /    A nd           | Website:  www.openfoam.com                      |
|    \\/     M anipulation  |                                                 |
\*---------------------------------------------------------------------------*/
FoamFile
{
    version     2.0;
    format      ascii;
    arch        "LSB;label=32;scalar=64";
    class       volVectorField;
    location    "0.4";
    object      U;
}
// * * * * * * * * * * * * * * * * * * * * * * * * * * * * * * * * * * * * * //

dimensions      [0 1 -1 0 0 0 0];

internalField   nonuniform List<vector> 
1875
(
(0.792504 0.0207755 0)
(0.749416 0.085795 0)
(0.648123 0.0834751 0)
(0.515383 0.0486459 0)
(0.419603 0.0245453 0)
(0.357433 0.0130949 0)
(0.314961 0.00696892 0)
(0.285514 0.00351758 0)
(0.265729 0.0016249 0)
(0.252829 0.000628952 0)
(0.24474 7.0435e-05 0)
(0.240088 -0.000269172 0)
(0.237889 -0.000484669 0)
(0.237457 -0.000624473 0)
(0.238168 -0.000766129 0)
(0.239773 -0.000908981 0)
(0.24218 -0.00105478 0)
(0.245349 -0.00124014 0)
(0.249325 -0.00148245 0)
(0.254235 -0.00179096 0)
(0.260264 -0.00217789 0)
(0.267652 -0.00265534 0)
(0.276683 -0.00323195 0)
(0.287668 -0.00391047 0)
(0.300926 -0.00468916 0)
(0.316764 -0.00554705 0)
(0.335431 -0.00644239 0)
(0.357059 -0.00730181 0)
(0.381556 -0.00800585 0)
(0.408462 -0.00838134 0)
(0.436776 -0.00819898 0)
(0.464801 -0.00722207 0)
(0.489964 -0.00536522 0)
(0.509593 -0.00276709 0)
(0.52022 0.000226358 0)
(0.521075 0.0033103 0)
(0.512337 0.00627833 0)
(0.493743 0.00825434 0)
(0.467947 0.00930619 0)
(0.43805 0.00948817 0)
(0.406936 0.00899279 0)
(0.377058 0.00811569 0)
(0.349916 0.00706095 0)
(0.326263 0.00593771 0)
(0.306365 0.00485757 0)
(0.290077 0.00388881 0)
(0.277023 0.00306061 0)
(0.266726 0.00237712 0)
(0.2587 0.00182777 0)
(0.252501 0.0013927 0)
(0.24775 0.00105242 0)
(0.244131 0.000790634 0)
(0.241387 0.000591703 0)
(0.239312 0.000440931 0)
(0.237749 0.00032742 0)
(0.236573 0.000242223 0)
(0.235692 0.000178472 0)
(0.235033 0.000130857 0)
(0.234542 9.56136e-05 0)
(0.234177 6.96151e-05 0)
(0.233906 5.05458e-05 0)
(0.233705 3.65346e-05 0)
(0.233556 2.63087e-05 0)
(0.233447 1.88173e-05 0)
(0.233366 1.33803e-05 0)
(0.233307 9.43137e-06 0)
(0.233264 6.61517e-06 0)
(0.233233 4.60477e-06 0)
(0.23321 3.20272e-06 0)
(0.233193 2.2088e-06 0)
(0.233181 1.53295e-06 0)
(0.233172 1.0504e-06 0)
(0.233166 7.82755e-07 0)
(0.233161 5.33722e-07 0)
(0.233156 7.3932e-07 0)
(1.01388 0.122347 0)
(1.05102 0.187619 0)
(1.0381 0.178596 0)
(0.989204 0.157317 0)
(0.925678 0.12804 0)
(0.859467 0.0952754 0)
(0.801306 0.0679409 0)
(0.752282 0.0472477 0)
(0.713426 0.0320496 0)
(0.684325 0.0210423 0)
(0.663478 0.0129945 0)
(0.649412 0.00716747 0)
(0.640646 0.00303029 0)
(0.635855 0.000134459 0)
(0.634169 -0.00184448 0)
(0.634638 -0.0034339 0)
(0.63695 -0.00491908 0)
(0.640855 -0.00636396 0)
(0.646297 -0.0079389 0)
(0.653366 -0.00977896 0)
(0.662268 -0.0119903 0)
(0.673313 -0.0146597 0)
(0.686898 -0.017845 0)
(0.703467 -0.0215724 0)
(0.723499 -0.0258498 0)
(0.74748 -0.0306204 0)
(0.775854 -0.0357386 0)
(0.808964 -0.0409167 0)
(0.846917 -0.0456576 0)
(0.889383 -0.0491871 0)
(0.935275 -0.050404 0)
(0.982519 -0.0478581 0)
(1.02729 -0.0404199 0)
(1.06483 -0.0278427 0)
(1.08978 -0.0111145 0)
(1.09858 0.00645312 0)
(1.09067 0.024447 0)
(1.06547 0.0396168 0)
(1.0261 0.0500863 0)
(0.977441 0.0550713 0)
(0.924804 0.0550816 0)
(0.872883 0.0514685 0)
(0.825353 0.0457611 0)
(0.783746 0.0391272 0)
(0.748725 0.0324377 0)
(0.720106 0.0262512 0)
(0.697226 0.0208563 0)
(0.679225 0.0163461 0)
(0.665215 0.0126857 0)
(0.654394 0.00976548 0)
(0.646094 0.00746485 0)
(0.639759 0.00567908 0)
(0.634937 0.00430686 0)
(0.631274 0.00325621 0)
(0.628496 0.00245564 0)
(0.626394 0.00184762 0)
(0.624805 0.00138629 0)
(0.623608 0.00103711 0)
(0.622707 0.000774098 0)
(0.622031 0.000576802 0)
(0.621524 0.000429086 0)
(0.621144 0.000318588 0)
(0.620859 0.000236038 0)
(0.620647 0.00017445 0)
(0.620489 0.000128619 0)
(0.620371 9.45856e-05 0)
(0.620284 6.93909e-05 0)
(0.620219 5.07599e-05 0)
(0.620171 3.70452e-05 0)
(0.620135 2.6961e-05 0)
(0.620109 1.96065e-05 0)
(0.62009 1.42738e-05 0)
(0.620076 1.04266e-05 0)
(0.620066 7.92643e-06 0)
(0.620056 6.11e-06 0)
(1.01271 0.0740239 0)
(1.05997 0.148404 0)
(1.09686 0.16631 0)
(1.10938 0.162837 0)
(1.10324 0.152912 0)
(1.08637 0.136062 0)
(1.06122 0.113813 0)
(1.03125 0.0902485 0)
(1.00054 0.0682562 0)
(0.973195 0.0497167 0)
(0.950411 0.0344845 0)
(0.932702 0.0223658 0)
(0.919804 0.0130421 0)
(0.911056 0.00595999 0)
(0.905839 0.000610695 0)
(0.903558 -0.00347088 0)
(0.903565 -0.00688598 0)
(0.905574 -0.0101856 0)
(0.909456 -0.0135328 0)
(0.915209 -0.0172021 0)
(0.922953 -0.0214505 0)
(0.932941 -0.0264963 0)
(0.945549 -0.0324843 0)
(0.961221 -0.0394852 0)
(0.980441 -0.0475302 0)
(1.00382 -0.0565953 0)
(1.03203 -0.0665509 0)
(1.06576 -0.077005 0)
(1.10564 -0.0871823 0)
(1.152 -0.0957593 0)
(1.20454 -0.100656 0)
(1.26126 -0.0987599 0)
(1.31819 -0.087396 0)
(1.3694 -0.0655624 0)
(1.40784 -0.0340174 0)
(1.42648 0.00197324 0)
(1.42387 0.0384543 0)
(1.4 0.0714144 0)
(1.35765 0.0958147 0)
(1.30233 0.109103 0)
(1.24081 0.111733 0)
(1.17905 0.105956 0)
(1.12224 0.0948887 0)
(1.07262 0.081368 0)
(1.03108 0.0674934 0)
(0.997404 0.0545767 0)
(0.97073 0.043295 0)
(0.949946 0.0338809 0)
(0.933903 0.0262755 0)
(0.921586 0.0202209 0)
(0.912192 0.0154571 0)
(0.90506 0.0117721 0)
(0.899641 0.008947 0)
(0.895523 0.00678206 0)
(0.892398 0.00513149 0)
(0.890027 0.00387652 0)
(0.888229 0.00292157 0)
(0.886869 0.00219606 0)
(0.885842 0.00164779 0)
(0.885067 0.00123493 0)
(0.884483 0.000924425 0)
(0.884042 0.000690928 0)
(0.88371 0.000515535 0)
(0.883461 0.000383903 0)
(0.883273 0.00028535 0)
(0.883133 0.000211707 0)
(0.883027 0.000156777 0)
(0.882949 0.000115836 0)
(0.88289 8.53821e-05 0)
(0.882846 6.27899e-05 0)
(0.882813 4.60774e-05 0)
(0.882789 3.38698e-05 0)
(0.882771 2.47797e-05 0)
(0.882759 1.87706e-05 0)
(0.882745 1.3443e-05 0)
(1.00547 0.0376467 0)
(1.03489 0.0954271 0)
(1.0783 0.130839 0)
(1.11191 0.144966 0)
(1.13049 0.145131 0)
(1.14323 0.136047 0)
(1.14389 0.122658 0)
(1.13879 0.107324 0)
(1.12869 0.0899662 0)
(1.11556 0.0718236 0)
(1.10134 0.054028 0)
(1.08775 0.0380737 0)
(1.07617 0.0249238 0)
(1.06695 0.0142843 0)
(1.0603 0.00579212 0)
(1.05608 -0.00103511 0)
(1.05407 -0.00669223 0)
(1.05397 -0.0119045 0)
(1.05568 -0.0171949 0)
(1.0592 -0.022817 0)
(1.0646 -0.0291423 0)
(1.0721 -0.0365469 0)
(1.0821 -0.0453172 0)
(1.09508 -0.0556113 0)
(1.11124 -0.0676148 1.24068e-33)
(1.13158 -0.0812777 -1.2306e-33)
(1.1571 -0.0966734 0)
(1.18899 -0.113525 0)
(1.22868 -0.131006 0)
(1.27766 -0.147408 0)
(1.33705 -0.159477 0)
(1.40478 -0.161247 0)
(1.47478 -0.14812 0)
(1.53953 -0.117279 0)
(1.59024 -0.0675064 0)
(1.61688 -0.00818023 0)
(1.6176 0.0504447 0)
(1.59395 0.105442 0)
(1.54802 0.147538 0)
(1.48619 0.171509 0)
(1.41684 0.177626 0)
(1.34726 0.169279 0)
(1.28362 0.151731 0)
(1.22875 0.129861 0)
(1.18353 0.107291 0)
(1.14751 0.0863094 0)
(1.11952 0.0680903 0)
(1.09812 0.052996 0)
(1.08187 0.0408805 0)
(1.06956 0.0313295 0)
(1.0603 0.0238681 0)
(1.05338 0.0181561 0)
(1.04815 0.013804 0)
(1.04419 0.0104686 0)
(1.0412 0.0079315 0)
(1.03893 0.00600552 0)
(1.03721 0.00453662 0)
(1.03591 0.00341755 0)
(1.03493 0.00257087 0)
(1.03419 0.00193281 0)
(1.03362 0.001452 0)
(1.0332 0.00108946 0)
(1.03287 0.000816258 0)
(1.03263 0.000610502 0)
(1.03245 0.000455911 0)
(1.03231 0.00034001 0)
(1.0322 0.000253203 0)
(1.03213 0.000188181 0)
(1.03207 0.000139549 0)
(1.03202 0.000103267 0)
(1.03199 7.62488e-05 0)
(1.03196 5.63736e-05 0)
(1.03195 4.13814e-05 0)
(1.03193 3.13727e-05 0)
(1.03192 2.18645e-05 0)
(1.00293 0.0232897 0)
(1.0194 0.0648819 0)
(1.04993 0.0952094 0)
(1.08322 0.113928 0)
(1.11113 0.122227 0)
(1.13299 0.122017 0)
(1.14718 0.116489 0)
(1.15619 0.105807 0)
(1.16018 0.0917422 0)
(1.1587 0.0768998 0)
(1.15488 0.0619373 0)
(1.1494 0.0475047 0)
(1.1431 0.0341166 0)
(1.13684 0.0221285 0)
(1.13142 0.0117678 0)
(1.12731 0.00290663 0)
(1.1246 -0.00473599 0)
(1.1233 -0.0117164 0)
(1.12344 -0.0187427 0)
(1.12508 -0.0261767 0)
(1.12821 -0.0345187 0)
(1.13298 -0.0442293 0)
(1.13989 -0.055616 0)
(1.14968 -0.0684578 0)
(1.16188 -0.0837254 0)
(1.17906 -0.10239 0)
(1.20156 -0.124071 0)
(1.23122 -0.148829 0)
(1.27059 -0.176312 0)
(1.3227 -0.204889 0)
(1.39068 -0.229662 0)
(1.46854 -0.239932 0)
(1.5484 -0.227839 0)
(1.61785 -0.190935 0)
(1.66772 -0.116979 0)
(1.6944 -0.0253088 0)
(1.68956 0.0610687 0)
(1.67029 0.14188 0)
(1.62544 0.204713 0)
(1.56257 0.240922 0)
(1.49066 0.251498 0)
(1.41801 0.239724 0)
(1.35088 0.21387 0)
(1.29336 0.181831 0)
(1.24681 0.149053 0)
(1.21068 0.118836 0)
(1.18333 0.0928283 0)
(1.16292 0.0715507 0)
(1.14784 0.0549409 0)
(1.13685 0.0419269 0)
(1.1287 0.0317511 0)
(1.12272 0.0239972 0)
(1.11826 0.018152 0)
(1.1149 0.0136986 0)
(1.11239 0.0103535 0)
(1.1105 0.00784065 0)
(1.10906 0.00592979 0)
(1.10798 0.00447422 0)
(1.10717 0.00337298 0)
(1.10655 0.002543 0)
(1.10609 0.00191614 0)
(1.10574 0.00144211 0)
(1.10547 0.00108376 0)
(1.10526 0.000812954 0)
(1.10511 0.000608905 0)
(1.10499 0.000455669 0)
(1.10491 0.000340597 0)
(1.10484 0.000254122 0)
(1.10479 0.000189193 0)
(1.10475 0.00014058 0)
(1.10472 0.000104246 0)
(1.1047 7.73544e-05 0)
(1.10468 5.69578e-05 0)
(1.10467 4.31952e-05 0)
(1.10466 2.96719e-05 0)
(1.00169 0.0157254 0)
(1.01144 0.0453509 0)
(1.03148 0.0691462 0)
(1.05654 0.0858824 0)
(1.08177 0.0960515 0)
(1.10491 0.100392 0)
(1.1243 0.0997208 0)
(1.13996 0.094526 0)
(1.15058 0.0865032 0)
(1.15762 0.0760314 0)
(1.16043 0.0632965 0)
(1.16057 0.0498575 0)
(1.15934 0.0372676 0)
(1.15702 0.0256092 0)
(1.15427 0.0149711 0)
(1.15168 0.00562364 0)
(1.14961 -0.00277019 0)
(1.14813 -0.0108511 0)
(1.14744 -0.0190452 0)
(1.14765 -0.0275313 0)
(1.14882 -0.0367654 0)
(1.151 -0.0479665 0)
(1.15504 -0.0617303 0)
(1.16126 -0.077966 0)
(1.1704 -0.0972151 0)
(1.18348 -0.120466 0)
(1.20186 -0.148534 0)
(1.22784 -0.182327 0)
(1.26468 -0.222454 0)
(1.31673 -0.267908 0)
(1.38715 -0.309757 0)
(1.45529 -0.323494 0)
(1.52357 -0.29904 0)
(1.56049 -0.247116 0)
(1.55535 -0.151343 0)
(1.53419 -0.0354461 0)
(1.52759 0.0679056 0)
(1.53584 0.173477 0)
(1.53073 0.258261 0)
(1.50463 0.30644 0)
(1.46106 0.320905 0)
(1.40669 0.308162 0)
(1.34899 0.27593 0)
(1.29627 0.233473 0)
(1.25328 0.189589 0)
(1.22054 0.149487 0)
(1.19659 0.115617 0)
(1.17937 0.0883517 0)
(1.16715 0.0669812 0)
(1.15854 0.0504011 0)
(1.15239 0.0377226 0)
(1.14799 0.0284529 0)
(1.145 0.021642 0)
(1.14273 0.0163714 0)
(1.14106 0.0123877 0)
(1.13979 0.00937511 0)
(1.13881 0.00705703 0)
(1.13807 0.00528804 0)
(1.13753 0.003971 0)
(1.13712 0.00299207 0)
(1.13681 0.00225653 0)
(1.13657 0.00170059 0)
(1.13639 0.00128001 0)
(1.13625 0.00096199 0)
(1.13615 0.000722451 0)
(1.13607 0.00054233 0)
(1.13601 0.000406617 0)
(1.13597 0.000304338 0)
(1.13593 0.000227299 0)
(1.13591 0.000169448 0)
(1.13589 0.000126062 0)
(1.13587 9.37645e-05 0)
(1.13586 6.91976e-05 0)
(1.13585 5.23861e-05 0)
(1.13585 3.55664e-05 0)
(1.00107 0.0110521 0)
(1.00737 0.0324385 0)
(1.02098 0.0506111 0)
(1.03923 0.0644755 0)
(1.05929 0.0740215 0)
(1.07931 0.0795169 0)
(1.09809 0.081257 0)
(1.11482 0.079461 0)
(1.1285 0.0747345 0)
(1.13941 0.0675084 0)
(1.1472 0.0585305 0)
(1.15214 0.0482041 0)
(1.15468 0.0375127 0)
(1.15554 0.027086 0)
(1.15513 0.0169036 0)
(1.15431 0.00750334 0)
(1.15305 -0.00113067 0)
(1.15174 -0.00958183 0)
(1.15056 -0.0182381 0)
(1.14961 -0.0274438 0)
(1.14918 -0.0379018 0)
(1.1495 -0.0504617 0)
(1.15055 -0.0655294 0)
(1.15304 -0.0836426 0)
(1.15766 -0.105886 0)
(1.1654 -0.133456 0)
(1.17761 -0.167844 0)
(1.19627 -0.210793 0)
(1.22417 -0.264006 0)
(1.2656 -0.32656 0)
(1.31546 -0.372148 0)
(1.33782 -0.365943 0)
(1.29306 -0.306968 -1.05542e-18)
(1.18372 -0.191304 0)
(1.0105 -0.0520193 -9.08663e-17)
(0.914914 0.00571819 -9.00301e-32)
(0.947166 0.0416702 5.01576e-17)
(1.02249 0.106894 0)
(1.10829 0.183883 0)
(1.24697 0.294779 0)
(1.29665 0.346151 0)
(1.29536 0.346858 0)
(1.27593 0.322836 0)
(1.24792 0.276654 0)
(1.21989 0.224063 0)
(1.19748 0.175094 0)
(1.18148 0.133858 0)
(1.17044 0.100938 0)
(1.16299 0.0755962 0)
(1.15806 0.0564605 0)
(1.15478 0.0421442 0)
(1.15259 0.031475 0)
(1.15115 0.0234419 0)
(1.15019 0.0174867 0)
(1.1496 0.0132155 0)
(1.1492 0.0101013 0)
(1.14888 0.00767059 0)
(1.14864 0.0057872 0)
(1.14846 0.00435141 0)
(1.14832 0.00327875 0)
(1.1482 0.00247532 0)
(1.14811 0.00186712 0)
(1.14804 0.00140529 0)
(1.14798 0.00105334 0)
(1.14795 0.000788511 0)
(1.14792 0.000591944 0)
(1.14789 0.0004444 0)
(1.14787 0.000332913 0)
(1.14786 0.000248677 0)
(1.14785 0.000185585 0)
(1.14784 0.000138306 0)
(1.14784 0.000103001 0)
(1.14783 7.6093e-05 0)
(1.14783 5.74205e-05 0)
(1.14783 3.86073e-05 0)
(1.00075 0.00794474 0)
(1.00517 0.023498 0)
(1.015 0.0372116 0)
(1.02864 0.0481661 0)
(1.04441 0.0562717 0)
(1.06109 0.061623 0)
(1.07768 0.0642548 0)
(1.09338 0.0642111 0)
(1.10745 0.061703 0)
(1.11957 0.0570232 0)
(1.12946 0.0505465 0)
(1.13705 0.042658 0)
(1.1424 0.0340026 0)
(1.14587 0.0251431 0)
(1.14774 0.0163993 0)
(1.14834 0.00790461 0)
(1.148 -0.0002442 0)
(1.14699 -0.00840783 0)
(1.14548 -0.0169108 0)
(1.14359 -0.026184 0)
(1.14147 -0.0368097 0)
(1.13923 -0.0495574 0)
(1.13698 -0.065261 0)
(1.1351 -0.084798 0)
(1.13411 -0.109169 2.07211e-32)
(1.13468 -0.139753 -2.05717e-32)
(1.13755 -0.17851 0)
(1.14338 -0.227559 0)
(1.15283 -0.288731 0)
(1.16477 -0.35735 0)
(1.14907 -0.374354 0)
(1.07207 -0.291276 -5.98589e-18)
(0.885498 -0.101563 0)
(0 0 0)
(0 0 0)
(0 0 0)
(0 0 0)
(0 0 0)
(0.781862 0.0344568 0)
(0.882855 0.122058 3.67323e-19)
(1.04596 0.268961 0)
(1.12256 0.325861 0)
(1.1473 0.321928 0)
(1.15781 0.290049 0)
(1.15695 0.239873 0)
(1.15273 0.187685 0)
(1.1495 0.142684 0)
(1.14784 0.106789 0)
(1.14728 0.0792785 0)
(1.14739 0.0586347 0)
(1.14785 0.0433306 0)
(1.14846 0.0320859 0)
(1.14909 0.0239118 0)
(1.14969 0.0178492 0)
(1.15012 0.0133432 0)
(1.15056 0.0100635 0)
(1.15094 0.00755384 0)
(1.15124 0.00564229 0)
(1.15144 0.00426911 0)
(1.15158 0.00326189 0)
(1.15169 0.00247501 0)
(1.15178 0.00187233 0)
(1.15184 0.00141239 0)
(1.15189 0.00105815 0)
(1.15193 0.000793798 0)
(1.15195 0.000597417 0)
(1.15197 0.000449232 0)
(1.15198 0.000337031 0)
(1.15199 0.000252198 0)
(1.152 0.000188407 0)
(1.152 0.000140497 0)
(1.152 0.000104628 0)
(1.15201 7.72956e-05 0)
(1.15201 5.82169e-05 0)
(1.15201 3.87945e-05 0)
(1.00057 0.00569614 0)
(1.00392 0.0169033 0)
(1.01144 0.0270167 0)
(1.02214 0.0353743 0)
(1.0349 0.0418108 0)
(1.04887 0.0463634 0)
(1.0634 0.0490456 0)
(1.07777 0.0497954 0)
(1.09132 0.0486243 0)
(1.10362 0.0456369 0)
(1.11429 0.0410705 0)
(1.12314 0.0352454 0)
(1.13005 0.0286022 0)
(1.13508 0.0215488 0)
(1.13841 0.014344 0)
(1.14017 0.00719176 0)
(1.14056 0.000116472 0)
(1.13976 -0.00714137 0)
(1.13788 -0.0148602 0)
(1.13497 -0.0234534 0)
(1.13105 -0.0335017 0)
(1.12611 -0.0457668 0)
(1.12013 -0.0611412 0)
(1.11317 -0.0806021 0)
(1.1053 -0.10522 0)
(1.09656 -0.136333 0)
(1.08673 -0.17563 0)
(1.07459 -0.224187 0)
(1.05712 -0.28075 0)
(1.01754 -0.32738 0)
(0.931193 -0.264674 -2.59534e-17)
(0.74291 -0.0466268 0)
(0 0 0)
(0 0 0)
(0 0 0)
(0 0 0)
(0 0 0)
(0 0 0)
(0 0 0)
(0.723706 0.0130417 1.78171e-20)
(0.810976 0.109712 1.49321e-17)
(0.943933 0.246395 0)
(1.00813 0.28213 0)
(1.0492 0.268379 0)
(1.07834 0.229201 0)
(1.09681 0.182009 0)
(1.1095 0.138627 0)
(1.11921 0.103311 0)
(1.12685 0.0761621 0)
(1.13283 0.0559026 0)
(1.13752 0.0410208 0)
(1.14118 0.0301833 0)
(1.14403 0.0223004 0)
(1.14624 0.0165477 0)
(1.14793 0.012362 0)
(1.14924 0.0092834 0)
(1.15026 0.00698434 0)
(1.15102 0.00525596 0)
(1.15159 0.0039666 0)
(1.15203 0.00299862 0)
(1.15237 0.0022668 0)
(1.15262 0.00170059 0)
(1.15283 0.0012697 0)
(1.15296 0.000958665 0)
(1.15306 0.00072986 0)
(1.15314 0.00055161 0)
(1.1532 0.000415867 0)
(1.15324 0.000312807 0)
(1.15327 0.000233524 0)
(1.1533 0.000174265 0)
(1.15332 0.000130031 0)
(1.15333 9.68304e-05 0)
(1.15334 7.15508e-05 0)
(1.15335 5.36323e-05 0)
(1.15336 3.53862e-05 0)
(1.00046 0.00394532 0)
(1.00316 0.0117234 0)
(1.00927 0.0188473 0)
(1.0181 0.0248778 0)
(1.02888 0.0296595 0)
(1.04097 0.0331767 0)
(1.05386 0.0354211 0)
(1.06706 0.0363541 0)
(1.07996 0.0359088 0)
(1.09207 0.0340869 0)
(1.103 0.0310158 0)
(1.11243 0.0269162 0)
(1.12015 0.0220821 0)
(1.12607 0.0168058 0)
(1.13023 0.0113065 0)
(1.13267 0.00574757 0)
(1.13349 0.000144176 0)
(1.13272 -0.00573769 0)
(1.13038 -0.0121113 0)
(1.12642 -0.0193445 0)
(1.12072 -0.0279585 0)
(1.11306 -0.0386601 0)
(1.10312 -0.0523304 0)
(1.09053 -0.0699331 0)
(1.07476 -0.0924406 2.72218e-33)
(1.05518 -0.120917 -2.71697e-33)
(1.03076 -0.156042 0)
(0.998488 -0.195966 0)
(0.94726 -0.236632 0)
(0.863874 -0.249059 -1.01187e-16)
(0.712501 -0.0902326 0)
(0 0 0)
(0 0 0)
(0 0 0)
(0 0 0)
(0 0 0)
(0 0 0)
(0 0 0)
(0 0 0)
(0 0 0)
(0.729209 0.0235697 0)
(0.801377 0.130932 3.76743e-19)
(0.887156 0.209834 0)
(0.947653 0.217888 0)
(1.00053 0.193329 0)
(1.03991 0.156573 0)
(1.0687 0.120214 0)
(1.09016 0.0895776 0)
(1.10619 0.0657711 0)
(1.1181 0.0480043 0)
(1.12698 0.035014 0)
(1.13361 0.0256104 0)
(1.13858 0.0188249 0)
(1.14231 0.0139164 0)
(1.14511 0.010351 0)
(1.14723 0.00774183 0)
(1.14884 0.00580749 0)
(1.15005 0.00436505 0)
(1.15096 0.00329318 0)
(1.15166 0.00249189 0)
(1.15218 0.00188588 0)
(1.15258 0.00142434 0)
(1.15288 0.00107143 0)
(1.1531 0.000808221 0)
(1.15327 0.000610058 0)
(1.1534 0.000459165 0)
(1.15349 0.000342477 0)
(1.15357 0.000255748 0)
(1.15362 0.000192465 0)
(1.15366 0.000144755 0)
(1.15369 0.000108295 0)
(1.15371 8.08634e-05 0)
(1.15373 5.98624e-05 0)
(1.15374 4.43639e-05 0)
(1.15375 2.88737e-05 0)
(1.0004 0.00249155 0)
(1.00271 0.00740622 0)
(1.00796 0.0119505 0)
(1.01565 0.0158597 0)
(1.02517 0.0190205 0)
(1.03605 0.0214044 0)
(1.04786 0.0229918 0)
(1.06016 0.023753 0)
(1.07253 0.0236399 0)
(1.08439 0.0226162 0)
(1.09536 0.0207316 0)
(1.10505 0.0181207 0)
(1.11318 0.0149674 0)
(1.11958 0.0114558 0)
(1.12417 0.00773365 0)
(1.12696 0.00391303 0)
(1.12795 6.56945e-05 0)
(1.1271 -0.00406961 0)
(1.1243 -0.00861435 0)
(1.1194 -0.0138567 0)
(1.11211 -0.0202031 0)
(1.10196 -0.0282236 0)
(1.08828 -0.0386466 0)
(1.07011 -0.0522434 0)
(1.04628 -0.0697923 0)
(1.01537 -0.0920121 0)
(0.975678 -0.118371 0)
(0.922157 -0.144502 0)
(0.842973 -0.165044 0)
(0.721127 -0.140072 -2.00563e-16)
(0 0 0)
(0 0 0)
(0 0 0)
(0 0 0)
(0 0 0)
(0 0 0)
(0 0 0)
(0 0 0)
(0 0 0)
(0 0 0)
(0 0 0)
(0.733875 0.0600328 0)
(0.801527 0.131512 0)
(0.868674 0.150747 0)
(0.936847 0.138564 0)
(0.991901 0.114238 0)
(1.03382 0.0884882 0)
(1.06534 0.0660792 0)
(1.08864 0.048442 0)
(1.10568 0.0352319 0)
(1.11814 0.0255862 0)
(1.12727 0.0186317 0)
(1.134 0.0136385 0)
(1.13897 0.0100466 0)
(1.14268 0.00744993 0)
(1.14545 0.00555739 0)
(1.14753 0.00416264 0)
(1.14909 0.00312744 0)
(1.15027 0.00235772 0)
(1.15116 0.00178195 0)
(1.15184 0.00134722 0)
(1.15235 0.00101657 0)
(1.15273 0.000765945 0)
(1.15302 0.000578427 0)
(1.15323 0.000437403 0)
(1.1534 0.00033011 0)
(1.15352 0.000248228 0)
(1.15361 0.000185862 0)
(1.15368 0.000139487 0)
(1.15374 0.000104418 0)
(1.15378 7.74862e-05 0)
(1.15381 5.71076e-05 0)
(1.15383 4.16597e-05 0)
(1.15384 3.0687e-05 0)
(1.15386 2.0077e-05 0)
(1.00036 0.00120855 0)
(1.00246 0.0035886 0)
(1.00726 0.00580313 0)
(1.01432 0.00772724 0)
(1.02315 0.00929982 0)
(1.03335 0.0105018 0)
(1.04455 0.0113199 0)
(1.05634 0.0117358 0)
(1.06833 0.0117272 0)
(1.08002 0.0112695 0)
(1.09096 0.0103744 0)
(1.10076 0.00910478 0)
(1.10909 0.00754989 0)
(1.11574 0.00579475 0)
(1.12054 0.00390814 0)
(1.12346 0.00191165 0)
(1.1244 1.7292e-05 0)
(1.12349 -0.00211457 0)
(1.12036 -0.0044805 0)
(1.11479 -0.00723986 0)
(1.10637 -0.0106179 0)
(1.09443 -0.0149358 0)
(1.07793 -0.0206043 0)
(1.05544 -0.0280391 0)
(1.0252 -0.0376553 1.13893e-32)
(0.984875 -0.0497105 -1.14709e-32)
(0.931825 -0.063282 0)
(0.860069 -0.0747997 0)
(0.762914 -0.0823326 0)
(0.71013 -0.0713521 2.18957e-16)
(0 0 0)
(0 0 0)
(0 0 0)
(0 0 0)
(0 0 0)
(0 0 0)
(0 0 0)
(0 0 0)
(0 0 0)
(0 0 0)
(0 0 0)
(0.718309 0.0152359 5.18165e-18)
(0.754071 0.0591853 0)
(0.818055 0.0757761 0)
(0.894841 0.0717552 0)
(0.960167 0.0600813 0)
(1.01047 0.0468808 0)
(1.04866 0.0350729 0)
(1.07688 0.0257015 0)
(1.09741 0.0186576 0)
(1.11228 0.0135158 0)
(1.1231 0.00981472 0)
(1.13099 0.00716533 0)
(1.13679 0.0052663 0)
(1.14107 0.00389789 0)
(1.14426 0.00290333 0)
(1.14665 0.0021729 0)
(1.14844 0.00163216 0)
(1.14979 0.00122997 0)
(1.1508 0.000929042 0)
(1.15157 0.000702145 0)
(1.15215 0.000530093 0)
(1.15259 0.000399688 0)
(1.15292 0.000301724 0)
(1.15317 0.000227945 0)
(1.15336 0.000171872 0)
(1.1535 0.000129072 0)
(1.1536 9.67745e-05 0)
(1.15368 7.26211e-05 0)
(1.15374 5.43237e-05 0)
(1.15379 4.03381e-05 0)
(1.15382 2.96233e-05 0)
(1.15385 2.13121e-05 0)
(1.15387 1.51799e-05 0)
(1.15388 9.30814e-06 0)
(1.00035 6.64296e-06 0)
(1.00236 7.37802e-06 0)
(1.00701 9.27374e-06 0)
(1.01389 1.02907e-05 0)
(1.0225 1.09652e-05 0)
(1.03249 1.08486e-05 0)
(1.04349 9.86981e-06 0)
(1.05511 8.01802e-06 0)
(1.06697 5.44482e-06 0)
(1.0786 2.43297e-06 0)
(1.08952 -6.16472e-07 0)
(1.09936 -3.32959e-06 0)
(1.10775 -5.46184e-06 0)
(1.11449 -6.83481e-06 0)
(1.11935 -7.43189e-06 0)
(1.1224 -7.14124e-06 0)
(1.12314 -6.39157e-06 0)
(1.1222 -5.05837e-06 0)
(1.11897 -2.99414e-06 0)
(1.11317 -4.72341e-08 0)
(1.10436 3.87825e-06 0)
(1.09177 8.88429e-06 0)
(1.07427 1.45236e-05 0)
(1.05025 2.07351e-05 0)
(1.01783 2.46699e-05 0)
(0.974482 1.56837e-05 0)
(0.918245 -1.56548e-05 0)
(0.842142 -5.99578e-05 0)
(0.754416 -7.90475e-05 0)
(0.578276 -3.45553e-05 0)
(0 0 0)
(0 0 0)
(0 0 0)
(0 0 0)
(0 0 0)
(0 0 0)
(0 0 0)
(0 0 0)
(0 0 0)
(0 0 0)
(0 0 0)
(0.716897 4.85428e-06 0)
(0.742919 1.06806e-05 0)
(0.80144 1.92057e-05 0)
(0.88001 2.23549e-05 0)
(0.949105 2.29941e-05 0)
(1.00227 1.68427e-05 0)
(1.04279 7.18218e-06 0)
(1.07274 1.46856e-06 0)
(1.0945 -1.09884e-06 0)
(1.11024 -1.90921e-06 0)
(1.12164 -1.81513e-06 0)
(1.12995 -1.38144e-06 0)
(1.13603 -7.97467e-07 0)
(1.14052 -1.79097e-07 0)
(1.14385 3.60578e-07 0)
(1.14634 7.48483e-07 0)
(1.14821 9.69841e-07 0)
(1.14961 1.05593e-06 0)
(1.15067 1.06511e-06 0)
(1.15148 1.03478e-06 0)
(1.15208 9.66157e-07 0)
(1.15254 8.47554e-07 0)
(1.15288 6.69823e-07 0)
(1.15314 4.48965e-07 0)
(1.15334 2.08366e-07 0)
(1.15348 -2.75022e-08 0)
(1.15359 -2.58414e-07 0)
(1.15368 -4.86935e-07 0)
(1.15374 -7.32929e-07 0)
(1.15379 -1.00126e-06 0)
(1.15382 -1.30028e-06 0)
(1.15385 -1.62349e-06 0)
(1.15387 -1.92662e-06 0)
(1.15389 -2.34453e-06 0)
(1.00036 -0.00119519 0)
(1.00246 -0.00357361 0)
(1.00726 -0.00578437 0)
(1.01432 -0.00770667 0)
(1.02315 -0.00927804 0)
(1.03335 -0.0104804 0)
(1.04455 -0.0113005 0)
(1.05634 -0.0117201 0)
(1.06833 -0.0117166 0)
(1.08002 -0.0112648 0)
(1.09096 -0.0103757 0)
(1.10076 -0.00911144 0)
(1.1091 -0.00756075 0)
(1.11574 -0.00580836 0)
(1.12055 -0.00392297 0)
(1.12346 -0.00192645 0)
(1.12441 -3.03686e-05 0)
(1.12349 0.0021042 0)
(1.12036 0.00447407 0)
(1.11479 0.00723888 0)
(1.10638 0.0106243 0)
(1.09444 0.0149514 0)
(1.07794 0.0206311 0)
(1.05546 0.0280791 0)
(1.02523 0.0377042 0)
(0.984914 0.0497428 0)
(0.931871 0.0632544 0)
(0.860107 0.0746906 0)
(0.76292 0.0821835 0)
(0.710119 0.0712651 -2.18966e-16)
(0 0 0)
(0 0 0)
(0 0 0)
(0 0 0)
(0 0 0)
(0 0 0)
(0 0 0)
(0 0 0)
(0 0 0)
(0 0 0)
(0 0 0)
(0.718323 -0.0152198 -5.14062e-18)
(0.754061 -0.0591538 0)
(0.818032 -0.0757354 0)
(0.894815 -0.0717088 0)
(0.960149 -0.0600383 0)
(1.01046 -0.0468546 0)
(1.04866 -0.0350616 0)
(1.07688 -0.0257002 0)
(1.09741 -0.0186602 0)
(1.11229 -0.0135197 0)
(1.1231 -0.00981826 0)
(1.13099 -0.00716795 0)
(1.13679 -0.00526772 0)
(1.14107 -0.00389813 0)
(1.14426 -0.00290252 0)
(1.14665 -0.00217137 0)
(1.14844 -0.00163019 0)
(1.14979 -0.00122785 0)
(1.1508 -0.0009269 0)
(1.15157 -0.000700086 0)
(1.15215 -0.000528167 0)
(1.15259 -0.000398018 0)
(1.15292 -0.000300402 0)
(1.15317 -0.000227067 0)
(1.15336 -0.000171472 0)
(1.1535 -0.000129138 0)
(1.1536 -9.73067e-05 0)
(1.15368 -7.36039e-05 0)
(1.15374 -5.57971e-05 0)
(1.15379 -4.23422e-05 0)
(1.15382 -3.22112e-05 0)
(1.15385 -2.45406e-05 0)
(1.15386 -1.90352e-05 0)
(1.15388 -1.39825e-05 0)
(1.0004 -0.00247825 0)
(1.00271 -0.00739125 0)
(1.00796 -0.0119317 0)
(1.01565 -0.0158393 0)
(1.02517 -0.0189993 0)
(1.03605 -0.0213838 0)
(1.04787 -0.0229734 0)
(1.06017 -0.0237383 0)
(1.07253 -0.0236301 0)
(1.0844 -0.022612 0)
(1.09536 -0.020733 0)
(1.10505 -0.0181274 0)
(1.11319 -0.0149781 0)
(1.11958 -0.0114693 0)
(1.12418 -0.00774847 0)
(1.12696 -0.00392801 0)
(1.12795 -7.92013e-05 0)
(1.12711 0.00405842 0)
(1.1243 0.00860652 0)
(1.1194 0.0138533 0)
(1.11212 0.0202053 0)
(1.10198 0.0282323 0)
(1.08831 0.0386629 0)
(1.07015 0.0522692 0)
(1.04634 0.0698218 0)
(1.01547 0.0920229 0)
(0.975806 0.118336 0)
(0.922277 0.144416 0)
(0.843035 0.164944 0)
(0.72114 0.140012 2.00568e-16)
(0 0 0)
(0 0 0)
(0 0 0)
(0 0 0)
(0 0 0)
(0 0 0)
(0 0 0)
(0 0 0)
(0 0 0)
(0 0 0)
(0 0 0)
(0.733869 -0.0600072 0)
(0.801502 -0.131464 0)
(0.868651 -0.150696 0)
(0.936823 -0.138521 0)
(0.99189 -0.11421 0)
(1.03383 -0.0884749 0)
(1.06535 -0.0660745 0)
(1.08865 -0.0484424 0)
(1.10569 -0.0352344 0)
(1.11814 -0.0255892 0)
(1.12728 -0.0186341 0)
(1.134 -0.0136401 0)
(1.13898 -0.0100472 0)
(1.14268 -0.0074496 0)
(1.14545 -0.00555625 0)
(1.14753 -0.00416091 0)
(1.14909 -0.00312538 0)
(1.15027 -0.00235554 0)
(1.15116 -0.00177978 0)
(1.15183 -0.00134516 0)
(1.15234 -0.00101468 0)
(1.15273 -0.00076433 0)
(1.15301 -0.000577165 0)
(1.15323 -0.00043658 0)
(1.1534 -0.000329743 0)
(1.15352 -0.000248335 0)
(1.15361 -0.00018642 0)
(1.15368 -0.000140502 0)
(1.15374 -0.000105907 0)
(1.15378 -7.94776e-05 0)
(1.1538 -5.96847e-05 0)
(1.15383 -4.48492e-05 0)
(1.15384 -3.44699e-05 0)
(1.15386 -2.45993e-05 0)
(1.00046 -0.00393256 0)
(1.00316 -0.0117087 0)
(1.00927 -0.018829 0)
(1.01811 -0.024858 0)
(1.02888 -0.0296391 0)
(1.04097 -0.0331571 0)
(1.05386 -0.0354039 0)
(1.06706 -0.0363405 0)
(1.07997 -0.0358998 0)
(1.09208 -0.0340831 0)
(1.10301 -0.0310174 0)
(1.11244 -0.0269227 0)
(1.12015 -0.0220926 0)
(1.12608 -0.016819 0)
(1.13023 -0.0113212 0)
(1.13268 -0.00576255 0)
(1.1335 -0.000158006 0)
(1.13273 0.00572574 0)
(1.13039 0.0121019 0)
(1.12643 0.0193382 0)
(1.12074 0.0279556 0)
(1.11308 0.03866 0)
(1.10315 0.0523319 0)
(1.09057 0.0699353 0)
(1.07483 0.0924365 0)
(1.05529 0.120893 0)
(1.03089 0.155993 0)
(0.998621 0.195912 0)
(0.947351 0.236606 0)
(0.863911 0.249075 9.94726e-17)
(0.712512 0.090245 0)
(0 0 0)
(0 0 0)
(0 0 0)
(0 0 0)
(0 0 0)
(0 0 0)
(0 0 0)
(0 0 0)
(0 0 0)
(0.729209 -0.0235619 0)
(0.80136 -0.130896 -3.7506e-19)
(0.887138 -0.209785 0)
(0.947643 -0.217845 0)
(1.00053 -0.193296 0)
(1.03992 -0.156557 0)
(1.06872 -0.120208 0)
(1.09018 -0.0895742 0)
(1.10621 -0.0657697 0)
(1.11812 -0.0480039 0)
(1.12699 -0.0350139 0)
(1.13362 -0.0256103 0)
(1.13858 -0.0188243 0)
(1.14231 -0.0139155 0)
(1.14511 -0.0103495 0)
(1.14723 -0.00774001 0)
(1.14884 -0.00580535 0)
(1.15005 -0.00436278 0)
(1.15096 -0.00329082 0)
(1.15166 -0.00248964 0)
(1.15218 -0.00188378 0)
(1.15258 -0.00142249 0)
(1.15288 -0.00106989 0)
(1.1531 -0.000807053 0)
(1.15327 -0.000609309 0)
(1.1534 -0.000458858 0)
(1.15349 -0.000342624 0)
(1.15357 -0.000256362 0)
(1.15362 -0.00019353 0)
(1.15366 -0.000146269 0)
(1.15369 -0.000110309 0)
(1.15371 -8.33954e-05 0)
(1.15373 -6.29468e-05 0)
(1.15374 -4.8016e-05 0)
(1.15375 -3.32299e-05 0)
(1.00057 -0.00568427 0)
(1.00392 -0.0168896 0)
(1.01144 -0.0269998 0)
(1.02215 -0.0353559 0)
(1.03491 -0.0417916 0)
(1.04887 -0.0463451 0)
(1.06341 -0.0490297 0)
(1.07778 -0.049783 0)
(1.09134 -0.0486162 0)
(1.10363 -0.0456336 0)
(1.1143 -0.0410722 0)
(1.12315 -0.0352517 0)
(1.13006 -0.0286123 0)
(1.13509 -0.0215615 0)
(1.13842 -0.0143582 0)
(1.14018 -0.00720638 0)
(1.14057 -0.000130258 0)
(1.13977 0.00712899 0)
(1.13789 0.0148496 0)
(1.13498 0.0234447 0)
(1.13106 0.0334946 0)
(1.12613 0.0457598 0)
(1.12015 0.0611316 0)
(1.1132 0.080587 0)
(1.10534 0.105193 0)
(1.09662 0.136287 0)
(1.0868 0.175571 0)
(1.07465 0.224141 0)
(1.05717 0.28075 0)
(1.01758 0.327434 0)
(0.931217 0.264717 2.59515e-17)
(0.742918 0.0466288 0)
(0 0 0)
(0 0 0)
(0 0 0)
(0 0 0)
(0 0 0)
(0 0 0)
(0 0 0)
(0.723709 -0.0130389 -7.18553e-18)
(0.810969 -0.109691 -2.68389e-17)
(0.943919 -0.246355 0)
(1.00812 -0.282092 0)
(1.04921 -0.268349 0)
(1.07837 -0.229185 0)
(1.09684 -0.181999 0)
(1.10953 -0.138619 0)
(1.11924 -0.103304 0)
(1.12687 -0.0761554 0)
(1.13285 -0.0558972 0)
(1.13753 -0.0410164 0)
(1.14119 -0.0301796 0)
(1.14403 -0.0222971 0)
(1.14624 -0.0165447 0)
(1.14793 -0.0123591 0)
(1.14924 -0.00928065 0)
(1.15026 -0.00698169 0)
(1.15102 -0.00525337 0)
(1.15159 -0.00396407 0)
(1.15203 -0.00299626 0)
(1.15237 -0.00226464 0)
(1.15262 -0.00169876 0)
(1.15282 -0.00126827 0)
(1.15296 -0.000957584 0)
(1.15306 -0.000729201 0)
(1.15314 -0.000551378 0)
(1.15319 -0.000416055 0)
(1.15324 -0.000313458 0)
(1.15327 -0.000234618 0)
(1.1533 -0.000175811 0)
(1.15332 -0.000132029 0)
(1.15333 -9.93089e-05 0)
(1.15334 -7.45171e-05 0)
(1.15335 -5.70991e-05 0)
(1.15335 -3.94775e-05 0)
(1.00075 -0.00793402 0)
(1.00518 -0.0234858 0)
(1.015 -0.0371964 0)
(1.02865 -0.0481495 0)
(1.04442 -0.0562543 0)
(1.0611 -0.0616064 0)
(1.07769 -0.0642403 0)
(1.09339 -0.0641999 0)
(1.10746 -0.0616957 0)
(1.11959 -0.0570204 0)
(1.12948 -0.0505483 0)
(1.13707 -0.0426641 0)
(1.14241 -0.0340121 0)
(1.14588 -0.0251552 0)
(1.14775 -0.0164126 0)
(1.14835 -0.00791833 0)
(1.14801 0.00023113 0)
(1.147 0.00839574 0)
(1.14549 0.0168998 0)
(1.14359 0.0261743 0)
(1.14148 0.0368006 0)
(1.13924 0.0495474 0)
(1.13699 0.0652474 0)
(1.13511 0.0847777 0)
(1.13413 0.109138 0)
(1.13469 0.139708 0)
(1.13755 0.178456 0)
(1.14337 0.227517 0)
(1.15282 0.288731 0)
(1.16477 0.357394 0)
(1.14909 0.374402 0)
(1.07209 0.291319 -7.556e-17)
(0.885502 0.101578 -1.28747e-16)
(0 0 0)
(0 0 0)
(0 0 0)
(0 0 0)
(0 0 0)
(0.781859 -0.0344468 4.68615e-18)
(0.882844 -0.122035 -1.38998e-17)
(1.04597 -0.26895 0)
(1.12255 -0.325834 0)
(1.14731 -0.321906 0)
(1.15784 -0.290032 0)
(1.15698 -0.239861 0)
(1.15276 -0.187673 0)
(1.14952 -0.142671 0)
(1.14786 -0.106777 0)
(1.1473 -0.0792671 0)
(1.1474 -0.0586248 0)
(1.14786 -0.0433223 0)
(1.14847 -0.032079 0)
(1.14909 -0.0239061 0)
(1.14969 -0.0178443 0)
(1.15012 -0.013339 0)
(1.15056 -0.0100598 0)
(1.15094 -0.00755068 0)
(1.15124 -0.00563942 0)
(1.15144 -0.00426639 0)
(1.15158 -0.00325941 0)
(1.15169 -0.00247288 0)
(1.15177 -0.00187057 0)
(1.15184 -0.00141104 0)
(1.15189 -0.00105722 0)
(1.15193 -0.000793225 0)
(1.15195 -0.000597229 0)
(1.15197 -0.000449451 0)
(1.15198 -0.000337701 0)
(1.15199 -0.000253309 0)
(1.152 -0.000189963 0)
(1.152 -0.000142468 0)
(1.152 -0.000107034 0)
(1.15201 -8.0103e-05 0)
(1.15201 -6.14432e-05 0)
(1.15201 -4.2553e-05 0)
(1.00107 -0.0110427 0)
(1.00737 -0.032428 0)
(1.02099 -0.0505982 0)
(1.03924 -0.0644609 0)
(1.05929 -0.0740064 0)
(1.07932 -0.0795024 0)
(1.0981 -0.0812443 0)
(1.11483 -0.0794511 0)
(1.12851 -0.0747281 0)
(1.13943 -0.067506 0)
(1.14722 -0.0585322 0)
(1.15216 -0.0482099 0)
(1.15469 -0.0375213 0)
(1.15555 -0.0270965 0)
(1.15515 -0.0169153 0)
(1.15432 -0.00751564 0)
(1.15306 0.00111866 0)
(1.15175 0.00957071 0)
(1.15056 0.018228 0)
(1.14961 0.0274342 0)
(1.14919 0.0378924 0)
(1.1495 0.0504512 0)
(1.15055 0.0655161 0)
(1.15304 0.0836244 0)
(1.15766 0.10586 0)
(1.16539 0.133422 0)
(1.17758 0.167806 0)
(1.19623 0.210762 0)
(1.22412 0.263993 0)
(1.26558 0.326583 0)
(1.31544 0.372182 0)
(1.33783 0.365979 0)
(1.29306 0.307021 -3.6238e-17)
(1.18371 0.191276 0)
(1.01047 0.052012 9.08481e-17)
(0.914902 -0.00572045 9.00069e-32)
(0.947151 -0.0416694 -5.0144e-17)
(1.02248 -0.10689 3.13484e-17)
(1.10827 -0.183869 1.72606e-17)
(1.24697 -0.294771 0)
(1.29665 -0.346139 0)
(1.29537 -0.346835 0)
(1.27595 -0.322827 0)
(1.24794 -0.276641 0)
(1.21991 -0.224047 0)
(1.19749 -0.175079 0)
(1.18149 -0.133842 0)
(1.17045 -0.100923 0)
(1.163 -0.0755822 0)
(1.15807 -0.056448 0)
(1.15479 -0.0421337 0)
(1.15259 -0.0314663 0)
(1.15115 -0.0234348 0)
(1.15019 -0.0174808 0)
(1.1496 -0.0132106 0)
(1.1492 -0.0100972 0)
(1.14887 -0.00766706 0)
(1.14864 -0.00578415 0)
(1.14846 -0.00434863 0)
(1.14832 -0.00327621 0)
(1.1482 -0.00247314 0)
(1.14811 -0.00186538 0)
(1.14804 -0.00140401 0)
(1.14798 -0.00105248 0)
(1.14795 -0.000788053 0)
(1.14792 -0.000591808 0)
(1.14789 -0.000444662 0)
(1.14787 -0.000333584 0)
(1.14786 -0.00024979 0)
(1.14785 -0.000187095 0)
(1.14784 -0.000140206 0)
(1.14784 -0.000105279 0)
(1.14783 -7.8697e-05 0)
(1.14783 -6.03755e-05 0)
(1.14782 -4.20003e-05 0)
(1.00169 -0.0157191 0)
(1.01145 -0.0453408 0)
(1.03149 -0.0691349 0)
(1.05654 -0.0858701 0)
(1.08178 -0.0960388 0)
(1.10492 -0.10038 0)
(1.12432 -0.0997102 0)
(1.13998 -0.0945179 0)
(1.1506 -0.0864978 0)
(1.15764 -0.0760298 0)
(1.16045 -0.0632986 0)
(1.16058 -0.0498629 0)
(1.15936 -0.0372754 0)
(1.15704 -0.0256185 0)
(1.15428 -0.0149812 0)
(1.15169 -0.00563375 0)
(1.14962 0.00276066 0)
(1.14814 0.010842 0)
(1.14744 0.0190366 0)
(1.14765 0.0275234 0)
(1.14882 0.0367577 0)
(1.151 0.0479574 0)
(1.15504 0.0617187 0)
(1.16126 0.0779514 0)
(1.17038 0.0971958 -9.96939e-33)
(1.18345 0.120443 9.88468e-33)
(1.20182 0.14851 0)
(1.22779 0.182307 0)
(1.26462 0.222441 0)
(1.31668 0.26791 0)
(1.38711 0.309768 0)
(1.45526 0.323491 0)
(1.52359 0.29905 0)
(1.56045 0.247134 0)
(1.5553 0.151344 0)
(1.53416 0.035448 0)
(1.52754 -0.0679077 0)
(1.5358 -0.173474 0)
(1.53069 -0.25827 0)
(1.50461 -0.306444 0)
(1.46105 -0.320905 0)
(1.40669 -0.308158 0)
(1.34899 -0.27592 0)
(1.29627 -0.233457 0)
(1.25328 -0.18957 0)
(1.22055 -0.149469 0)
(1.19659 -0.115601 0)
(1.17937 -0.0883359 0)
(1.16715 -0.0669662 0)
(1.15854 -0.0503877 0)
(1.15239 -0.0377118 0)
(1.14799 -0.0284442 0)
(1.145 -0.0216345 0)
(1.14273 -0.0163651 0)
(1.14106 -0.0123825 0)
(1.13979 -0.00937079 0)
(1.13881 -0.00705343 0)
(1.13807 -0.00528499 0)
(1.13753 -0.0039683 0)
(1.13712 -0.00298966 0)
(1.13681 -0.00225446 0)
(1.13657 -0.00169895 0)
(1.13639 -0.00127879 0)
(1.13625 -0.000961196 0)
(1.13615 -0.000722024 0)
(1.13607 -0.000542267 0)
(1.13601 -0.000406907 0)
(1.13597 -0.00030502 0)
(1.13593 -0.000228354 0)
(1.13591 -0.000170886 0)
(1.13589 -0.000127815 0)
(1.13587 -9.58648e-05 0)
(1.13586 -7.15233e-05 0)
(1.13585 -5.49788e-05 0)
(1.13584 -3.84976e-05 0)
(1.00294 -0.0232847 0)
(1.01941 -0.0648738 0)
(1.04993 -0.0952004 0)
(1.08323 -0.113918 0)
(1.11114 -0.122217 0)
(1.133 -0.122008 0)
(1.1472 -0.116481 0)
(1.1562 -0.105801 0)
(1.16019 -0.0917385 0)
(1.15872 -0.076899 0)
(1.15489 -0.0619396 0)
(1.14942 -0.0475092 0)
(1.14312 -0.0341228 0)
(1.13685 -0.0221357 0)
(1.13144 -0.0117754 0)
(1.12732 -0.00291397 0)
(1.1246 0.00472892 0)
(1.1233 0.0117098 0)
(1.12344 0.0187364 0)
(1.12508 0.0261707 0)
(1.1282 0.0345125 0)
(1.13298 0.0442223 0)
(1.13987 0.0556091 0)
(1.14967 0.0684487 0)
(1.16186 0.083712 0)
(1.17903 0.102374 0)
(1.20152 0.124056 0)
(1.23118 0.148817 0)
(1.27053 0.176302 0)
(1.32265 0.204883 0)
(1.39063 0.229659 0)
(1.4685 0.239926 0)
(1.54836 0.227842 0)
(1.61782 0.190955 0)
(1.66769 0.116993 0)
(1.69437 0.0253133 0)
(1.68953 -0.0610662 0)
(1.67025 -0.141882 0)
(1.62542 -0.204724 0)
(1.56255 -0.240936 0)
(1.49064 -0.251507 0)
(1.41798 -0.239722 0)
(1.35086 -0.21386 0)
(1.29334 -0.181816 0)
(1.2468 -0.149036 0)
(1.21066 -0.118819 0)
(1.18332 -0.0928118 0)
(1.16291 -0.0715354 0)
(1.14783 -0.0549265 0)
(1.13684 -0.0419143 0)
(1.12869 -0.0317406 0)
(1.12272 -0.0239887 0)
(1.11826 -0.0181452 0)
(1.1149 -0.0136929 0)
(1.11239 -0.0103489 0)
(1.1105 -0.00783678 0)
(1.10906 -0.00592658 0)
(1.10798 -0.00447144 0)
(1.10717 -0.00337056 0)
(1.10656 -0.0025408 0)
(1.10609 -0.00191428 0)
(1.10574 -0.00144057 0)
(1.10547 -0.00108264 0)
(1.10526 -0.000812207 0)
(1.10511 -0.000608556 0)
(1.10499 -0.000455652 0)
(1.10491 -0.000340926 0)
(1.10484 -0.000254766 0)
(1.10479 -0.000190166 0)
(1.10475 -0.000141847 0)
(1.10472 -0.000105784 0)
(1.1047 -7.91583e-05 0)
(1.10468 -5.89372e-05 0)
(1.10467 -4.53526e-05 0)
(1.10466 -3.20808e-05 0)
(1.00547 -0.0376428 0)
(1.03489 -0.0954211 0)
(1.07831 -0.130832 0)
(1.11192 -0.144959 0)
(1.1305 -0.145124 0)
(1.14324 -0.13604 0)
(1.1439 -0.122652 0)
(1.1388 -0.107319 0)
(1.12871 -0.0899642 0)
(1.11558 -0.0718237 0)
(1.10136 -0.0540302 0)
(1.08777 -0.0380775 0)
(1.07618 -0.0249283 0)
(1.06697 -0.0142892 0)
(1.06031 -0.0057968 0)
(1.05608 0.0010307 0)
(1.05407 0.00668837 0)
(1.05397 0.0119009 0)
(1.05567 0.0171917 0)
(1.05919 0.022814 0)
(1.06459 0.0291392 0)
(1.07209 0.0365432 0)
(1.08208 0.0453125 0)
(1.09506 0.0556049 0)
(1.11122 0.0676068 0)
(1.13156 0.0812682 0)
(1.15706 0.096664 0)
(1.18895 0.113517 0)
(1.22864 0.131 0)
(1.27762 0.147403 0)
(1.337 0.159471 0)
(1.40474 0.161241 0)
(1.47473 0.14812 0)
(1.53949 0.117284 0)
(1.59021 0.0675172 0)
(1.61685 0.00818596 0)
(1.61758 -0.0504468 0)
(1.59392 -0.105451 0)
(1.54799 -0.147552 0)
(1.48616 -0.171521 0)
(1.41681 -0.177633 0)
(1.34722 -0.169278 0)
(1.28359 -0.151724 0)
(1.22872 -0.129849 0)
(1.1835 -0.107277 0)
(1.14749 -0.0862948 0)
(1.1195 -0.068076 0)
(1.0981 -0.0529828 0)
(1.08186 -0.0408689 0)
(1.06955 -0.0313196 0)
(1.06029 -0.02386 0)
(1.05337 -0.0181497 0)
(1.04815 -0.0137988 0)
(1.04419 -0.0104643 0)
(1.0412 -0.00792781 0)
(1.03893 -0.00600245 0)
(1.03721 -0.00453392 0)
(1.03591 -0.00341529 0)
(1.03493 -0.00256881 0)
(1.03419 -0.00193104 0)
(1.03362 -0.00145038 0)
(1.0332 -0.00108816 0)
(1.03288 -0.000815229 0)
(1.03263 -0.000609876 0)
(1.03245 -0.0004556 0)
(1.03231 -0.000340061 0)
(1.03221 -0.000253502 0)
(1.03213 -0.000188765 0)
(1.03207 -0.00014033 0)
(1.03202 -0.000104292 0)
(1.03199 -7.74344e-05 0)
(1.03196 -5.7792e-05 0)
(1.03195 -4.28907e-05 0)
(1.03193 -3.30448e-05 0)
(1.03192 -2.37105e-05 0)
(1.01271 -0.0740215 0)
(1.05998 -0.1484 0)
(1.09686 -0.166305 0)
(1.10938 -0.162833 0)
(1.10325 -0.152908 0)
(1.08638 -0.136057 0)
(1.06124 -0.11381 0)
(1.03127 -0.0902466 0)
(1.00055 -0.0682557 0)
(0.973213 -0.0497174 0)
(0.950428 -0.0344863 0)
(0.932718 -0.0223681 0)
(0.919818 -0.0130446 0)
(0.911068 -0.00596217 0)
(0.905848 -0.000612601 0)
(0.903564 0.00346966 0)
(0.903569 0.00688492 0)
(0.905574 0.010185 0)
(0.909454 0.0135324 0)
(0.915205 0.0172019 0)
(0.922945 0.0214502 0)
(0.932931 0.0264954 0)
(0.945536 0.0324825 0)
(0.961205 0.0394822 0)
(0.980421 0.0475256 0)
(1.00379 0.0565897 0)
(1.032 0.0665449 0)
(1.06572 0.0769998 0)
(1.1056 0.0871779 0)
(1.15196 0.0957553 0)
(1.2045 0.100651 0)
(1.26122 0.0987549 0)
(1.31814 0.0873929 0)
(1.36936 0.0655628 0)
(1.40781 0.0340202 0)
(1.42645 -0.00197244 0)
(1.42384 -0.0384577 0)
(1.39998 -0.0714205 0)
(1.35762 -0.0958229 0)
(1.30229 -0.109111 0)
(1.24076 -0.111737 0)
(1.179 -0.105955 0)
(1.1222 -0.0948835 0)
(1.07258 -0.08136 0)
(1.03105 -0.0674839 0)
(0.997374 -0.0545668 0)
(0.970704 -0.0432853 0)
(0.949925 -0.0338721 0)
(0.933886 -0.0262677 0)
(0.921572 -0.0202145 0)
(0.912181 -0.0154519 0)
(0.905052 -0.011768 0)
(0.899635 -0.00894379 0)
(0.895518 -0.00677943 0)
(0.892395 -0.00512921 0)
(0.890025 -0.0038745 0)
(0.888228 -0.00291979 0)
(0.886868 -0.00219449 0)
(0.885842 -0.0016464 0)
(0.885068 -0.00123364 0)
(0.884484 -0.000923268 0)
(0.884043 -0.000689905 0)
(0.883712 -0.000514758 0)
(0.883462 -0.000383381 0)
(0.883275 -0.000285141 0)
(0.883134 -0.000211727 0)
(0.883029 -0.000157021 0)
(0.88295 -0.000116211 0)
(0.882891 -8.59052e-05 0)
(0.882847 -6.34047e-05 0)
(0.882814 -4.68285e-05 0)
(0.882789 -3.47225e-05 0)
(0.88277 -2.5753e-05 0)
(0.882757 -1.98353e-05 0)
(0.882743 -1.46834e-05 0)
(1.01388 -0.122346 0)
(1.05102 -0.187617 0)
(1.0381 -0.178594 0)
(0.98921 -0.157315 0)
(0.925686 -0.128038 0)
(0.859477 -0.0952735 0)
(0.801318 -0.0679396 0)
(0.752295 -0.0472471 0)
(0.713439 -0.0320496 0)
(0.684338 -0.0210427 0)
(0.663491 -0.0129952 0)
(0.649423 -0.00716812 0)
(0.640656 -0.00303075 0)
(0.635862 -0.000134524 0)
(0.634175 0.00184498 0)
(0.634643 0.00343453 0)
(0.636953 0.00492007 0)
(0.640858 0.0063653 0)
(0.646299 0.00794038 0)
(0.653367 0.00978048 0)
(0.662268 0.0119916 0)
(0.673312 0.0146606 0)
(0.686895 0.0178451 0)
(0.703462 0.0215716 0)
(0.723492 0.025848 0)
(0.747468 0.0306178 0)
(0.775839 0.0357356 0)
(0.808944 0.0409139 0)
(0.846894 0.045655 0)
(0.889357 0.0491845 0)
(0.935247 0.0504013 0)
(0.982489 0.0478553 0)
(1.02726 0.0404175 0)
(1.0648 0.027842 0)
(1.08975 0.0111147 0)
(1.09855 -0.00645394 0)
(1.09064 -0.0244494 0)
(1.06544 -0.0396206 0)
(1.02606 -0.0500904 0)
(0.977401 -0.0550747 0)
(0.92476 -0.055083 0)
(0.872839 -0.0514675 0)
(0.82531 -0.0457582 0)
(0.783706 -0.0391231 0)
(0.748689 -0.0324329 0)
(0.720075 -0.0262463 0)
(0.6972 -0.0208516 0)
(0.679203 -0.0163418 0)
(0.665196 -0.0126819 0)
(0.654379 -0.00976242 0)
(0.646081 -0.0074625 0)
(0.639748 -0.00567737 0)
(0.634928 -0.00430558 0)
(0.631266 -0.00325517 0)
(0.628489 -0.00245468 0)
(0.626388 -0.0018467 0)
(0.6248 -0.00138545 0)
(0.623603 -0.00103633 0)
(0.622703 -0.000773388 0)
(0.622028 -0.000576113 0)
(0.621521 -0.000428432 0)
(0.621142 -0.000317987 0)
(0.620858 -0.000235558 0)
(0.620645 -0.000174116 0)
(0.620487 -0.000128456 0)
(0.62037 -9.45569e-05 0)
(0.620282 -6.94692e-05 0)
(0.620217 -5.08951e-05 0)
(0.620169 -3.72235e-05 0)
(0.620133 -2.71709e-05 0)
(0.620106 -1.98675e-05 0)
(0.620087 -1.45958e-05 0)
(0.620072 -1.0825e-05 0)
(0.620062 -8.38744e-06 0)
(0.62005 -6.7473e-06 0)
(0.792504 -0.0207754 0)
(0.749417 -0.0857943 0)
(0.648125 -0.0834743 0)
(0.515386 -0.0486452 0)
(0.419607 -0.0245446 0)
(0.357438 -0.0130944 0)
(0.314966 -0.00696857 0)
(0.285519 -0.00351737 0)
(0.265735 -0.00162468 0)
(0.252833 -0.000628695 0)
(0.244745 -7.00245e-05 0)
(0.240092 0.000269659 0)
(0.237893 0.00048533 0)
(0.23746 0.000625097 0)
(0.238172 0.000766899 0)
(0.239777 0.000909745 0)
(0.242184 0.00105575 0)
(0.245354 0.0012411 0)
(0.249331 0.00148342 0)
(0.254241 0.00179178 0)
(0.260271 0.00217856 0)
(0.26766 0.00265582 0)
(0.276691 0.00323224 0)
(0.287675 0.00391042 0)
(0.300932 0.00468879 0)
(0.316767 0.00554631 0)
(0.335432 0.00644162 0)
(0.357057 0.0073008 0)
(0.381551 0.00800507 0)
(0.408454 0.00838064 0)
(0.436767 0.00819813 0)
(0.46479 0.00722084 0)
(0.489951 0.00536378 0)
(0.509579 0.00276553 0)
(0.520205 -0.000227851 0)
(0.52106 -0.00331211 0)
(0.512321 -0.00627998 0)
(0.493723 -0.0082557 0)
(0.467924 -0.00930726 0)
(0.438026 -0.00948878 0)
(0.40691 -0.00899275 0)
(0.377031 -0.00811527 0)
(0.349891 -0.00706013 0)
(0.326239 -0.00593674 0)
(0.306343 -0.0048565 0)
(0.290058 -0.00388777 0)
(0.277007 -0.00305952 0)
(0.266712 -0.00237615 0)
(0.258688 -0.00182687 0)
(0.252491 -0.00139203 0)
(0.247741 -0.00105186 0)
(0.244123 -0.000790311 0)
(0.241379 -0.000591407 0)
(0.239305 -0.000440771 0)
(0.237742 -0.000327178 0)
(0.236566 -0.000242048 0)
(0.235685 -0.000178192 0)
(0.235027 -0.000130645 0)
(0.234536 -9.53324e-05 0)
(0.234171 -6.94215e-05 0)
(0.233901 -5.02932e-05 0)
(0.2337 -3.63571e-05 0)
(0.233552 -2.60733e-05 0)
(0.233443 -1.86608e-05 0)
(0.233362 -1.31973e-05 0)
(0.233303 -9.33288e-06 0)
(0.23326 -6.4809e-06 0)
(0.233229 -4.52363e-06 0)
(0.233206 -3.07453e-06 0)
(0.233189 -2.14173e-06 0)
(0.233177 -1.45449e-06 0)
(0.233168 -1.05342e-06 0)
(0.233161 -7.98545e-07 0)
(0.233156 -6.28732e-07 0)
(0.233151 -9.09665e-07 0)
)
;

boundaryField
{
    ibCylinder
    {
        type            movingImmersedBoundaryVelocity;
        patchType       immersedBoundary;
        setDeadValue    true;
        deadValue       (0 0 0);
        value           nonuniform List<vector> 0();
    }
    in
    {
        type            fixedValue;
        value           uniform (1 0 0);
    }
    out
    {
        type            inletOutlet;
        inletValue      uniform (0 0 0);
        value           nonuniform List<vector> 
25
(
(0.233156 7.3932e-07 0)
(0.620056 6.11e-06 0)
(0.882745 1.3443e-05 0)
(1.03192 2.18645e-05 0)
(1.10466 2.96719e-05 0)
(1.13585 3.55664e-05 0)
(1.14783 3.86073e-05 0)
(1.15201 3.87945e-05 0)
(1.15336 3.53862e-05 0)
(1.15375 2.88737e-05 0)
(1.15386 2.0077e-05 0)
(1.15388 9.30814e-06 0)
(1.15389 -2.34453e-06 0)
(1.15388 -1.39825e-05 0)
(1.15386 -2.45993e-05 0)
(1.15375 -3.32299e-05 0)
(1.15335 -3.94775e-05 0)
(1.15201 -4.2553e-05 0)
(1.14782 -4.20003e-05 0)
(1.13584 -3.84976e-05 0)
(1.10466 -3.20808e-05 0)
(1.03192 -2.37105e-05 0)
(0.882743 -1.46834e-05 0)
(0.62005 -6.7473e-06 0)
(0.233151 -9.09665e-07 0)
)
;
    }
    top
    {
        type            fixedValue;
        value           uniform (0 0 0);
    }
    bottom
    {
        type            fixedValue;
        value           uniform (0 0 0);
    }
    frontAndBack
    {
        type            empty;
    }
}


// ************************************************************************* //
