/*--------------------------------*- C++ -*----------------------------------*\
| =========                 |                                                 |
| \\      /  F ield         | OpenFOAM: The Open Source CFD Toolbox           |
|  \\    /   O peration     | Version:  2206                                  |
|   \\  /    A nd           | Website:  www.openfoam.com                      |
|    \\/     M anipulation  |                                                 |
\*---------------------------------------------------------------------------*/
FoamFile
{
    version     2.0;
    format      ascii;
    arch        "LSB;label=32;scalar=64";
    class       volVectorField;
    location    "0.9";
    object      U;
}
// * * * * * * * * * * * * * * * * * * * * * * * * * * * * * * * * * * * * * //

dimensions      [0 1 -1 0 0 0 0];

internalField   nonuniform List<vector> 
1875
(
(0.792618 0.020717 0)
(0.74989 0.0856072 0)
(0.648983 0.083367 0)
(0.516552 0.0485998 0)
(0.420928 0.024459 0)
(0.35848 0.0131045 0)
(0.315255 0.00699977 0)
(0.284599 0.00351494 0)
(0.263152 0.00158813 0)
(0.248211 0.000509162 0)
(0.237956 -0.000166495 0)
(0.231304 -0.000675118 0)
(0.227645 -0.00114 0)
(0.226876 -0.0016357 0)
(0.228735 -0.0023013 0)
(0.233422 -0.00309492 0)
(0.241388 -0.00405877 0)
(0.253238 -0.00525015 0)
(0.269678 -0.00675113 0)
(0.291672 -0.00864008 0)
(0.32044 -0.0110003 0)
(0.35745 -0.0139146 0)
(0.404409 -0.0174504 0)
(0.463194 -0.0216347 0)
(0.535722 -0.0264093 0)
(0.623689 -0.0315703 0)
(0.728171 -0.0366814 0)
(0.849006 -0.0409825 0)
(0.984084 -0.0433237 0)
(1.12845 -0.0430772 0)
(1.27418 -0.0375522 0)
(1.40919 -0.0231341 0)
(1.51801 -0.00338433 0)
(1.58478 0.0194331 0)
(1.59352 0.0408109 0)
(1.55178 0.064258 0)
(1.45481 0.0778154 0)
(1.31516 0.0849426 0)
(1.14701 0.0825591 0)
(0.967048 0.0722086 0)
(0.789862 0.0563301 0)
(0.631493 0.0362549 0)
(0.497049 0.0187569 0)
(0.384928 0.00880671 0)
(0.294336 0.0039088 0)
(0.22252 0.00170332 0)
(0.167001 0.000631506 0)
(0.12537 4.85171e-05 0)
(0.0957455 -0.000466336 0)
(0.0760186 -0.00107187 0)
(0.0646886 -0.00169009 0)
(0.0601247 -0.00215746 0)
(0.0607364 -0.00222599 0)
(0.0650042 -0.00233692 0)
(0.0720379 -0.00241465 0)
(0.0811102 -0.00232142 0)
(0.0911108 -0.00227028 0)
(0.101444 -0.00212585 0)
(0.111552 -0.00194891 0)
(0.12104 -0.00174891 0)
(0.129645 -0.00157512 0)
(0.137228 -0.0015069 0)
(0.143778 -0.00149936 0)
(0.14935 -0.00135558 0)
(0.154041 -0.00109847 0)
(0.157647 -0.000873363 0)
(0.160664 -0.000684999 0)
(0.163118 -0.00053833 0)
(0.165017 -0.000418453 0)
(0.1665 -0.000320025 0)
(0.167646 -0.000242323 0)
(0.168522 -0.000181708 0)
(0.169185 -0.000134396 0)
(0.169687 -9.47874e-05 0)
(0.170129 -9.56312e-05 0)
(1.01389 0.121973 0)
(1.05135 0.187018 0)
(1.03884 0.178088 0)
(0.990454 0.157048 0)
(0.92703 0.128189 0)
(0.860193 0.0966065 0)
(0.800332 0.0703973 0)
(0.7484 0.0507506 0)
(0.705316 0.0365099 0)
(0.670743 0.0260341 0)
(0.643758 0.017976 0)
(0.623446 0.0114575 0)
(0.609037 0.00576349 0)
(0.600152 0.000396791 0)
(0.596778 -0.00483128 0)
(0.598789 -0.0105739 0)
(0.606845 -0.0171369 0)
(0.621586 -0.0247832 0)
(0.643928 -0.0338629 0)
(0.67511 -0.0447661 0)
(0.716702 -0.0579055 0)
(0.770581 -0.0736761 0)
(0.838908 -0.0924014 0)
(0.924048 -0.114246 0)
(1.02843 -0.139069 0)
(1.15432 -0.166226 0)
(1.3034 -0.194299 0)
(1.47623 -0.220824 0)
(1.67144 -0.24203 0)
(1.88475 -0.253009 0)
(2.10769 -0.248235 0)
(2.32976 -0.221895 0)
(2.53332 -0.170432 0)
(2.69949 -0.0951322 0)
(2.81001 -0.00421959 0)
(2.85014 0.0843927 0)
(2.82596 0.164092 0)
(2.73902 0.229786 0)
(2.59893 0.273566 0)
(2.41704 0.293241 0)
(2.20396 0.293669 0)
(1.96851 0.277921 0)
(1.71984 0.25029 0)
(1.46979 0.215592 0)
(1.23352 0.1779 0)
(1.02211 0.140529 0)
(0.842764 0.10664 0)
(0.695552 0.0776928 0)
(0.579509 0.0537173 0)
(0.492079 0.034236 0)
(0.429406 0.0186147 0)
(0.386548 0.00638904 0)
(0.360188 -0.00266276 0)
(0.34765 -0.00935683 0)
(0.345091 -0.0140912 0)
(0.349122 -0.0171696 0)
(0.358105 -0.0184172 0)
(0.369536 -0.0186136 0)
(0.382316 -0.0178403 0)
(0.395373 -0.0164661 0)
(0.407839 -0.014699 0)
(0.419277 -0.0127867 0)
(0.429448 -0.0108678 0)
(0.438249 -0.00907113 0)
(0.445728 -0.00745842 0)
(0.451931 -0.00605535 0)
(0.457039 -0.00485978 0)
(0.461189 -0.00386548 0)
(0.464497 -0.00303868 0)
(0.467109 -0.00236271 0)
(0.469151 -0.00181825 0)
(0.470729 -0.00138432 0)
(0.471938 -0.0010412 0)
(0.472835 -0.000770896 0)
(0.473645 -0.000561135 0)
(1.01272 0.073594 0)
(1.06005 0.147405 0)
(1.09733 0.165358 0)
(1.11047 0.162183 0)
(1.10471 0.15324 0)
(1.08803 0.138087 0)
(1.06289 0.117854 0)
(1.03202 0.0964667 0)
(0.999482 0.0770673 0)
(0.968913 0.0603818 0)
(0.941953 0.046012 0)
(0.91936 0.0334518 0)
(0.901347 0.0219352 0)
(0.888165 0.0107624 0)
(0.880237 -0.000513949 0)
(0.877922 -0.0124037 0)
(0.881785 -0.0257564 0)
(0.892532 -0.040921 0)
(0.911035 -0.058543 0)
(0.93848 -0.0793267 0)
(0.976326 -0.104 0)
(1.02637 -0.133276 0)
(1.09074 -0.167772 0)
(1.17188 -0.207868 0)
(1.27249 -0.253477 0)
(1.39541 -0.303728 0)
(1.54335 -0.356544 0)
(1.71844 -0.408106 0)
(1.92132 -0.452268 0)
(2.15004 -0.481122 0)
(2.39918 -0.484182 0)
(2.65616 -0.450183 0)
(2.90386 -0.371888 0)
(3.11365 -0.252854 0)
(3.26448 -0.104825 0)
(3.34542 0.0494574 0)
(3.35874 0.187439 0)
(3.31404 0.30326 0)
(3.22061 0.392504 0)
(3.09252 0.452198 0)
(2.93726 0.486395 0)
(2.75468 0.498601 0)
(2.54628 0.491557 0)
(2.31914 0.467676 0)
(2.08082 0.429165 0)
(1.8394 0.378713 0)
(1.60302 0.320273 0)
(1.38411 0.259209 0)
(1.1913 0.19997 0)
(1.03038 0.146365 0)
(0.902922 0.100676 0)
(0.806482 0.0633895 0)
(0.737264 0.0337413 0)
(0.690617 0.0109873 0)
(0.661554 -0.00565201 0)
(0.645693 -0.0169958 0)
(0.640031 -0.0239447 0)
(0.640805 -0.0272045 0)
(0.646025 -0.0285884 0)
(0.653843 -0.0278693 0)
(0.662525 -0.0258671 0)
(0.671531 -0.0232501 0)
(0.680238 -0.0203183 0)
(0.688189 -0.0173645 0)
(0.695242 -0.0145526 0)
(0.701331 -0.0119986 0)
(0.706474 -0.00975673 0)
(0.710737 -0.00783518 0)
(0.714214 -0.00621824 0)
(0.717014 -0.00488012 0)
(0.71924 -0.00378861 0)
(0.720986 -0.00290901 0)
(0.72235 -0.00220263 0)
(0.723354 -0.00165385 0)
(0.724324 -0.00115586 0)
(1.00549 0.0371913 0)
(1.03493 0.0942678 0)
(1.07863 0.129373 0)
(1.11264 0.143684 0)
(1.13244 0.144763 0)
(1.14588 0.137231 0)
(1.14843 0.125855 0)
(1.14478 0.113499 0)
(1.13624 0.0997322 0)
(1.12467 0.084221 0)
(1.11147 0.0679741 0)
(1.09825 0.0523699 0)
(1.08612 0.0372484 0)
(1.07609 0.021947 0)
(1.06913 0.0059542 0)
(1.06599 -0.0113728 0)
(1.06746 -0.0306126 0)
(1.07419 -0.0525179 0)
(1.08708 -0.0779656 0)
(1.10743 -0.107886 0)
(1.13626 -0.143333 0)
(1.17553 -0.185308 0)
(1.22747 -0.234877 0)
(1.2948 -0.292846 0)
(1.38084 -0.359519 1.75221e-33)
(1.48957 -0.434417 -1.68657e-33)
(1.62549 -0.515478 0)
(1.79349 -0.598099 0)
(1.99779 -0.674237 0)
(2.24165 -0.732107 0)
(2.52467 -0.753378 0)
(2.82402 -0.719576 0)
(3.10436 -0.616007 0)
(3.3268 -0.440719 0)
(3.47052 -0.223834 0)
(3.55341 -0.00223431 0)
(3.54076 0.205439 0)
(3.4912 0.369773 0)
(3.40316 0.490574 0)
(3.2949 0.573776 0)
(3.17233 0.632079 0)
(3.03651 0.669572 0)
(2.88535 0.687364 0)
(2.71792 0.683778 0)
(2.53552 0.659537 0)
(2.34127 0.616853 0)
(2.1388 0.558738 0)
(1.9335 0.488005 0)
(1.73112 0.407793 0)
(1.54293 0.324923 0)
(1.37648 0.245951 0)
(1.23676 0.175677 0)
(1.12517 0.116387 0)
(1.04014 0.0687535 0)
(0.97815 0.0323586 0)
(0.935113 0.00587051 0)
(0.906869 -0.0123003 0)
(0.890002 -0.0237036 0)
(0.881169 -0.0301025 0)
(0.877566 -0.0322112 0)
(0.877998 -0.0318013 0)
(0.880359 -0.0301247 0)
(0.883989 -0.0272562 0)
(0.888214 -0.0239236 0)
(0.892563 -0.0204857 0)
(0.896705 -0.0171953 0)
(0.900453 -0.0141984 0)
(0.903734 -0.0115536 0)
(0.906531 -0.00927809 0)
(0.908867 -0.00736016 0)
(0.910785 -0.00577013 0)
(0.912329 -0.00447299 0)
(0.913572 -0.00341389 0)
(0.914491 -0.00260294 0)
(0.91544 -0.00180402 0)
(1.00295 0.0228019 0)
(1.01946 0.0636431 0)
(1.05013 0.0934366 0)
(1.08371 0.11188 0)
(1.11262 0.120551 0)
(1.13593 0.121454 0)
(1.15282 0.117308 0)
(1.16406 0.109385 0)
(1.17214 0.097602 0)
(1.1757 0.0847933 0)
(1.1761 0.0725305 0)
(1.1749 0.0593285 0)
(1.17253 0.0448026 0)
(1.16998 0.0286885 0)
(1.16813 0.0104274 0)
(1.16773 -0.0101951 0)
(1.16945 -0.0334235 0)
(1.17394 -0.0600901 0)
(1.18198 -0.0914131 0)
(1.19502 -0.127956 0)
(1.21366 -0.171415 0)
(1.24048 -0.223934 0)
(1.27743 -0.286659 0)
(1.32762 -0.361101 0)
(1.39515 -0.44854 0)
(1.48554 -0.549383 0)
(1.60589 -0.662446 0)
(1.76498 -0.783833 0)
(1.97343 -0.905152 0)
(2.244 -1.01265 0)
(2.56945 -1.0763 0)
(2.87652 -1.05073 0)
(3.12272 -0.917408 0)
(3.31177 -0.659991 0)
(3.37694 -0.344957 0)
(3.3769 -0.0411829 0)
(3.32692 0.221229 0)
(3.25108 0.426677 0)
(3.16869 0.570019 0)
(3.09366 0.667476 0)
(3.01975 0.735696 0)
(2.9337 0.779719 0)
(2.84331 0.803672 0)
(2.74114 0.812432 0)
(2.61655 0.802336 0)
(2.47715 0.771755 0)
(2.32706 0.726707 0)
(2.17016 0.666682 0)
(2.0101 0.590695 0)
(1.85161 0.502531 0)
(1.69894 0.408384 0)
(1.55853 0.316178 0)
(1.43502 0.231796 0)
(1.33146 0.159299 0)
(1.2482 0.100469 0)
(1.18369 0.0550798 0)
(1.1354 0.0217813 0)
(1.10046 -0.00125914 0)
(1.07595 -0.0160969 0)
(1.05955 -0.0246294 0)
(1.0494 -0.02865 0)
(1.04318 -0.0293664 0)
(1.04002 -0.0282406 0)
(1.03884 -0.0260336 0)
(1.03888 -0.023102 0)
(1.03976 -0.0199454 0)
(1.04108 -0.0168384 0)
(1.04257 -0.013957 0)
(1.04406 -0.0113925 0)
(1.04544 -0.0091693 0)
(1.04667 -0.00728124 0)
(1.04772 -0.00571244 0)
(1.04861 -0.0044053 0)
(1.04929 -0.00340368 0)
(1.05004 -0.00237208 0)
(1.00169 0.0152026 0)
(1.01148 0.0440643 0)
(1.03158 0.067192 0)
(1.0568 0.0833504 0)
(1.08257 0.093221 0)
(1.10685 0.0977418 0)
(1.12851 0.097853 0)
(1.14699 0.0942385 0)
(1.16199 0.0875827 0)
(1.17343 0.0787115 0)
(1.18206 0.0682474 0)
(1.18868 0.05607 0)
(1.1936 0.0419571 0)
(1.19767 0.025836 0)
(1.20044 0.00776574 0)
(1.20266 -0.0127937 0)
(1.20489 -0.0366002 0)
(1.20773 -0.0646084 0)
(1.21167 -0.0983182 0)
(1.21796 -0.139174 0)
(1.22761 -0.188469 0)
(1.24226 -0.248271 0)
(1.26392 -0.320992 0)
(1.29569 -0.409276 0)
(1.34213 -0.515923 0)
(1.40991 -0.64357 0)
(1.50872 -0.793835 0)
(1.65233 -0.966206 0)
(1.8616 -1.15618 0)
(2.14381 -1.34965 0)
(2.44007 -1.42633 0)
(2.62565 -1.34648 0)
(2.72023 -1.15679 0)
(2.61588 -0.780971 0)
(2.42919 -0.358305 0)
(2.26447 0.0268774 0)
(2.19495 0.320638 0)
(2.19646 0.511902 0)
(2.22037 0.623872 0)
(2.28236 0.707813 0)
(2.36184 0.78034 0)
(2.42438 0.839713 0)
(2.44775 0.880121 0)
(2.44072 0.903809 0)
(2.4057 0.918979 0)
(2.34457 0.904598 0)
(2.2586 0.865517 0)
(2.1636 0.802574 0)
(2.0525 0.723835 0)
(1.93517 0.634184 0)
(1.81838 0.538807 0)
(1.70591 0.440363 0)
(1.60124 0.34454 0)
(1.50712 0.256876 0)
(1.42525 0.181293 0)
(1.35625 0.119531 0)
(1.29991 0.071564 0)
(1.25522 0.0361187 0)
(1.22067 0.0112139 0)
(1.19451 -0.00528224 0)
(1.17518 -0.0153038 0)
(1.16136 -0.0206068 0)
(1.15173 -0.0227378 0)
(1.14521 -0.0227365 0)
(1.14096 -0.0214131 0)
(1.13833 -0.0193823 0)
(1.13685 -0.0169895 0)
(1.13616 -0.014508 0)
(1.13599 -0.0121281 0)
(1.13613 -0.00995914 0)
(1.13644 -0.00804568 0)
(1.1368 -0.0064091 0)
(1.13719 -0.00500849 0)
(1.13752 -0.00391714 0)
(1.13791 -0.00275286 0)
(1.00106 0.0105431 0)
(1.00735 0.0311154 0)
(1.02096 0.0485956 0)
(1.03922 0.0617384 0)
(1.05944 0.0705841 0)
(1.07999 0.0755345 0)
(1.10004 0.077122 0)
(1.11887 0.0757401 0)
(1.13584 0.0717008 0)
(1.15052 0.0654599 0)
(1.16299 0.0573662 0)
(1.17353 0.047399 0)
(1.18213 0.0354611 0)
(1.18886 0.0214126 0)
(1.194 0.00489198 0)
(1.19738 -0.0149227 0)
(1.19937 -0.038694 0)
(1.20037 -0.067264 0)
(1.2007 -0.101753 0)
(1.20071 -0.14373 0)
(1.20101 -0.195334 0)
(1.20263 -0.259179 0)
(1.2072 -0.338411 0)
(1.21743 -0.436977 0)
(1.23763 -0.559735 0)
(1.27485 -0.712467 0)
(1.34034 -0.90152 0)
(1.45157 -1.13376 0)
(1.62964 -1.41166 0)
(1.85441 -1.62075 0)
(1.93297 -1.57959 0)
(1.57791 -1.22676 0)
(1.02616 -0.685549 -4.32538e-18)
(0.510282 -0.163795 2.28569e-16)
(-0.0646947 -0.0393283 0)
(-0.0114616 0.00712831 0)
(0.203658 0.209681 0)
(0.33731 0.356891 -2.81168e-16)
(0.493292 0.450763 0)
(0.807921 0.516683 0)
(1.12653 0.606111 0)
(1.40255 0.702704 0)
(1.6172 0.791542 0)
(1.7694 0.861206 0)
(1.86708 0.900539 0)
(1.92213 0.913376 0)
(1.93603 0.906799 0)
(1.92528 0.874407 0)
(1.8902 0.813727 0)
(1.83694 0.732067 0)
(1.77168 0.635269 0)
(1.70028 0.532464 0)
(1.62706 0.429912 0)
(1.55669 0.334849 0)
(1.49223 0.251465 0)
(1.43492 0.180813 0)
(1.38502 0.123233 0)
(1.34253 0.0783648 0)
(1.30719 0.0449004 0)
(1.27842 0.020979 0)
(1.25552 0.00466665 0)
(1.2377 -0.00580903 0)
(1.22417 -0.0119841 0)
(1.21409 -0.0151075 0)
(1.20675 -0.0161318 0)
(1.2015 -0.0158019 0)
(1.19783 -0.0146623 0)
(1.19533 -0.0130943 0)
(1.19368 -0.0113512 0)
(1.19263 -0.00959916 0)
(1.192 -0.00794141 0)
(1.19165 -0.00645217 0)
(1.19147 -0.00512546 0)
(1.19141 -0.00406251 0)
(1.19141 -0.00288736 0)
(1.00073 0.00745745 0)
(1.0051 0.0222201 0)
(1.01482 0.0352442 0)
(1.02834 0.0454726 0)
(1.04397 0.0527227 0)
(1.06062 0.05716 0)
(1.07752 0.0590043 0)
(1.09408 0.0584889 0)
(1.10973 0.0558221 0)
(1.12409 0.0512547 0)
(1.13691 0.0449445 0)
(1.14808 0.0368449 0)
(1.15741 0.0267733 0)
(1.16471 0.0144925 0)
(1.16991 -0.000310674 0)
(1.17292 -0.0181108 0)
(1.17361 -0.039698 0)
(1.17181 -0.0661271 0)
(1.16735 -0.0987629 0)
(1.16015 -0.139329 0)
(1.15023 -0.190045 0)
(1.13784 -0.253873 0)
(1.12369 -0.334736 0)
(1.10927 -0.437872 0)
(1.09754 -0.570295 3.44672e-32)
(1.0941 -0.741359 -3.32882e-32)
(1.10839 -0.963352 0)
(1.15447 -1.24983 0)
(1.24799 -1.57181 0)
(1.20325 -1.66398 0)
(0.681526 -1.08803 0)
(-0.188579 -0.310506 0)
(0 0 0)
(0 0 0)
(0 0 0)
(0 0 0)
(0 0 0)
(-0.586866 0.0124158 -4.1044e-16)
(-0.432292 0.105647 0)
(-0.292044 0.136122 0)
(-0.00942414 0.239753 0)
(0.325128 0.376894 0)
(0.641651 0.526039 0)
(0.912703 0.664375 0)
(1.12726 0.7694 0)
(1.28722 0.835301 0)
(1.39923 0.860023 0)
(1.4782 0.849851 0)
(1.52815 0.816537 0)
(1.55492 0.755702 0)
(1.56064 0.675298 0)
(1.55014 0.583203 0)
(1.52774 0.486467 0)
(1.49762 0.390937 0)
(1.46307 0.302875 0)
(1.42861 0.226572 0)
(1.39522 0.163888 0)
(1.36439 0.113883 0)
(1.33698 0.0753817 0)
(1.31328 0.0464746 0)
(1.29326 0.0254492 0)
(1.27673 0.0107388 0)
(1.26336 0.000894768 0)
(1.25277 -0.00529523 0)
(1.24455 -0.00880061 0)
(1.23828 -0.0104183 0)
(1.23357 -0.0107684 0)
(1.23007 -0.0103204 0)
(1.2275 -0.00941116 0)
(1.22565 -0.00827308 0)
(1.22432 -0.00705768 0)
(1.22339 -0.00587867 0)
(1.22274 -0.00476357 0)
(1.22232 -0.00384031 0)
(1.22192 -0.00277156 0)
(1.00055 0.00526195 0)
(1.00378 0.0157528 0)
(1.0111 0.0252285 0)
(1.02152 0.0329076 0)
(1.03391 0.0385235 0)
(1.04745 0.0420969 0)
(1.06153 0.0437394 0)
(1.07565 0.0435764 0)
(1.08927 0.0417219 0)
(1.10202 0.0382905 0)
(1.11358 0.0333483 0)
(1.12369 0.0268479 0)
(1.13206 0.018668 0)
(1.1384 0.00855507 0)
(1.14236 -0.00381059 0)
(1.1436 -0.0189625 0)
(1.14172 -0.0376548 0)
(1.13619 -0.0608588 0)
(1.12644 -0.0898453 0)
(1.11179 -0.126317 0)
(1.0915 -0.172582 0)
(1.06479 -0.231793 0)
(1.03098 -0.308294 0)
(0.989637 -0.408135 0)
(0.941097 -0.539901 0)
(0.887192 -0.715734 0)
(0.830199 -0.951881 0)
(0.785602 -1.25038 0)
(0.662368 -1.49294 0)
(0.165957 -1.00879 3.61007e-18)
(-0.374409 -0.298931 0)
(0 0 0)
(0 0 0)
(0 0 0)
(0 0 0)
(0 0 0)
(0 0 0)
(0 0 0)
(0 0 0)
(-0.664424 -0.0330108 0)
(-0.578166 -0.0531016 0)
(-0.369045 0.0575351 0)
(-0.110754 0.224205 0)
(0.143036 0.392045 0)
(0.379186 0.538538 0)
(0.591224 0.650254 0)
(0.771383 0.717811 0)
(0.922373 0.745186 0)
(1.04602 0.736635 0)
(1.14605 0.699953 0)
(1.22322 0.641534 0)
(1.27949 0.567762 0)
(1.31715 0.485332 0)
(1.339 0.40096 0)
(1.34829 0.32073 0)
(1.3482 0.248654 0)
(1.34193 0.187151 0)
(1.33201 0.136505 0)
(1.3203 0.095961 0)
(1.30818 0.064674 0)
(1.29657 0.0411941 0)
(1.28601 0.0240845 0)
(1.27669 0.0119562 0)
(1.26872 0.00368479 0)
(1.26204 -0.00165373 0)
(1.25657 -0.0048213 0)
(1.25214 -0.00644229 0)
(1.2486 -0.00701727 0)
(1.24581 -0.00691751 0)
(1.24364 -0.00640954 0)
(1.24197 -0.00567909 0)
(1.24071 -0.00486818 0)
(1.23972 -0.00403182 0)
(1.23906 -0.00330878 0)
(1.23831 -0.00242672 0)
(1.00043 0.00359146 0)
(1.00298 0.010779 0)
(1.00878 0.0173697 0)
(1.01718 0.022829 0)
(1.02737 0.0269118 0)
(1.03872 0.0295728 0)
(1.05068 0.0308471 0)
(1.06281 0.030802 0)
(1.07464 0.0294964 0)
(1.08574 0.026981 0)
(1.09579 0.0232739 0)
(1.10443 0.018327 0)
(1.11132 0.0120426 0)
(1.11607 0.00422251 0)
(1.1182 -0.00545806 0)
(1.1172 -0.0174318 0)
(1.11241 -0.0323231 0)
(1.10305 -0.0509672 0)
(1.08813 -0.0744859 0)
(1.06639 -0.104407 0)
(1.0363 -0.142835 0)
(0.995951 -0.192703 0)
(0.943018 -0.258175 0)
(0.874751 -0.345305 0)
(0.787937 -0.462916 5.31963e-33)
(0.678907 -0.623929 -5.2635e-33)
(0.546097 -0.842866 0)
(0.375492 -1.08624 0)
(0.0090753 -1.0435 0)
(-0.51342 -0.30803 0)
(0 0 0)
(0 0 0)
(0 0 0)
(0 0 0)
(0 0 0)
(0 0 0)
(0 0 0)
(0 0 0)
(0 0 0)
(0 0 0)
(-0.715085 -0.137518 0)
(-0.688419 -0.124484 0)
(-0.552159 0.0103774 0)
(-0.385387 0.173846 0)
(-0.199439 0.323508 0)
(-0.00652933 0.444911 0)
(0.184047 0.529194 0)
(0.367308 0.576605 0)
(0.539761 0.590528 0)
(0.696266 0.576295 0)
(0.833728 0.540104 0)
(0.95045 0.488055 0)
(1.04573 0.425961 0)
(1.12048 0.359606 0)
(1.17661 0.294272 0)
(1.21669 0.233845 0)
(1.24379 0.180735 0)
(1.26096 0.135873 0)
(1.2708 0.0991998 0)
(1.27542 0.0700776 0)
(1.27651 0.0475233 0)
(1.27537 0.0305772 0)
(1.27284 0.018146 0)
(1.26973 0.00929159 0)
(1.26637 0.00331144 0)
(1.26304 -0.000543328 0)
(1.25994 -0.00281951 0)
(1.25714 -0.00400865 0)
(1.25471 -0.00446439 0)
(1.25267 -0.00443875 0)
(1.25096 -0.00411639 0)
(1.24959 -0.00364126 0)
(1.24845 -0.00308395 0)
(1.24765 -0.00257189 0)
(1.24669 -0.00191394 0)
(1.00036 0.00224131 0)
(1.00249 0.00673398 0)
(1.00736 0.0108957 0)
(1.01449 0.0143934 0)
(1.02327 0.0170483 0)
(1.03317 0.0188045 0)
(1.04371 0.0196638 0)
(1.05445 0.0196564 0)
(1.06496 0.0188082 0)
(1.0748 0.0171394 0)
(1.08361 0.0146476 0)
(1.09098 0.0112887 0)
(1.09653 0.0069773 0)
(1.09978 0.0016499 0)
(1.10024 -0.00502287 0)
(1.0972 -0.0133116 0)
(1.08986 -0.0236771 0)
(1.0772 -0.0367395 0)
(1.0579 -0.0533333 0)
(1.03025 -0.0746085 0)
(0.992029 -0.102172 0)
(0.940298 -0.138302 0)
(0.871188 -0.186292 0)
(0.779519 -0.251001 0)
(0.658374 -0.339788 0)
(0.498722 -0.463333 0)
(0.295017 -0.62965 0)
(-0.0125285 -0.78159 0)
(-0.444001 -0.563078 0)
(0 0 0)
(0 0 0)
(0 0 0)
(0 0 0)
(0 0 0)
(0 0 0)
(0 0 0)
(0 0 0)
(0 0 0)
(0 0 0)
(0 0 0)
(-0.74616 -0.114793 0)
(-0.768733 -0.158456 0)
(-0.76381 -0.078153 0)
(-0.700124 0.0450857 0)
(-0.585821 0.166259 0)
(-0.435155 0.267717 0)
(-0.26102 0.341504 0)
(-0.0731407 0.387325 0)
(0.118806 0.407427 0)
(0.306335 0.405761 0)
(0.48279 0.386622 0)
(0.642796 0.35466 0)
(0.783128 0.314071 0)
(0.901983 0.269092 0)
(0.99926 0.22379 0)
(1.07613 0.180968 0)
(1.135 0.14244 0)
(1.17879 0.109175 0)
(1.21034 0.0814214 0)
(1.23227 0.058949 0)
(1.24682 0.0412365 0)
(1.25589 0.0276579 0)
(1.261 0.0175291 0)
(1.26335 0.0101555 0)
(1.26384 0.00500896 0)
(1.26318 0.0015692 0)
(1.26186 -0.000574927 0)
(1.26019 -0.00182714 0)
(1.25841 -0.00246278 0)
(1.25671 -0.00267285 0)
(1.25516 -0.00260528 0)
(1.25384 -0.00237657 0)
(1.25266 -0.00205414 0)
(1.25181 -0.00173658 0)
(1.25074 -0.0013086 0)
(1.00032 0.00107698 0)
(1.00222 0.00323738 0)
(1.00658 0.00525131 0)
(1.01301 0.00695992 0)
(1.021 0.00826713 0)
(1.03007 0.00913843 0)
(1.03979 0.00956947 0)
(1.04972 0.00957093 0)
(1.05946 0.00915148 0)
(1.06853 0.00831795 0)
(1.07657 0.0070647 0)
(1.08315 0.00536044 0)
(1.08782 0.00313687 0)
(1.09001 0.000446036 0)
(1.08933 -0.00295184 0)
(1.08491 -0.00718611 0)
(1.07585 -0.012507 0)
(1.06098 -0.0192402 0)
(1.03878 -0.0278276 0)
(1.00722 -0.0388861 0)
(0.963598 -0.0532858 0)
(0.904287 -0.0722703 0)
(0.824315 -0.0976544 0)
(0.71678 -0.132144 0)
(0.57203 -0.179844 2.59489e-32)
(0.377402 -0.246597 -2.69417e-32)
(0.115076 -0.33532 0)
(-0.291899 -0.406009 0)
(-0.632982 -0.263632 3.7526e-16)
(0 0 0)
(0 0 0)
(0 0 0)
(0 0 0)
(0 0 0)
(0 0 0)
(0 0 0)
(0 0 0)
(0 0 0)
(0 0 0)
(0 0 0)
(-0.682576 -0.0476766 -3.54356e-16)
(-0.776582 -0.101919 0)
(-0.842876 -0.0627189 0)
(-0.856091 -0.00218421 0)
(-0.803094 0.0637229 0)
(-0.690406 0.122989 0)
(-0.536507 0.166594 0)
(-0.352768 0.194909 0)
(-0.153724 0.209071 0)
(0.0494241 0.21123 0)
(0.247873 0.203501 0)
(0.43423 0.188533 0)
(0.602803 0.168013 0)
(0.748343 0.14461 0)
(0.872271 0.121096 0)
(0.973475 0.0988315 0)
(1.0539 0.0785246 0)
(1.11624 0.0607715 0)
(1.16328 0.0458061 0)
(1.19776 0.0335709 0)
(1.22224 0.0238357 0)
(1.23896 0.016296 0)
(1.24983 0.0106026 0)
(1.25641 0.00641128 0)
(1.25991 0.00344078 0)
(1.26133 0.00141415 0)
(1.26141 0.000196617 0)
(1.26075 -0.000585805 0)
(1.2596 -0.0010256 0)
(1.25825 -0.00121718 0)
(1.25689 -0.00124166 0)
(1.25564 -0.00116196 0)
(1.25449 -0.00101981 0)
(1.25363 -0.000870353 0)
(1.25251 -0.000661518 0)
(1.00031 3.60405e-06 0)
(1.0021 1.67434e-06 0)
(1.00631 1.52157e-06 0)
(1.01253 1.28361e-06 0)
(1.02026 1.09547e-06 0)
(1.02907 1.21182e-06 0)
(1.03852 1.57419e-06 0)
(1.04819 2.02037e-06 0)
(1.05767 2.58504e-06 0)
(1.0665 3.20263e-06 0)
(1.07428 3.94061e-06 0)
(1.08059 4.78272e-06 0)
(1.085 5.65007e-06 0)
(1.08683 6.54893e-06 0)
(1.08564 6.70703e-06 0)
(1.08075 6.80484e-06 0)
(1.0711 6.9497e-06 0)
(1.05546 6.75961e-06 0)
(1.03224 6.10377e-06 0)
(0.999317 4.93344e-06 0)
(0.953814 3.32416e-06 0)
(0.891848 1.21548e-06 0)
(0.808061 -1.21115e-06 0)
(0.694947 -4.34119e-06 0)
(0.541959 -7.96601e-06 0)
(0.335259 -1.28817e-05 0)
(0.0497498 -2.00985e-05 0)
(-0.376271 -9.3128e-06 0)
(-0.640283 -3.65757e-05 0)
(0 0 0)
(0 0 0)
(0 0 0)
(0 0 0)
(0 0 0)
(0 0 0)
(0 0 0)
(0 0 0)
(0 0 0)
(0 0 0)
(0 0 0)
(-0.703235 1.269e-05 0)
(-0.734439 8.72572e-05 0)
(-0.863508 9.74332e-05 0)
(-0.897832 7.035e-05 0)
(-0.875978 4.77749e-05 0)
(-0.776632 2.08498e-05 0)
(-0.632639 -4.07562e-06 0)
(-0.451576 -2.46137e-05 0)
(-0.251004 -3.90063e-05 0)
(-0.0429927 -4.71953e-05 0)
(0.162902 -4.97001e-05 0)
(0.358526 -4.63763e-05 0)
(0.54442 -3.94296e-05 0)
(0.689447 -2.57852e-05 0)
(0.825261 -1.35101e-05 0)
(0.935743 -7.82146e-06 0)
(1.02394 -2.22369e-06 0)
(1.09301 2.71524e-06 0)
(1.14569 5.40094e-06 0)
(1.18476 6.30405e-06 0)
(1.21287 6.07347e-06 0)
(1.23241 5.16836e-06 0)
(1.24542 3.91678e-06 0)
(1.25357 2.61296e-06 0)
(1.2582 1.45542e-06 0)
(1.26044 5.70058e-07 0)
(1.26095 -1.24331e-08 0)
(1.26067 -4.7049e-07 0)
(1.2598 -6.61213e-07 0)
(1.25861 -7.2782e-07 0)
(1.25734 -7.60537e-07 0)
(1.25613 -7.51208e-07 0)
(1.25499 -7.01695e-07 0)
(1.25413 -6.67997e-07 0)
(1.25301 -5.34469e-07 0)
(1.00032 -0.00106997 0)
(1.00222 -0.00323367 0)
(1.00658 -0.00524842 0)
(1.01301 -0.00695732 0)
(1.021 -0.00826491 0)
(1.03007 -0.00913598 0)
(1.03979 -0.00956634 0)
(1.04972 -0.00956689 0)
(1.05946 -0.00914637 0)
(1.06853 -0.00831156 0)
(1.07657 -0.0070569 0)
(1.08315 -0.00535094 0)
(1.08782 -0.0031258 0)
(1.09001 -0.000433443 0)
(1.08933 0.00296539 0)
(1.08491 0.00720003 0)
(1.07585 0.012521 0)
(1.06098 0.0192537 0)
(1.03878 0.0278398 0)
(1.00722 0.0388961 0)
(0.963599 0.0532925 0)
(0.904288 0.0722731 0)
(0.824315 0.0976524 0)
(0.71678 0.132136 0)
(0.572027 0.17983 0)
(0.377397 0.246571 0)
(0.115074 0.335283 0)
(-0.291926 0.405998 0)
(-0.632976 0.263458 -3.75214e-16)
(0 0 0)
(0 0 0)
(0 0 0)
(0 0 0)
(0 0 0)
(0 0 0)
(0 0 0)
(0 0 0)
(0 0 0)
(0 0 0)
(0 0 0)
(-0.6826 0.0477705 3.5442e-16)
(-0.776624 0.102119 0)
(-0.842914 0.0629166 0)
(-0.856134 0.00232722 0)
(-0.803122 -0.0636317 0)
(-0.690419 -0.122952 0)
(-0.536504 -0.166608 0)
(-0.352751 -0.194962 0)
(-0.153695 -0.209149 0)
(0.0494596 -0.211323 0)
(0.247912 -0.203598 0)
(0.434268 -0.188622 0)
(0.602837 -0.168084 0)
(0.748372 -0.144659 0)
(0.872295 -0.121125 0)
(0.973494 -0.0988449 0)
(1.05391 -0.0785253 0)
(1.11624 -0.0607634 0)
(1.16328 -0.0457939 0)
(1.19776 -0.0335574 0)
(1.22224 -0.0238232 0)
(1.23896 -0.0162855 0)
(1.24983 -0.0105947 0)
(1.25641 -0.00640599 0)
(1.25991 -0.00343789 0)
(1.26133 -0.00141302 0)
(1.26141 -0.000196748 0)
(1.26075 0.00058507 0)
(1.2596 0.00102442 0)
(1.25825 0.00121581 0)
(1.25689 0.00124024 0)
(1.25564 0.00116054 0)
(1.25449 0.00101848 0)
(1.25363 0.000869072 0)
(1.25251 0.000660487 0)
(1.00036 -0.00223377 0)
(1.00249 -0.00673095 0)
(1.00736 -0.0108931 0)
(1.01449 -0.0143908 0)
(1.02327 -0.017046 0)
(1.03317 -0.018802 0)
(1.04371 -0.0196607 0)
(1.05445 -0.0196524 0)
(1.06496 -0.0188031 0)
(1.0748 -0.0171331 0)
(1.08361 -0.0146399 0)
(1.09098 -0.0112794 0)
(1.09653 -0.00696651 0)
(1.09978 -0.00163757 0)
(1.10024 0.00503624 0)
(1.0972 0.0133256 0)
(1.08986 0.0236912 0)
(1.0772 0.036753 0)
(1.0579 0.0533454 0)
(1.03026 0.0746186 0)
(0.992031 0.102179 0)
(0.9403 0.138306 0)
(0.87119 0.186292 0)
(0.779519 0.250995 0)
(0.658369 0.339775 0)
(0.498725 0.463313 0)
(0.29501 0.62961 0)
(-0.0125812 0.781518 0)
(-0.443814 0.563077 0)
(0 0 0)
(0 0 0)
(0 0 0)
(0 0 0)
(0 0 0)
(0 0 0)
(0 0 0)
(0 0 0)
(0 0 0)
(0 0 0)
(0 0 0)
(-0.746207 0.114944 0)
(-0.768816 0.158664 0)
(-0.763901 0.0783728 0)
(-0.700198 -0.0449469 0)
(-0.585876 -0.166188 0)
(-0.435177 -0.267706 0)
(-0.26101 -0.34154 0)
(-0.0731047 -0.387395 0)
(0.118862 -0.407519 0)
(0.306404 -0.405864 0)
(0.482863 -0.386723 0)
(0.642866 -0.354747 0)
(0.78319 -0.314137 0)
(0.902034 -0.269133 0)
(0.999298 -0.22381 0)
(1.07615 -0.180972 0)
(1.13502 -0.142432 0)
(1.1788 -0.109162 0)
(1.21035 -0.0814059 0)
(1.23227 -0.058934 0)
(1.24682 -0.0412233 0)
(1.25589 -0.0276473 0)
(1.261 -0.0175213 0)
(1.26336 -0.0101504 0)
(1.26384 -0.00500606 0)
(1.26318 -0.00156797 0)
(1.26186 0.000575095 0)
(1.26019 0.00182663 0)
(1.25841 0.00246189 0)
(1.25671 0.00267175 0)
(1.25517 0.0026041 0)
(1.25384 0.00237537 0)
(1.25266 0.00205298 0)
(1.25181 0.00173545 0)
(1.25074 0.00130767 0)
(1.00043 -0.00358474 0)
(1.00298 -0.0107755 0)
(1.00878 -0.017367 0)
(1.01718 -0.0228264 0)
(1.02737 -0.0269095 0)
(1.03872 -0.0295703 0)
(1.05068 -0.0308441 0)
(1.06281 -0.0307982 0)
(1.07464 -0.0294915 0)
(1.08574 -0.026975 0)
(1.09579 -0.0232664 0)
(1.10443 -0.0183182 0)
(1.11132 -0.0120321 0)
(1.11607 -0.00421066 0)
(1.11821 0.00547107 0)
(1.1172 0.0174456 0)
(1.11242 0.0323369 0)
(1.10306 0.0509805 0)
(1.08813 0.074498 0)
(1.06639 0.104418 0)
(1.0363 0.142843 0)
(0.995954 0.192708 0)
(0.943021 0.258177 0)
(0.874753 0.345301 0)
(0.787935 0.462909 0)
(0.678905 0.623909 0)
(0.546091 0.842847 0)
(0.375468 1.08615 0)
(0.00903373 1.04334 0)
(-0.513201 0.307777 0)
(0 0 0)
(0 0 0)
(0 0 0)
(0 0 0)
(0 0 0)
(0 0 0)
(0 0 0)
(0 0 0)
(0 0 0)
(0 0 0)
(-0.715175 0.137684 0)
(-0.688551 0.124684 0)
(-0.552297 -0.0101595 0)
(-0.38547 -0.173729 0)
(-0.19949 -0.32347 0)
(-0.00653572 -0.444934 0)
(0.184084 -0.529264 0)
(0.367375 -0.576704 0)
(0.539851 -0.590642 0)
(0.696365 -0.576407 0)
(0.833826 -0.540204 0)
(0.950539 -0.488134 0)
(1.0458 -0.426013 0)
(1.12053 -0.359632 0)
(1.17665 -0.294277 0)
(1.21671 -0.233837 0)
(1.2438 -0.180719 0)
(1.26097 -0.135854 0)
(1.2708 -0.0991812 0)
(1.27542 -0.0700615 0)
(1.27651 -0.0475102 0)
(1.27537 -0.030567 0)
(1.27285 -0.0181388 0)
(1.26974 -0.0092868 0)
(1.26637 -0.00330849 0)
(1.26304 0.000544895 0)
(1.25994 0.00282011 0)
(1.25715 0.00400858 0)
(1.25472 0.00446394 0)
(1.25267 0.00443807 0)
(1.25097 0.00411558 0)
(1.24959 0.0036404 0)
(1.24845 0.00308304 0)
(1.24765 0.00257097 0)
(1.24669 0.00191317 0)
(1.00055 -0.00525581 0)
(1.00379 -0.0157494 0)
(1.0111 -0.0252257 0)
(1.02152 -0.0329051 0)
(1.03391 -0.0385213 0)
(1.04745 -0.0420944 0)
(1.06153 -0.0437364 0)
(1.07565 -0.0435727 0)
(1.08927 -0.0417171 0)
(1.10202 -0.0382846 0)
(1.11358 -0.0333412 0)
(1.12369 -0.0268395 0)
(1.13206 -0.0186582 0)
(1.1384 -0.00854387 0)
(1.14237 0.00382306 0)
(1.14361 0.0189758 0)
(1.14172 0.0376682 0)
(1.1362 0.0608717 0)
(1.12645 0.089857 0)
(1.1118 0.126327 0)
(1.0915 0.172591 0)
(1.0648 0.231798 0)
(1.03098 0.308297 0)
(0.989642 0.408133 0)
(0.941095 0.539894 0)
(0.887205 0.715726 0)
(0.830149 0.951843 0)
(0.785713 1.2503 0)
(0.662063 1.49322 0)
(0.165897 1.00892 0)
(-0.37334 0.298488 7.90309e-17)
(0 0 0)
(0 0 0)
(0 0 0)
(0 0 0)
(0 0 0)
(0 0 0)
(0 0 0)
(0 0 0)
(-0.66437 0.0330314 0)
(-0.578616 0.053455 0)
(-0.368967 -0.057261 0)
(-0.110933 -0.224027 0)
(0.142998 -0.391974 0)
(0.379179 -0.538547 0)
(0.591278 -0.650332 0)
(0.771472 -0.717933 0)
(0.922484 -0.745321 0)
(1.04614 -0.736762 0)
(1.14617 -0.700068 0)
(1.22333 -0.641624 0)
(1.27958 -0.567823 0)
(1.31722 -0.485363 0)
(1.33904 -0.400966 0)
(1.34832 -0.320719 0)
(1.34822 -0.248634 0)
(1.34193 -0.187128 0)
(1.33202 -0.136482 0)
(1.3203 -0.0959418 0)
(1.30818 -0.0646583 0)
(1.29658 -0.0411819 0)
(1.28601 -0.0240754 0)
(1.2767 -0.0119497 0)
(1.26873 -0.00368012 0)
(1.26205 0.0016569 0)
(1.25657 0.00482331 0)
(1.25214 0.0064434 0)
(1.2486 0.00701775 0)
(1.24581 0.00691757 0)
(1.24365 0.00640932 0)
(1.24197 0.00567871 0)
(1.24071 0.00486767 0)
(1.23973 0.00403121 0)
(1.23906 0.0033081 0)
(1.23832 0.00242613 0)
(1.00073 -0.00745188 0)
(1.0051 -0.0222169 0)
(1.01482 -0.0352413 0)
(1.02834 -0.0454701 0)
(1.04397 -0.0527205 0)
(1.06062 -0.0571576 0)
(1.07752 -0.0590013 0)
(1.09408 -0.0584852 0)
(1.10973 -0.0558175 0)
(1.12409 -0.051249 0)
(1.13691 -0.0449378 0)
(1.14808 -0.036837 0)
(1.15741 -0.0267642 0)
(1.16471 -0.0144822 0)
(1.16991 0.000322215 0)
(1.17293 0.0181233 0)
(1.17362 0.0397106 0)
(1.17181 0.0661392 0)
(1.16736 0.0987741 0)
(1.16016 0.139339 0)
(1.15024 0.190054 0)
(1.13785 0.25388 0)
(1.12369 0.33474 0)
(1.10928 0.437872 0)
(1.09755 0.570289 0)
(1.0941 0.741352 0)
(1.10841 0.963306 0)
(1.15439 1.24981 0)
(1.24819 1.57163 0)
(1.20341 1.66382 0)
(0.682438 1.08855 2.35894e-17)
(-0.188334 0.310353 0)
(0 0 0)
(0 0 0)
(0 0 0)
(0 0 0)
(0 0 0)
(-0.586407 -0.0104555 -4.08748e-16)
(-0.433527 -0.105274 0)
(-0.292615 -0.135861 0)
(-0.00937318 -0.239616 0)
(0.325094 -0.376744 0)
(0.64162 -0.525857 0)
(0.912774 -0.664377 0)
(1.12738 -0.769489 0)
(1.28738 -0.835426 0)
(1.39938 -0.860154 0)
(1.47836 -0.84997 0)
(1.5283 -0.816658 0)
(1.55505 -0.755798 0)
(1.56074 -0.675368 0)
(1.55021 -0.583241 0)
(1.52778 -0.486474 0)
(1.49764 -0.390922 0)
(1.46309 -0.302849 0)
(1.42861 -0.226546 0)
(1.39521 -0.163862 0)
(1.36438 -0.11386 0)
(1.33698 -0.0753632 0)
(1.31329 -0.0464604 0)
(1.29327 -0.0254383 0)
(1.27674 -0.0107308 0)
(1.26337 -0.000888718 0)
(1.25277 0.00529976 0)
(1.24456 0.00880403 0)
(1.23829 0.0104208 0)
(1.23357 0.0107701 0)
(1.23007 0.0103215 0)
(1.2275 0.0094117 0)
(1.22565 0.00827326 0)
(1.22432 0.00705767 0)
(1.2234 0.00587847 0)
(1.22274 0.00476324 0)
(1.22232 0.00383987 0)
(1.22193 0.00277115 0)
(1.00106 -0.0105382 0)
(1.00735 -0.0311124 0)
(1.02096 -0.0485928 0)
(1.03922 -0.061736 0)
(1.05944 -0.0705819 0)
(1.07999 -0.075532 0)
(1.10004 -0.077119 0)
(1.11887 -0.0757364 0)
(1.13584 -0.0716963 0)
(1.15052 -0.0654544 0)
(1.16299 -0.0573598 0)
(1.17353 -0.0473916 0)
(1.18214 -0.0354528 0)
(1.18886 -0.0214031 0)
(1.19401 -0.00488138 0)
(1.19739 0.0149338 0)
(1.19938 0.038705 0)
(1.20038 0.0672749 0)
(1.2007 0.101763 0)
(1.20072 0.143739 0)
(1.20102 0.195342 0)
(1.20264 0.259185 0)
(1.20721 0.338416 0)
(1.21744 0.436978 0)
(1.23764 0.559731 0)
(1.27484 0.71246 0)
(1.34035 0.901485 0)
(1.45154 1.13369 0)
(1.62948 1.41158 0)
(1.85481 1.62072 0)
(1.93187 1.57925 0)
(1.57737 1.2265 1.20841e-17)
(1.02674 0.685658 9.19312e-17)
(0.510462 0.163767 -2.34389e-16)
(-0.0647501 0.0393025 0)
(-0.0114965 -0.00720078 0)
(0.20378 -0.209644 3.3199e-16)
(0.336937 -0.356806 -1.30274e-16)
(0.493303 -0.450561 0)
(0.80808 -0.516447 0)
(1.12661 -0.605929 0)
(1.4027 -0.702593 0)
(1.61743 -0.791493 0)
(1.76963 -0.861245 0)
(1.86735 -0.900634 0)
(1.92237 -0.913476 0)
(1.93623 -0.906902 0)
(1.92544 -0.874524 0)
(1.89034 -0.813823 0)
(1.83704 -0.732132 0)
(1.77175 -0.635303 0)
(1.70032 -0.532472 0)
(1.62707 -0.429897 0)
(1.55669 -0.334821 0)
(1.49222 -0.251431 0)
(1.43491 -0.180782 0)
(1.38501 -0.123207 0)
(1.34253 -0.0783443 0)
(1.30719 -0.0448843 0)
(1.27842 -0.0209668 0)
(1.25552 -0.00465736 0)
(1.2377 0.00581613 0)
(1.22417 0.0119896 0)
(1.21409 0.015112 0)
(1.20675 0.0161354 0)
(1.2015 0.0158047 0)
(1.19784 0.0146643 0)
(1.19533 0.0130957 0)
(1.19368 0.011352 0)
(1.19263 0.00959963 0)
(1.192 0.00794159 0)
(1.19165 0.0064522 0)
(1.19147 0.00512533 0)
(1.19141 0.00406226 0)
(1.19141 0.00288711 0)
(1.0017 -0.0151993 0)
(1.01148 -0.0440607 0)
(1.03158 -0.0671891 0)
(1.0568 -0.0833482 0)
(1.08257 -0.0932189 0)
(1.10685 -0.0977393 0)
(1.12851 -0.0978499 0)
(1.14699 -0.0942349 0)
(1.16199 -0.0875785 0)
(1.17343 -0.0787065 0)
(1.18206 -0.0682416 0)
(1.18868 -0.0560632 0)
(1.1936 -0.0419503 0)
(1.19767 -0.0258287 0)
(1.20044 -0.00775719 0)
(1.20266 0.012803 0)
(1.2049 0.0366095 0)
(1.20774 0.0646177 0)
(1.21168 0.098328 0)
(1.21797 0.139183 0)
(1.22762 0.188476 0)
(1.24228 0.248277 0)
(1.26394 0.320997 0)
(1.2957 0.409279 0)
(1.34213 0.515923 -1.47738e-32)
(1.4099 0.643569 1.41999e-32)
(1.50872 0.793822 0)
(1.65224 0.966159 0)
(1.86167 1.15611 0)
(2.14327 1.34971 0)
(2.44087 1.42657 0)
(2.62511 1.34645 0)
(2.72 1.1565 0)
(2.61597 0.780789 0)
(2.42931 0.358698 0)
(2.26411 -0.0269723 0)
(2.19485 -0.32094 0)
(2.19644 -0.511797 0)
(2.22049 -0.624237 0)
(2.28235 -0.707786 0)
(2.36205 -0.780205 0)
(2.42468 -0.839558 0)
(2.4481 -0.880056 0)
(2.44101 -0.903806 0)
(2.40595 -0.91906 0)
(2.34475 -0.904668 0)
(2.25879 -0.865594 0)
(2.16373 -0.802647 0)
(2.05258 -0.723893 0)
(1.93522 -0.634215 0)
(1.8184 -0.538807 0)
(1.7059 -0.440342 0)
(1.60122 -0.344509 0)
(1.50709 -0.256842 0)
(1.42522 -0.18126 0)
(1.35623 -0.119503 0)
(1.29989 -0.0715425 0)
(1.25522 -0.036102 0)
(1.22067 -0.0112014 0)
(1.1945 0.00529209 0)
(1.17518 0.0153115 0)
(1.16136 0.020613 0)
(1.15173 0.0227428 0)
(1.14521 0.0227406 0)
(1.14096 0.0214166 0)
(1.13833 0.019385 0)
(1.13685 0.0169916 0)
(1.13616 0.0145094 0)
(1.13599 0.012129 0)
(1.13613 0.00995965 0)
(1.13644 0.00804594 0)
(1.13681 0.00640919 0)
(1.13719 0.00500851 0)
(1.13752 0.00391702 0)
(1.13791 0.00275274 0)
(1.00295 -0.0227992 0)
(1.01946 -0.0636395 0)
(1.05013 -0.0934344 0)
(1.08371 -0.111877 0)
(1.11263 -0.120549 0)
(1.13593 -0.121452 0)
(1.15283 -0.117305 0)
(1.16406 -0.109381 0)
(1.17214 -0.0975984 0)
(1.1757 -0.0847888 0)
(1.1761 -0.0725251 0)
(1.1749 -0.0593225 0)
(1.17253 -0.0447963 0)
(1.16999 -0.0286819 0)
(1.16814 -0.0104209 0)
(1.16774 0.0102022 0)
(1.16946 0.0334309 0)
(1.17395 0.0600979 0)
(1.18199 0.0914212 0)
(1.19503 0.127964 0)
(1.21367 0.171422 0)
(1.24049 0.22394 0)
(1.27744 0.286664 0)
(1.32763 0.361105 0)
(1.39516 0.448543 0)
(1.48554 0.549385 0)
(1.60589 0.662457 0)
(1.76495 0.783801 0)
(1.97342 0.905182 0)
(2.24394 1.01256 0)
(2.56928 1.07667 0)
(2.87679 1.05074 0)
(3.12284 0.917054 0)
(3.31168 0.659906 0)
(3.37697 0.345302 0)
(3.37706 0.0412872 0)
(3.32706 -0.221117 0)
(3.25114 -0.426792 0)
(3.16877 -0.570049 0)
(3.09374 -0.667433 0)
(3.01984 -0.735612 0)
(2.93382 -0.77964 0)
(2.84348 -0.803594 0)
(2.74134 -0.812395 0)
(2.61667 -0.80235 0)
(2.47727 -0.771801 0)
(2.32714 -0.726751 0)
(2.17021 -0.666705 0)
(2.01011 -0.590704 0)
(1.8516 -0.502525 0)
(1.69892 -0.408364 0)
(1.55849 -0.316149 0)
(1.43499 -0.231764 0)
(1.33143 -0.159268 0)
(1.24817 -0.100443 0)
(1.18367 -0.0550583 0)
(1.13539 -0.0217647 0)
(1.10045 0.00127187 0)
(1.07594 0.0161064 0)
(1.05955 0.0246371 0)
(1.0494 0.0286562 0)
(1.04318 0.0293715 0)
(1.04002 0.0282447 0)
(1.03884 0.0260372 0)
(1.03888 0.0231049 0)
(1.03976 0.0199479 0)
(1.04108 0.0168404 0)
(1.04258 0.0139584 0)
(1.04406 0.0113934 0)
(1.04544 0.00916974 0)
(1.04667 0.00728144 0)
(1.04772 0.00571254 0)
(1.04861 0.00440536 0)
(1.0493 0.00340365 0)
(1.05004 0.00237205 0)
(1.00549 -0.0371892 0)
(1.03493 -0.0942649 0)
(1.07863 -0.12937 0)
(1.11264 -0.143682 0)
(1.13244 -0.144761 0)
(1.14588 -0.137229 0)
(1.14844 -0.125853 0)
(1.14479 -0.113496 0)
(1.13624 -0.0997287 0)
(1.12468 -0.0842175 0)
(1.11148 -0.06797 0)
(1.09825 -0.0523656 0)
(1.08613 -0.0372436 0)
(1.0761 -0.0219424 0)
(1.06914 -0.00594918 0)
(1.06601 0.0113782 0)
(1.06747 0.0306185 0)
(1.0742 0.052524 0)
(1.0871 0.0779722 0)
(1.10744 0.107892 0)
(1.13628 0.14334 0)
(1.17555 0.185314 0)
(1.22748 0.234882 0)
(1.29481 0.292851 0)
(1.38085 0.359524 0)
(1.48957 0.434422 0)
(1.62549 0.51549 0)
(1.79349 0.598104 0)
(1.99776 0.674225 0)
(2.24164 0.732127 0)
(2.52456 0.753351 0)
(2.82413 0.719456 0)
(3.10434 0.615788 0)
(3.32667 0.44071 0)
(3.47059 0.223952 0)
(3.55353 0.00231196 0)
(3.54089 -0.205491 0)
(3.49128 -0.369859 0)
(3.40318 -0.490714 0)
(3.29494 -0.573831 0)
(3.17239 -0.632088 0)
(3.03659 -0.669549 0)
(2.88543 -0.687335 0)
(2.71801 -0.683759 0)
(2.53558 -0.659534 0)
(2.34131 -0.616863 0)
(2.13882 -0.558749 0)
(1.93349 -0.488006 0)
(1.73109 -0.407786 0)
(1.54289 -0.324906 0)
(1.37643 -0.245926 0)
(1.23672 -0.175649 0)
(1.12513 -0.11636 0)
(1.04011 -0.0687298 0)
(0.978125 -0.0323387 0)
(0.935094 -0.00585492 0)
(0.906855 0.0123125 0)
(0.889993 0.0237128 0)
(0.881162 0.0301098 0)
(0.877561 0.0322169 0)
(0.877995 0.031806 0)
(0.880357 0.0301286 0)
(0.883988 0.0272593 0)
(0.888214 0.0239262 0)
(0.892564 0.020488 0)
(0.896706 0.0171972 0)
(0.900455 0.0141999 0)
(0.903736 0.0115547 0)
(0.906533 0.00927871 0)
(0.908869 0.00736048 0)
(0.910787 0.00577027 0)
(0.912331 0.00447308 0)
(0.913574 0.00341398 0)
(0.914493 0.00260296 0)
(0.915442 0.00180406 0)
(1.01272 -0.0735926 0)
(1.06005 -0.147403 0)
(1.09733 -0.165356 0)
(1.11047 -0.162181 0)
(1.10471 -0.153239 0)
(1.08803 -0.138085 0)
(1.06289 -0.117852 0)
(1.03202 -0.0964644 0)
(0.999486 -0.0770649 0)
(0.968918 -0.0603791 0)
(0.941959 -0.0460091 0)
(0.919367 -0.0334486 0)
(0.901356 -0.021932 0)
(0.888175 -0.010759 0)
(0.880248 0.000517061 0)
(0.877935 0.0124075 0)
(0.881799 0.0257605 0)
(0.892547 0.0409258 0)
(0.911052 0.0585481 0)
(0.938497 0.0793323 0)
(0.976344 0.104005 0)
(1.02639 0.133281 0)
(1.09076 0.167777 0)
(1.1719 0.207873 0)
(1.2725 0.253481 0)
(1.39542 0.303733 0)
(1.54336 0.356552 0)
(1.71845 0.408116 0)
(1.92131 0.452267 0)
(2.15004 0.481129 0)
(2.39919 0.48421 0)
(2.65618 0.450115 0)
(2.90376 0.371746 0)
(3.1135 0.252738 0)
(3.26438 0.104799 0)
(3.34538 -0.0494763 0)
(3.35873 -0.187515 0)
(3.31402 -0.303323 0)
(3.22055 -0.392551 0)
(3.09244 -0.452218 0)
(2.93718 -0.486365 0)
(2.75457 -0.498549 0)
(2.54621 -0.491518 0)
(2.31909 -0.46765 0)
(2.08077 -0.429151 0)
(1.83935 -0.378709 0)
(1.60296 -0.320265 0)
(1.38404 -0.259195 0)
(1.19123 -0.199951 0)
(1.03031 -0.146343 0)
(0.902862 -0.100654 0)
(0.806432 -0.0633698 0)
(0.737224 -0.0337235 0)
(0.690586 -0.010972 0)
(0.66153 0.00566498 0)
(0.645675 0.0170061 0)
(0.640017 0.0239525 0)
(0.640795 0.0272104 0)
(0.646017 0.028593 0)
(0.653838 0.027873 0)
(0.662522 0.0258702 0)
(0.671529 0.0232526 0)
(0.680237 0.0203204 0)
(0.688189 0.0173662 0)
(0.695242 0.0145541 0)
(0.701332 0.0119997 0)
(0.706475 0.00975787 0)
(0.710738 0.00783584 0)
(0.714216 0.00621855 0)
(0.717016 0.00488031 0)
(0.719242 0.0037887 0)
(0.720988 0.00290911 0)
(0.722351 0.00220272 0)
(0.723355 0.00165394 0)
(0.724325 0.00115595 0)
(1.01389 -0.121972 0)
(1.05135 -0.187016 0)
(1.03885 -0.178087 0)
(0.990456 -0.157047 0)
(0.927032 -0.128188 0)
(0.860196 -0.0966051 0)
(0.800336 -0.0703958 0)
(0.748405 -0.050749 0)
(0.705322 -0.0365084 0)
(0.670749 -0.0260325 0)
(0.643766 -0.0179744 0)
(0.623455 -0.0114557 0)
(0.609047 -0.0057617 0)
(0.600164 -0.000394806 0)
(0.596791 0.00483293 0)
(0.598803 0.0105762 0)
(0.606861 0.0171396 0)
(0.621603 0.0247863 0)
(0.643947 0.0338666 0)
(0.675131 0.0447703 0)
(0.716723 0.05791 0)
(0.770603 0.0736806 0)
(0.838929 0.0924057 0)
(0.924068 0.11425 0)
(1.02845 0.139073 0)
(1.15434 0.166229 0)
(1.30342 0.194304 0)
(1.47625 0.220833 0)
(1.67146 0.242037 0)
(1.88477 0.25302 0)
(2.10772 0.248252 0)
(2.3298 0.22188 0)
(2.53329 0.17038 0)
(2.69939 0.0950984 0)
(2.80992 0.00419989 0)
(2.85007 -0.084409 0)
(2.82588 -0.164108 0)
(2.73892 -0.229806 0)
(2.5988 -0.273586 0)
(2.41688 -0.293245 0)
(2.20381 -0.293653 0)
(1.96839 -0.277902 0)
(1.71973 -0.250284 0)
(1.4697 -0.215592 0)
(1.23343 -0.177898 0)
(1.02203 -0.140524 0)
(0.842679 -0.106633 0)
(0.695473 -0.0776835 0)
(0.579438 -0.053708 0)
(0.492017 -0.0342269 0)
(0.429353 -0.0186058 0)
(0.386504 -0.00638044 0)
(0.360152 0.00267078 0)
(0.347622 0.00936434 0)
(0.345069 0.0140977 0)
(0.349105 0.017175 0)
(0.358093 0.0184213 0)
(0.369527 0.0186166 0)
(0.382309 0.0178426 0)
(0.395367 0.0164679 0)
(0.407835 0.0147005 0)
(0.419274 0.0127879 0)
(0.429446 0.0108687 0)
(0.438248 0.00907191 0)
(0.445727 0.00745905 0)
(0.451931 0.00605606 0)
(0.457035 0.00485954 0)
(0.46119 0.00386595 0)
(0.464497 0.00303881 0)
(0.467109 0.00236278 0)
(0.469152 0.00181831 0)
(0.47073 0.00138438 0)
(0.471938 0.00104127 0)
(0.472835 0.000770973 0)
(0.473645 0.000561183 0)
(0.792617 -0.020717 0)
(0.749891 -0.0856071 0)
(0.648985 -0.0833664 0)
(0.516555 -0.0485993 0)
(0.420931 -0.0244586 0)
(0.358484 -0.0131041 0)
(0.315259 -0.00699929 0)
(0.284604 -0.00351458 0)
(0.263158 -0.00158771 0)
(0.248217 -0.000508852 0)
(0.237963 0.000166947 0)
(0.231312 0.000675454 0)
(0.227654 0.00114055 0)
(0.226887 0.00163604 0)
(0.228746 0.00230193 0)
(0.233434 0.00309543 0)
(0.241402 0.00405978 0)
(0.253253 0.00525121 0)
(0.269694 0.00675278 0)
(0.291691 0.00864163 0)
(0.320461 0.0110022 0)
(0.357474 0.0139161 0)
(0.404434 0.0174521 0)
(0.463219 0.0216358 0)
(0.535747 0.0264108 0)
(0.623715 0.0315716 0)
(0.728197 0.0366839 0)
(0.849036 0.040986 0)
(0.98412 0.0433282 0)
(1.12849 0.0430776 0)
(1.27423 0.0375533 0)
(1.40924 0.0231401 0)
(1.51803 0.00338637 0)
(1.58478 -0.0194427 0)
(1.5935 -0.0408206 0)
(1.55174 -0.0642643 0)
(1.45475 -0.077827 0)
(1.31508 -0.0849504 0)
(1.14692 -0.08256 0)
(0.96695 -0.0722072 0)
(0.78977 -0.0563331 0)
(0.631412 -0.0362574 0)
(0.496973 -0.0187543 0)
(0.384859 -0.0088018 0)
(0.294272 -0.00390304 0)
(0.22246 -0.00169952 0)
(0.166946 -0.000628402 0)
(0.125319 -4.56087e-05 0)
(0.0956999 0.000469499 0)
(0.0759782 0.00107498 0)
(0.0646536 0.00169328 0)
(0.060095 0.00216044 0)
(0.0607114 0.00222846 0)
(0.0649842 0.00233899 0)
(0.0720217 0.00241639 0)
(0.0810974 0.0023226 0)
(0.0911005 0.00227132 0)
(0.101435 0.00212661 0)
(0.111545 0.00194971 0)
(0.121035 0.00174959 0)
(0.129641 0.00157583 0)
(0.137224 0.00150758 0)
(0.143774 0.00150004 0)
(0.149347 0.00135584 0)
(0.154038 0.00109909 0)
(0.157648 0.000873126 0)
(0.160658 0.000685061 0)
(0.163116 0.000538392 0)
(0.165014 0.000418596 0)
(0.166498 0.000320077 0)
(0.167644 0.000242425 0)
(0.16852 0.000181752 0)
(0.169183 0.000134471 0)
(0.169685 9.48141e-05 0)
(0.170127 9.56506e-05 0)
)
;

boundaryField
{
    ibCylinder
    {
        type            movingImmersedBoundaryVelocity;
        patchType       immersedBoundary;
        setDeadValue    true;
        deadValue       (0 0 0);
        value           nonuniform List<vector> 0();
    }
    in
    {
        type            fixedValue;
        value           uniform (1 0 0);
    }
    out
    {
        type            inletOutlet;
        inletValue      uniform (0 0 0);
        value           nonuniform List<vector> 
25
(
(0.170129 -9.56312e-05 0)
(0.473645 -0.000561135 0)
(0.724324 -0.00115586 0)
(0.91544 -0.00180402 0)
(1.05004 -0.00237208 0)
(1.13791 -0.00275286 0)
(1.19141 -0.00288736 0)
(1.22192 -0.00277156 0)
(1.23831 -0.00242672 0)
(1.24669 -0.00191394 0)
(1.25074 -0.0013086 0)
(1.25251 -0.000661518 0)
(1.25301 -5.34469e-07 0)
(1.25251 0.000660487 0)
(1.25074 0.00130767 0)
(1.24669 0.00191317 0)
(1.23832 0.00242613 0)
(1.22193 0.00277115 0)
(1.19141 0.00288711 0)
(1.13791 0.00275274 0)
(1.05004 0.00237205 0)
(0.915442 0.00180406 0)
(0.724325 0.00115595 0)
(0.473645 0.000561183 0)
(0.170127 9.56506e-05 0)
)
;
    }
    top
    {
        type            fixedValue;
        value           uniform (0 0 0);
    }
    bottom
    {
        type            fixedValue;
        value           uniform (0 0 0);
    }
    frontAndBack
    {
        type            empty;
    }
}


// ************************************************************************* //
