/*--------------------------------*- C++ -*----------------------------------*\
| =========                 |                                                 |
| \\      /  F ield         | OpenFOAM: The Open Source CFD Toolbox           |
|  \\    /   O peration     | Version:  2206                                  |
|   \\  /    A nd           | Website:  www.openfoam.com                      |
|    \\/     M anipulation  |                                                 |
\*---------------------------------------------------------------------------*/
FoamFile
{
    version     2.0;
    format      ascii;
    arch        "LSB;label=32;scalar=64";
    class       surfaceVectorField;
    location    "0.9";
    object      Uf;
}
// * * * * * * * * * * * * * * * * * * * * * * * * * * * * * * * * * * * * * //

dimensions      [0 1 -1 0 0 0 0];

internalField   nonuniform List<vector> 
3650
(
(0.85997 0.0531621 0)
(0.903252 0.14003 0)
(0.701941 0.0844871 0)
(0.90062 0.158028 0)
(0.568318 0.0659834 0)
(0.843914 0.133624 0)
(0.465274 0.0365294 0)
(0.753503 0.103044 0)
(0.389736 0.0187818 0)
(0.673979 0.0755379 0)
(0.336447 0.0100521 0)
(0.609337 0.0532891 0)
(0.299236 0.00525735 0)
(0.557794 0.0372108 0)
(0.27341 0.00255154 0)
(0.516499 0.0258266 0)
(0.255424 0.00104865 0)
(0.484234 0.0179853 0)
(0.242917 0.000171333 0)
(0.459477 0.0125078 0)
(0.234502 -0.000420806 0)
(0.440857 0.00841463 0)
(0.229373 -0.00090756 0)
(0.427375 0.0051287 0)
(0.227122 -0.00138785 0)
(0.418341 0.00225115 0)
(0.227637 -0.0019685 0)
(0.413514 -0.000514982 0)
(0.230874 -0.00269811 0)
(0.412757 -0.00323637 0)
(0.237169 -0.00357685 0)
(0.416106 -0.00629615 0)
(0.247021 -0.00465446 0)
(0.424117 -0.00985097 0)
(0.261075 -0.00600064 0)
(0.437412 -0.0140545 0)
(0.280185 -0.0076956 0)
(0.456803 -0.0191102 0)
(0.30544 -0.00982018 0)
(0.483391 -0.0252553 0)
(0.338182 -0.0124575 0)
(0.518571 -0.0327422 0)
(0.380003 -0.0156825 0)
(0.564016 -0.0418209 0)
(0.432707 -0.0195426 0)
(0.621658 -0.0527043 0)
(0.498219 -0.024022 0)
(0.693621 -0.0655124 0)
(0.578393 -0.0289898 0)
(0.782078 -0.0801727 0)
(0.674681 -0.0341258 0)
(0.889004 -0.0962889 0)
(0.78764 -0.038832 0)
(1.01579 -0.112958 0)
(0.91622 -0.0421531 0)
(1.16262 -0.128581 0)
(1.05691 -0.0432004 0)
(1.32776 -0.140688 0)
(1.2034 -0.0403147 0)
(1.5066 -0.14649 0)
(1.34533 -0.0303431 0)
(1.69094 -0.141933 0)
(1.46777 -0.0132592 0)
(1.86947 -0.122445 0)
(1.555 0.00802438 0)
(2.02566 -0.0872212 0)
(1.59311 0.030122 0)
(2.14213 -0.0381171 0)
(1.57562 0.0525344 0)
(2.20176 0.0174889 0)
(1.50291 0.0710367 0)
(2.20096 0.0727106 0)
(1.38358 0.081379 0)
(2.14038 0.119329 0)
(1.22897 0.0837509 0)
(2.02709 0.154608 0)
(1.05478 0.0773839 0)
(1.87297 0.174196 0)
(0.876809 0.0642694 0)
(1.69205 0.177969 0)
(0.709215 0.0462925 0)
(1.49691 0.167595 0)
(0.561974 0.0275059 0)
(1.3 0.14724 0)
(0.438908 0.0137818 0)
(1.10844 0.123066 0)
(0.338417 0.00635776 0)
(0.92736 0.100491 0)
(0.25779 0.00280606 0)
(0.763927 0.0806273 0)
(0.194414 0.00116741 0)
(0.622317 0.0633754 0)
(0.146029 0.000340012 0)
(0.504883 0.0483862 0)
(0.110525 -0.000208909 0)
(0.410461 0.0355037 0)
(0.0858806 -0.000769102 0)
(0.337627 0.0246446 0)
(0.0703391 -0.00138098 0)
(0.284049 0.0155413 0)
(0.0623856 -0.00192378 0)
(0.247047 0.00795389 0)
(0.0604807 -0.00219172 0)
(0.223336 0.00190467 0)
(0.0628967 -0.00228145 0)
(0.210462 -0.00241563 0)
(0.0685547 -0.00237578 0)
(0.206327 -0.00565827 0)
(0.0766025 -0.00236803 0)
(0.208565 -0.00804742 0)
(0.0861751 -0.00229585 0)
(0.215116 -0.00957287 0)
(0.0963675 -0.00219806 0)
(0.224608 -0.0101919 0)
(0.106603 -0.00203738 0)
(0.23549 -0.010236 0)
(0.116414 -0.00184891 0)
(0.246934 -0.00981047 0)
(0.125466 -0.00166202 0)
(0.258207 -0.0090519 0)
(0.133544 -0.00154101 0)
(0.268742 -0.00807839 0)
(0.140599 -0.00150313 0)
(0.278252 -0.00705462 0)
(0.146651 -0.00142747 0)
(0.286613 -0.00605201 0)
(0.151723 -0.00122703 0)
(0.2938 -0.0050724 0)
(0.155888 -0.000985916 0)
(0.299885 -0.00416479 0)
(0.159262 -0.000779181 0)
(0.304789 -0.00337358 0)
(0.161961 -0.000611665 0)
(0.308851 -0.00269875 0)
(0.164106 -0.000478392 0)
(0.312153 -0.0021449 0)
(0.16579 -0.000369239 0)
(0.314757 -0.00168463 0)
(0.167099 -0.000281174 0)
(0.316804 -0.00130827 0)
(0.168104 -0.000212016 0)
(0.318399 -0.0010057 0)
(0.16887 -0.000158052 0)
(0.319626 -0.000765339 0)
(0.169446 -0.000114592 0)
(0.320561 -0.000575918 0)
(0.169871 -9.52093e-05 0)
(0.321261 -0.000425595 0)
(0.321887 -0.000329176 0)
(1.05184 0.154496 0)
(1.0133 0.0881926 0)
(1.0479 0.182553 0)
(1.0557 0.161967 0)
(1.01157 0.167568 0)
(1.06809 0.169953 0)
(0.957076 0.142619 0)
(1.05046 0.157539 0)
(0.89348 0.112398 0)
(1.01587 0.139134 0)
(0.830236 0.0835019 0)
(0.97411 0.116533 0)
(0.77391 0.0605739 0)
(0.93161 0.093537 0)
(0.726523 0.0436302 0)
(0.890208 0.0732137 0)
(0.687842 0.031272 0)
(0.852399 0.0566662 0)
(0.6571 0.0220051 0)
(0.819828 0.0432497 0)
(0.633482 0.0147167 0)
(0.792856 0.0320328 0)
(0.616132 0.0086105 0)
(0.771403 0.022479 0)
(0.604479 0.00308014 0)
(0.755192 0.0139037 0)
(0.598291 -0.00221725 0)
(0.744159 0.00567327 0)
(0.597596 -0.00770261 0)
(0.738508 -0.00254168 0)
(0.602603 -0.0138554 0)
(0.738356 -0.0113037 0)
(0.613947 -0.0209601 0)
(0.744315 -0.0211945 0)
(0.632409 -0.0293231 0)
(0.757059 -0.0325161 0)
(0.659078 -0.0393145 0)
(0.777482 -0.0457799 0)
(0.695355 -0.0513358 0)
(0.806795 -0.0615319 0)
(0.742963 -0.0657908 0)
(0.846514 -0.0803499 0)
(0.803924 -0.0830388 0)
(0.898475 -0.102783 0)
(0.880514 -0.103324 0)
(0.964824 -0.129294 0)
(0.975155 -0.126658 0)
(1.04796 -0.160153 0)
(1.09023 -0.152647 0)
(1.15046 -0.195244 0)
(1.22776 -0.180262 0)
(1.27487 -0.233825 0)
(1.38897 -0.207562 0)
(1.42338 -0.274162 0)
(1.57352 -0.231427 0)
(1.59734 -0.313133 0)
(1.77867 -0.24752 0)
(1.79638 -0.345836 0)
(1.99811 -0.250622 0)
(2.0174 -0.36593 0)
(2.22172 -0.235065 0)
(2.25343 -0.36555 0)
(2.43529 -0.196164 0)
(2.49296 -0.336013 0)
(2.62028 -0.132782 0)
(2.71859 -0.272215 0)
(2.75794 -0.0496759 0)
(2.90657 -0.17577 0)
(2.83156 0.0400866 0)
(3.03724 -0.0561359 0)
(2.83786 0.124243 0)
(3.09778 0.0664136 0)
(2.7803 0.196939 0)
(3.09235 0.176883 0)
(2.66676 0.251676 0)
(3.02653 0.268153 0)
(2.50626 0.283403 0)
(2.90977 0.334692 0)
(2.3094 0.293455 0)
(2.75478 0.374829 0)
(2.08525 0.285795 0)
(2.57061 0.391745 0)
(1.84286 0.264105 0)
(2.3616 0.389629 0)
(1.59367 0.232941 0)
(2.13306 0.37226 0)
(1.35121 0.196746 0)
(1.89447 0.342955 0)
(1.12779 0.159215 0)
(1.65717 0.304042 0)
(0.932423 0.123584 0)
(1.43076 0.258746 0)
(0.769076 0.0921664 0)
(1.22289 0.211733 0)
(0.637517 0.0657051 0)
(1.03983 0.167063 0)
(0.535842 0.0439767 0)
(0.885406 0.12632 0)
(0.460691 0.0264253 0)
(0.761231 0.0906922 0)
(0.407888 0.0125019 0)
(0.666164 0.0607566 0)
(0.37341 0.00186314 0)
(0.596515 0.0363827 0)
(0.353958 -0.0060098 0)
(0.548726 0.017037 0)
(0.346326 -0.011724 0)
(0.519134 0.00197286 0)
(0.347109 -0.0156304 0)
(0.503322 -0.00882982 0)
(0.353674 -0.0177934 0)
(0.497408 -0.016138 0)
(0.363907 -0.0185154 0)
(0.499068 -0.0204243 0)
(0.376006 -0.018227 0)
(0.505171 -0.0223358 0)
(0.38896 -0.0171532 0)
(0.51417 -0.0227645 0)
(0.401722 -0.0155826 0)
(0.524608 -0.0218131 0)
(0.413668 -0.0137429 0)
(0.535182 -0.0200249 0)
(0.424474 -0.0118272 0)
(0.545404 -0.0178608 0)
(0.433943 -0.00996948 0)
(0.554843 -0.0155205 0)
(0.442065 -0.00826478 0)
(0.563219 -0.0131945 0)
(0.448899 -0.00675688 0)
(0.570485 -0.010998 0)
(0.454552 -0.00545757 0)
(0.576631 -0.00902674 0)
(0.459168 -0.00436263 0)
(0.581756 -0.00731506 0)
(0.462881 -0.00345208 0)
(0.585963 -0.00585757 0)
(0.465833 -0.00270069 0)
(0.589355 -0.00463691 0)
(0.468154 -0.00209048 0)
(0.592061 -0.00362962 0)
(0.46996 -0.00160128 0)
(0.594196 -0.00281107 0)
(0.471348 -0.00121276 0)
(0.595858 -0.00215345 0)
(0.4724 -0.000906048 0)
(0.597144 -0.00162779 0)
(0.473191 -0.000666016 0)
(0.598094 -0.00121645 0)
(0.598984 -0.000862576 0)
(1.03956 0.110499 0)
(1.0091 0.0486343 0)
(1.0823 0.156381 0)
(1.04749 0.119226 0)
(1.10379 0.16377 0)
(1.08798 0.148458 0)
(1.10708 0.157712 0)
(1.11156 0.154248 0)
(1.09647 0.145664 0)
(1.11857 0.149748 0)
(1.07533 0.127971 0)
(1.11695 0.137678 0)
(1.04726 0.10716 0)
(1.10566 0.121607 0)
(1.01558 0.086767 0)
(1.0884 0.104889 0)
(0.984028 0.0687245 0)
(1.06786 0.0882196 0)
(0.955286 0.0531969 0)
(1.04679 0.0719923 0)
(0.930567 0.0397319 0)
(1.02671 0.0567516 0)
(0.910266 0.0276935 0)
(1.0088 0.0427801 0)
(0.894656 0.0163488 0)
(0.993734 0.0295134 0)
(0.884053 0.00512423 0)
(0.982127 0.0162766 0)
(0.878913 -0.00645884 0)
(0.974684 0.0025982 0)
(0.879687 -0.0190801 0)
(0.971959 -0.0120778 0)
(0.886944 -0.0333387 0)
(0.974623 -0.0284513 0)
(0.901489 -0.049732 0)
(0.983359 -0.0470613 0)
(0.924384 -0.0689348 0)
(0.999059 -0.0686742 0)
(0.956923 -0.0916632 0)
(1.02295 -0.0940712 0)
(1.00074 -0.118638 0)
(1.05629 -0.124166 0)
(1.0578 -0.150524 0)
(1.10095 -0.159841 0)
(1.13039 -0.18782 0)
(1.1591 -0.201885 0)
(1.2211 -0.230673 0)
(1.23334 -0.250868 0)
(1.33274 -0.278603 0)
(1.32667 -0.306882 8.76106e-34)
(1.46814 -0.330136 0)
(1.44249 -0.369229 -8.43285e-34)
(1.62982 -0.382325 0)
(1.58442 -0.435841 0)
(1.81929 -0.430187 0)
(1.75597 -0.502598 0)
(2.03602 -0.466695 0)
(1.95956 -0.562569 0)
(2.2764 -0.482652 0)
(2.19584 -0.606309 0)
(2.53117 -0.467183 0)
(2.46193 -0.620321 0)
(2.78425 -0.411036 0)
(2.74009 -0.589094 0)
(3.01347 -0.312371 0)
(3.00411 -0.501431 0)
(3.19294 -0.178839 0)
(3.22023 -0.355244 0)
(3.30585 -0.0276838 0)
(3.3675 -0.169049 0)
(3.35132 0.118448 0)
(3.44941 0.0209477 0)
(3.33348 0.24535 0)
(3.44975 0.194723 0)
(3.26386 0.347882 0)
(3.40262 0.337775 0)
(3.1545 0.422351 0)
(3.31189 0.444049 0)
(3.01418 0.469296 0)
(3.19371 0.515148 0)
(2.84523 0.492498 0)
(3.0548 0.560701 0)
(2.6497 0.495079 0)
(2.8956 0.585151 0)
(2.43216 0.479617 0)
(2.71581 0.589803 0)
(2.19962 0.448421 0)
(2.51853 0.575498 0)
(1.9598 0.403939 0)
(2.30817 0.543864 0)
(1.72121 0.349493 0)
(2.09033 0.497334 0)
(1.49382 0.289741 0)
(1.87091 0.439123 0)
(1.28788 0.229589 0)
(1.65881 0.373006 0)
(1.11104 0.173168 0)
(1.46121 0.303154 0)
(0.966738 0.123521 0)
(1.28665 0.234996 0)
(0.854711 0.0820328 0)
(1.1397 0.172783 0)
(0.771883 0.0485654 0)
(1.02162 0.119211 0)
(0.713947 0.0223643 0)
(0.931218 0.0749731 0)
(0.675991 0.00266766 0)
(0.86538 0.0399293 0)
(0.653632 -0.0113239 0)
(0.819852 0.0135287 0)
(0.642894 -0.0204702 0)
(0.790403 -0.00539969 0)
(0.640453 -0.0255746 0)
(0.77345 -0.0179834 0)
(0.643488 -0.0278965 0)
(0.765404 -0.0253702 0)
(0.650041 -0.0282289 0)
(0.763597 -0.0293179 0)
(0.658274 -0.0268682 0)
(0.765704 -0.0300459 0)
(0.667109 -0.0245586 0)
(0.770262 -0.0288597 0)
(0.675978 -0.0217842 0)
(0.775945 -0.0267299 0)
(0.68429 -0.0188414 0)
(0.782113 -0.0238323 0)
(0.691784 -0.0159586 0)
(0.788202 -0.0206884 0)
(0.698345 -0.0132756 0)
(0.793903 -0.0175592 0)
(0.703951 -0.0108776 0)
(0.799018 -0.0146331 0)
(0.708645 -0.00879595 0)
(0.803463 -0.0120086 0)
(0.712507 -0.00702671 0)
(0.807235 -0.00971976 0)
(0.715639 -0.00554918 0)
(0.810372 -0.00776917 0)
(0.718147 -0.00433437 0)
(0.81294 -0.00613753 0)
(0.72013 -0.00334881 0)
(0.815013 -0.00479346 0)
(0.721678 -0.00255582 0)
(0.816657 -0.00370206 0)
(0.722867 -0.00192824 0)
(0.817961 -0.00281678 0)
(0.723785 -0.00140486 0)
(0.818922 -0.00213384 0)
(0.819882 -0.00148293 0)
(1.01976 0.0657295 0)
(1.00422 0.0288784 0)
(1.05964 0.11182 0)
(1.02719 0.0793434 0)
(1.09624 0.136528 0)
(1.06438 0.111857 0)
(1.12234 0.144223 0)
(1.09818 0.128147 0)
(1.13909 0.140997 0)
(1.12253 0.133002 0)
(1.14704 0.131543 0)
(1.1409 0.129727 0)
(1.1468 0.119677 0)
(1.15063 0.121845 0)
(1.14036 0.106616 0)
(1.15442 0.11133 0)
(1.1302 0.0919766 0)
(1.15419 0.0983766 0)
(1.11804 0.0760975 0)
(1.15019 0.0841555 0)
(1.10485 0.060172 0)
(1.14379 0.0699388 0)
(1.0921 0.0448091 0)
(1.13657 0.0555353 0)
(1.081 0.0295977 0)
(1.12932 0.0406104 0)
(1.07248 0.0139506 0)
(1.12304 0.0247962 0)
(1.06743 -0.00270931 0)
(1.11863 0.00765346 0)
(1.0666 -0.0209927 0)
(1.11686 -0.0112501 0)
(1.07065 -0.0415653 0)
(1.11845 -0.0324983 0)
(1.08038 -0.0652418 0)
(1.12407 -0.0567915 0)
(1.09691 -0.0929257 0)
(1.13453 -0.0852128 0)
(1.1214 -0.125609 0)
(1.15122 -0.118557 0)
(1.15531 -0.164321 0)
(1.17496 -0.158071 0)
(1.20072 -0.210093 0)
(1.208 -0.205259 0)
(1.26013 -0.263861 0)
(1.25245 -0.261295 0)
(1.33657 -0.326182 8.76106e-34)
(1.31121 -0.327305 0)
(1.43372 -0.396968 3.56055e-35)
(1.388 -0.404034 8.76106e-34)
(1.55591 -0.474948 -8.43285e-34)
(1.48756 -0.491413 -8.43285e-34)
(1.70792 -0.556789 0)
(1.61569 -0.587849 0)
(1.89453 -0.636168 0)
(1.77924 -0.689217 0)
(2.11961 -0.703172 0)
(1.98561 -0.787649 0)
(2.38506 -0.742743 0)
(2.24282 -0.87176 0)
(2.6789 -0.736477 0)
(2.54706 -0.914163 0)
(2.97024 -0.667792 0)
(2.85027 -0.880432 0)
(3.22198 -0.528363 0)
(3.11354 -0.753163 0)
(3.40428 -0.332276 0)
(3.31929 -0.53755 0)
(3.51185 -0.113034 0)
(3.42373 -0.276615 0)
(3.54379 0.101602 0)
(3.46515 -0.0109972 0)
(3.5129 0.287606 0)
(3.43384 0.225613 0)
(3.44193 0.430174 0)
(3.37114 0.408748 0)
(3.34625 0.532175 0)
(3.28593 0.539729 0)
(3.2331 0.602928 0)
(3.19428 0.628295 0)
(3.10448 0.650825 0)
(3.09604 0.689322 0)
(2.96058 0.678468 0)
(2.98511 0.729052 0)
(2.80102 0.685571 0)
(2.86433 0.74936 0)
(2.62637 0.671658 0)
(2.72953 0.750149 0)
(2.43814 0.638195 0)
(2.57603 0.732094 0)
(2.24023 0.587796 0)
(2.40921 0.695244 0)
(2.03623 0.523372 0)
(2.23293 0.643122 0)
(1.83237 0.447899 0)
(2.05183 0.576872 0)
(1.63731 0.366358 0)
(1.87061 0.498207 0)
(1.45996 0.285437 0)
(1.69727 0.412349 0)
(1.30682 0.210814 0)
(1.53771 0.325926 0)
(1.18107 0.146032 0)
(1.39765 0.244955 0)
(1.0827 0.0925702 0)
(1.2801 0.173351 0)
(1.00913 0.050556 0)
(1.1858 0.113493 0)
(0.956624 0.0191145 0)
(1.11317 0.0660367 0)
(0.921002 -0.00321492 0)
(1.0594 0.0302225 0)
(0.898442 -0.018002 0)
(1.02114 0.00457683 0)
(0.885646 -0.0269031 0)
(0.995231 -0.0125741 0)
(0.879453 -0.0311569 0)
(0.978559 -0.023125 0)
(0.877847 -0.0320063 0)
(0.96856 -0.0284396 0)
(0.879239 -0.030963 0)
(0.963701 -0.0302517 0)
(0.882255 -0.0286904 0)
(0.961769 -0.0297462 0)
(0.886159 -0.0255899 0)
(0.962007 -0.0277365 0)
(0.890444 -0.0222047 0)
(0.963525 -0.024973 0)
(0.894681 -0.0188405 0)
(0.965723 -0.021796 0)
(0.898619 -0.0156968 0)
(0.968231 -0.0185712 0)
(0.902126 -0.012876 0)
(0.970766 -0.015516 0)
(0.905158 -0.0104159 0)
(0.973153 -0.0127513 0)
(0.90772 -0.00831913 0)
(0.975294 -0.0103308 0)
(0.909842 -0.00656515 0)
(0.977153 -0.00826018 0)
(0.91157 -0.00512156 0)
(0.978725 -0.00652155 0)
(0.912957 -0.00394344 0)
(0.980023 -0.00508907 0)
(0.914047 -0.00300841 0)
(0.981091 -0.00390635 0)
(0.914914 -0.00220348 0)
(0.981892 -0.00300033 0)
(0.982739 -0.00208616 0)
(1.01046 0.0432225 0)
(1.00232 0.0184202 0)
(1.03623 0.0785398 0)
(1.01547 0.053576 0)
(1.0677 0.102658 0)
(1.04085 0.0803876 0)
(1.09818 0.116215 0)
(1.07025 0.0976607 0)
(1.12426 0.121002 0)
(1.0976 0.106924 0)
(1.14433 0.119381 0)
(1.12139 0.109652 0)
(1.15855 0.113346 0)
(1.14067 0.107627 0)
(1.16805 0.103493 0)
(1.15553 0.101836 0)
(1.17372 0.0911977 0)
(1.16706 0.0927074 0)
(1.17594 0.0786619 0)
(1.17457 0.0819301 0)
(1.17553 0.0659295 0)
(1.17908 0.0703454 0)
(1.17362 0.0520656 0)
(1.18179 0.0574463 0)
(1.17114 0.0367456 0)
(1.18306 0.0430952 0)
(1.16896 0.0195579 0)
(1.18382 0.0269732 0)
(1.16786 0.000116137 0)
(1.18428 0.00875304 0)
(1.1685 -0.0218093 0)
(1.18519 -0.0118852 0)
(1.17155 -0.0467568 0)
(1.18717 -0.0355461 0)
(1.17776 -0.0757516 0)
(1.19084 -0.0630106 0)
(1.18815 -0.109685 0)
(1.19683 -0.0955984 0)
(1.20389 -0.149685 0)
(1.20649 -0.134299 0)
(1.22651 -0.197674 0)
(1.22064 -0.180693 0)
(1.25812 -0.255296 0)
(1.24137 -0.23687 0)
(1.30138 -0.32388 0)
(1.27068 -0.304554 0)
(1.35988 -0.40482 0)
(1.31165 -0.385799 0)
(1.43844 -0.498961 0)
(1.36864 -0.482596 0)
(1.54344 -0.605914 0)
(1.44773 -0.59641 0)
(1.68295 -0.723139 0)
(1.55731 -0.727365 0)
(1.86695 -0.844492 0)
(1.70866 -0.873215 0)
(2.107 -0.958901 0)
(1.91751 -1.0277 0)
(2.40941 -1.04447 0)
(2.1939 -1.17417 0)
(2.72927 -1.06351 0)
(2.50476 -1.23403 0)
(3.01176 -0.984067 0)
(2.75108 -1.16291 0)
(3.22877 -0.788699 0)
(2.92147 -0.970171 0)
(3.34681 -0.502474 0)
(2.96383 -0.655588 0)
(3.37538 -0.19307 0)
(2.90307 -0.305194 0)
(3.34729 0.0900229 0)
(2.82069 0.017102 0)
(3.28242 0.323953 0)
(2.76094 0.290476 0)
(3.20192 0.498348 0)
(2.72377 0.489254 0)
(3.1284 0.618747 0)
(2.69453 0.613248 0)
(3.05693 0.701586 0)
(2.68801 0.699759 0)
(2.9777 0.757708 0)
(2.69079 0.768556 0)
(2.88914 0.791696 0)
(2.67904 0.817607 0)
(2.79124 0.808052 0)
(2.64553 0.84726 0)
(2.67844 0.807384 0)
(2.59093 0.862954 0)
(2.54662 0.787045 0)
(2.51112 0.863919 0)
(2.40238 0.749231 0)
(2.41086 0.839476 0)
(2.24852 0.696695 0)
(2.29283 0.796985 0)
(2.08995 0.628688 0)
(2.16688 0.735443 0)
(1.93108 0.546613 0)
(2.0313 0.657076 0)
(1.77581 0.455457 0)
(1.89339 0.567624 0)
(1.62915 0.362281 0)
(1.75866 0.472582 0)
(1.497 0.273987 0)
(1.63222 0.377108 0)
(1.3834 0.195548 0)
(1.51813 0.286946 0)
(1.28993 0.129884 0)
(1.41929 0.206964 0)
(1.21598 0.0777745 0)
(1.33672 0.139987 0)
(1.15955 0.0384305 0)
(1.26997 0.0866483 0)
(1.11793 0.0102611 0)
(1.21765 0.0462006 0)
(1.08826 -0.00867802 0)
(1.17784 0.0170924 0)
(1.0678 -0.0203631 0)
(1.14831 -0.00265629 0)
(1.05451 -0.0266397 0)
(1.12703 -0.0151526 0)
(1.04635 -0.0290082 0)
(1.11229 -0.022089 0)
(1.04166 -0.0288035 0)
(1.10227 -0.0250648 0)
(1.03947 -0.0271371 0)
(1.09588 -0.0255398 0)
(1.03889 -0.0245678 0)
(1.09202 -0.024399 0)
(1.03936 -0.0215237 0)
(1.08992 -0.0222572 0)
(1.04045 -0.0183919 0)
(1.08904 -0.0196653 0)
(1.04185 -0.0153977 0)
(1.08896 -0.0169183 0)
(1.04334 -0.0126748 0)
(1.08937 -0.0142351 0)
(1.04476 -0.0102809 0)
(1.09002 -0.0117593 0)
(1.04606 -0.00822527 0)
(1.09078 -0.00956079 0)
(1.0472 -0.00649684 0)
(1.09155 -0.00765905 0)
(1.04817 -0.00505887 0)
(1.09226 -0.00605637 0)
(1.04897 -0.00390449 0)
(1.0929 -0.00470314 0)
(1.04962 -0.00288788 0)
(1.09341 -0.00365883 0)
(1.09397 -0.00256111 0)
(1.00595 0.0296334 0)
(1.00138 0.012473 0)
(1.02223 0.0556282 0)
(1.00941 0.0372922 0)
(1.04477 0.0752712 0)
(1.02627 0.0578465 0)
(1.06982 0.0882857 0)
(1.04801 0.0726165 0)
(1.09475 0.0954814 0)
(1.071 0.0819921 0)
(1.11769 0.0977974 0)
(1.09342 0.0867107 0)
(1.13776 0.0960458 0)
(1.11427 0.0875536 0)
(1.15455 0.0909106 0)
(1.13293 0.0850544 0)
(1.16767 0.0831471 0)
(1.14891 0.0795789 0)
(1.17769 0.0734795 0)
(1.16197 0.071918 0)
(1.18535 0.0621587 0)
(1.17252 0.0626786 0)
(1.19114 0.0490136 0)
(1.18111 0.0516633 0)
(1.19558 0.0338966 0)
(1.18787 0.0386478 0)
(1.19898 0.0168009 0)
(1.19326 0.0235784 0)
(1.2015 -0.002514 0)
(1.19722 0.00622923 0)
(1.20371 -0.024697 0)
(1.20002 -0.0140924 0)
(1.20618 -0.0506043 0)
(1.20213 -0.038011 0)
(1.20955 -0.0814633 0)
(1.20405 -0.0663877 0)
(1.21455 -0.118746 0)
(1.20618 -0.100592 0)
(1.22237 -0.163821 0)
(1.20933 -0.14212 0)
(1.23438 -0.21837 0)
(1.21431 -0.192708 0)
(1.25223 -0.284631 0)
(1.22244 -0.254718 0)
(1.27853 -0.365134 0)
(1.23556 -0.330857 0)
(1.3171 -0.4626 0)
(1.25656 -0.424365 0)
(1.37351 -0.579747 0)
(1.28988 -0.539011 0)
(1.45598 -0.718703 0)
(1.34238 -0.678875 0)
(1.57635 -0.880021 0)
(1.42453 -0.847737 0)
(1.75142 -1.06119 0)
(1.55195 -1.04828 0)
(2.00123 -1.25292 0)
(1.74562 -1.27751 0)
(2.29858 -1.38799 0)
(1.99911 -1.47152 0)
(2.54284 -1.3864 0)
(2.18652 -1.47829 0)
(2.68171 -1.25164 0)
(2.10178 -1.30178 0)
(2.69616 -0.968881 0)
(1.8732 -0.984616 -2.16269e-18)
(2.53204 -0.569638 0)
(1.56308 -0.491472 1.14285e-16)
(2.33221 -0.165714 0)
(1.18225 -0.105365 0)
(2.22035 0.173758 0)
(1.12651 0.128965 0)
(2.18526 0.41627 0)
(1.19931 0.325567 0)
(2.1925 0.567887 0)
(1.26689 0.482007 -1.40584e-16)
(2.24952 0.665842 0)
(1.35683 0.556233 0)
(2.32596 0.744076 0)
(1.54514 0.623314 0)
(2.39462 0.810026 0)
(1.74419 0.699898 0)
(2.43676 0.859917 0)
(1.91347 0.775473 0)
(2.44483 0.891965 0)
(2.03248 0.839186 0)
(2.42238 0.911394 0)
(2.10506 0.885402 0)
(2.37388 0.911788 0)
(2.13639 0.912417 0)
(2.30192 0.885057 0)
(2.13335 0.91144 0)
(2.21142 0.834045 0)
(2.09731 0.887489 0)
(2.10738 0.763205 0)
(2.04444 0.839481 0)
(1.99404 0.67901 0)
(1.97135 0.770418 0)
(1.87732 0.586496 0)
(1.88606 0.684341 0)
(1.76268 0.489585 0)
(1.79503 0.587221 0)
(1.65397 0.392451 0)
(1.7031 0.485822 0)
(1.55453 0.300708 0)
(1.61415 0.386382 0)
(1.46647 0.219085 0)
(1.5319 0.295029 0)
(1.39088 0.150412 0)
(1.45874 0.215568 0)
(1.32813 0.0955475 0)
(1.39558 0.1494 0)
(1.27759 0.0538414 0)
(1.34246 0.096741 0)
(1.23797 0.0236663 0)
(1.29888 0.0567197 0)
(1.20762 0.00296583 0)
(1.26393 0.027693 0)
(1.18487 -0.010293 0)
(1.23646 0.00759243 0)
(1.16829 -0.0179553 0)
(1.21535 -0.0055093 0)
(1.15658 -0.0216723 0)
(1.19953 -0.0133509 0)
(1.1485 -0.0227372 0)
(1.18795 -0.0174624 0)
(1.1431 -0.0220748 0)
(1.17965 -0.0189984 0)
(1.13966 -0.0203977 0)
(1.17385 -0.0188191 0)
(1.13761 -0.0181859 0)
(1.16992 -0.0176121 0)
(1.13652 -0.0157487 0)
(1.16734 -0.0158315 0)
(1.13609 -0.013318 0)
(1.16574 -0.0138033 0)
(1.13607 -0.0110436 0)
(1.16483 -0.0117422 0)
(1.13629 -0.00900241 0)
(1.16438 -0.00978112 0)
(1.13663 -0.00722739 0)
(1.16422 -0.00799402 0)
(1.137 -0.0057088 0)
(1.16423 -0.00642975 0)
(1.13736 -0.00446281 0)
(1.16433 -0.00506506 0)
(1.13769 -0.003335 0)
(1.16447 -0.00398709 0)
(1.16466 -0.00281663 0)
(1.00371 0.0208293 0)
(1.0009 0.00876703 0)
(1.01452 0.0398555 0)
(1.00622 0.0264817 0)
(1.0305 0.055167 0)
(1.01789 0.0418647 0)
(1.04949 0.0661612 0)
(1.03378 0.0536289 0)
(1.06977 0.0730593 0)
(1.0517 0.0617097 0)
(1.09006 0.0763282 0)
(1.07031 0.0664198 0)
(1.10949 0.076431 0)
(1.08878 0.0681234 0)
(1.12739 0.0737204 0)
(1.10647 0.0671563 0)
(1.14318 0.0685803 0)
(1.12278 0.063791 0)
(1.15673 0.061413 0)
(1.1373 0.0583678 0)
(1.16826 0.0523826 0)
(1.14995 0.0511448 0)
(1.17786 0.0414301 0)
(1.1608 0.0420697 0)
(1.18552 0.0284368 0)
(1.16977 0.0309821 0)
(1.1914 0.0131523 0)
(1.17678 0.0177004 0)
(1.19564 -0.00501538 0)
(1.18196 0.0019856 0)
(1.19835 -0.0268083 0)
(1.18515 -0.0167965 0)
(1.19981 -0.052979 0)
(1.18649 -0.0394736 0)
(1.20044 -0.0845084 0)
(1.18609 -0.0670134 0)
(1.20052 -0.122741 0)
(1.18402 -0.100679 0)
(1.20052 -0.169532 0)
(1.18043 -0.142121 0)
(1.20128 -0.227256 0)
(1.17562 -0.193467 0)
(1.20406 -0.298795 0)
(1.17024 -0.257494 0)
(1.21097 -0.387694 0)
(1.16545 -0.337761 0)
(1.22545 -0.498356 0)
(1.16335 -0.438847 0)
(1.25308 -0.636101 0)
(1.16759 -0.566649 1.72336e-32)
(1.30287 -0.806993 0)
(1.18447 -0.728665 -1.66441e-32)
(1.3891 -1.01764 0)
(1.22436 -0.933965 0)
(1.53236 -1.27271 0)
(1.30302 -1.19154 0)
(1.74608 -1.51621 0)
(1.43882 -1.49123 0)
(1.90966 -1.60017 0)
(1.52883 -1.63509 0)
(1.78516 -1.40318 0)
(1.30725 -1.35379 0)
(1.27119 -0.956153 -2.16269e-18)
(0.694667 -0.730076 0)
(0.846726 -0.424672 1.12122e-16)
(0.513082 -0.86723 -2.16269e-18)
(0.258701 -0.101562 1.14285e-16)
(0.255141 -0.983242 1.14285e-16)
(-0.0271696 -0.0161 0)
(-0.0323474 -1.07282 0)
(0.0804255 0.108405 0)
(-0.0057308 -1.16192 0)
(0.219542 0.283286 -1.40584e-16)
(0.101829 -1.40169 0)
(0.359842 0.403827 -1.40584e-16)
(-0.124778 0.151594 -3.45804e-16)
(0.655004 0.483723 0)
(0.0304998 0.26107 0)
(0.976636 0.561397 0)
(0.257939 0.301681 0)
(1.26849 0.654407 0)
(0.558555 0.408044 0)
(1.51215 0.747123 0)
(0.863841 0.531815 0)
(1.69477 0.826374 0)
(1.12943 0.656559 0)
(1.81729 0.880872 0)
(1.34105 0.762888 0)
(1.89313 0.906958 0)
(1.49717 0.836572 0)
(1.92815 0.910088 0)
(1.60467 0.876423 0)
(1.9307 0.890603 0)
(1.66763 0.884939 0)
(1.90773 0.844067 0)
(1.70174 0.862455 0)
(1.86354 0.772897 0)
(1.70917 0.814604 0)
(1.8045 0.683668 0)
(1.69593 0.743379 0)
(1.73653 0.583866 0)
(1.66616 0.655197 0)
(1.66436 0.481188 0)
(1.62521 0.557992 0)
(1.59247 0.382381 0)
(1.5774 0.45827 0)
(1.52488 0.293157 0)
(1.52715 0.362616 0)
(1.46382 0.216139 0)
(1.47765 0.276626 0)
(1.41012 0.152023 0)
(1.43176 0.203103 0)
(1.36385 0.100799 0)
(1.39012 0.143007 0)
(1.3249 0.0616326 0)
(1.35346 0.0956729 0)
(1.29281 0.0329397 0)
(1.32209 0.0597787 0)
(1.26696 0.0128228 0)
(1.29585 0.033443 0)
(1.24661 -0.000571191 0)
(1.27439 0.0148476 0)
(1.23094 -0.00889655 0)
(1.25722 0.00231464 0)
(1.21914 -0.0135458 0)
(1.24376 -0.00565735 0)
(1.21042 -0.0156197 0)
(1.23343 -0.0102837 0)
(1.20413 -0.0159669 0)
(1.22565 -0.012527 0)
(1.19967 -0.0152321 0)
(1.21989 -0.0131551 0)
(1.19659 -0.0138783 0)
(1.2157 -0.0127463 0)
(1.19451 -0.0122227 0)
(1.2127 -0.0117256 0)
(1.19316 -0.0104752 0)
(1.21059 -0.0103908 0)
(1.19232 -0.00877029 0)
(1.20914 -0.00894151 0)
(1.19183 -0.00719679 0)
(1.20816 -0.00750295 0)
(1.19156 -0.00578882 0)
(1.20752 -0.00616749 0)
(1.19144 -0.00459399 0)
(1.2071 -0.00494524 0)
(1.19141 -0.00347493 0)
(1.20687 -0.0039508 0)
(1.20667 -0.00282779 0)
(1.00254 0.0148388 0)
(1.00064 0.00622368 0)
(1.01016 0.0287322 0)
(1.00444 0.0188636 0)
(1.02185 0.0403584 0)
(1.01296 0.0301775 0)
(1.03629 0.0490976 0)
(1.02493 0.0391847 0)
(1.05236 0.0549414 0)
(1.03894 0.0456404 0)
(1.06913 0.0580822 0)
(1.05403 0.049654 0)
(1.08585 0.0587466 0)
(1.06953 0.0514032 0)
(1.10194 0.0571555 0)
(1.08486 0.051065 0)
(1.11693 0.0535384 0)
(1.0995 0.0488006 0)
(1.13051 0.0480996 0)
(1.11306 0.0447865 0)
(1.14252 0.0408947 0)
(1.12525 0.0391363 0)
(1.15278 0.0318091 0)
(1.13588 0.0318105 0)
(1.16109 0.0206329 0)
(1.14473 0.0226719 0)
(1.16732 0.00709089 0)
(1.15156 0.0114725 0)
(1.17143 -0.00921076 0)
(1.15614 -0.00212757 0)
(1.1733 -0.0289044 0)
(1.15826 -0.0186628 0)
(1.17273 -0.0529126 0)
(1.15767 -0.0389027 0)
(1.16956 -0.082445 0)
(1.154 -0.0638422 0)
(1.16366 -0.119046 0)
(1.1469 -0.0947809 0)
(1.15498 -0.164687 0)
(1.13597 -0.133442 0)
(1.14363 -0.221959 0)
(1.12087 -0.182118 0)
(1.13003 -0.294305 0)
(1.10132 -0.243889 0)
(1.11519 -0.386304 0)
(1.07733 -0.322924 0)
(1.10123 -0.504083 1.72336e-32)
(1.04945 -0.42489 0)
(1.09219 -0.655827 6.98939e-34)
(1.01932 -0.557602 1.72336e-32)
(1.09533 -0.852356 -1.66441e-32)
(0.990646 -0.73181 -1.66441e-32)
(1.12312 -1.10659 0)
(0.969292 -0.961759 0)
(1.18992 -1.41082 0)
(0.970037 -1.25834 0)
(1.24018 -1.61789 0)
(0.95518 -1.54149 0)
(0.955943 -1.37601 0)
(0.684604 -1.35085 1.80504e-18)
(0.457982 -0.69927 0)
(0.153558 -0.647452 0)
(-0.164299 -0.155253 0)
(-0.0942893 -0.233315 0)
(0.00357745 0 0)
(0 -0.0842454 0)
(0.0404234 0 0)
(0 -0.0199748 0)
(0.00623457 0 0)
(0 -0.0142259 0)
(-0.0203324 0 0)
(0 -0.00312665 0)
(-0.0224064 0.0062079 -2.0522e-16)
(0 0.00312589 0)
(-0.44462 0.0590313 -2.0522e-16)
(-0.293433 -0.411448 -2.0522e-16)
(-0.399363 0.120884 0)
(-0.216146 -0.863771 0)
(-0.154787 0.187938 0)
(-0.478234 0.0571045 0)
(0.167787 0.308324 0)
(-0.293795 0.0854696 0)
(0.490022 0.451466 0)
(-0.0219584 0.209579 0)
(0.778878 0.595207 0)
(0.265449 0.367703 0)
(1.01913 0.716888 0)
(0.527869 0.522632 0)
(1.20539 0.80235 0)
(0.753223 0.650322 0)
(1.3411 0.847662 0)
(0.939224 0.740706 0)
(1.43783 0.854937 0)
(1.08531 0.788214 0)
(1.50293 0.833194 0)
(1.20029 0.797349 0)
(1.54162 0.786119 0)
(1.28709 0.775919 0)
(1.55816 0.7155 0)
(1.35049 0.726837 0)
(1.55607 0.62925 0)
(1.39193 0.657289 0)
(1.53977 0.534835 0)
(1.41482 0.574293 0)
(1.51332 0.438702 0)
(1.42245 0.48472 0)
(1.48088 0.346906 0)
(1.41831 0.395057 0)
(1.44627 0.264724 0)
(1.40568 0.311233 0)
(1.41215 0.19523 0)
(1.38841 0.237222 0)
(1.37995 0.138885 0)
(1.36857 0.175208 0)
(1.35073 0.0946322 0)
(1.3482 0.12489 0)
(1.32514 0.0609282 0)
(1.32864 0.0853749 0)
(1.30326 0.0359619 0)
(1.31073 0.0553202 0)
(1.28498 0.018094 0)
(1.29492 0.0331254 0)
(1.27003 0.00581678 0)
(1.28137 0.0172686 0)
(1.25805 -0.00220023 0)
(1.27003 0.0063206 0)
(1.24865 -0.00704792 0)
(1.26074 -0.000881977 0)
(1.24141 -0.00960946 0)
(1.2533 -0.0052891 0)
(1.23592 -0.0105934 0)
(1.24742 -0.00766634 0)
(1.23181 -0.0105444 0)
(1.24285 -0.0086404 0)
(1.22878 -0.0098658 0)
(1.23933 -0.00869409 0)
(1.22657 -0.00884212 0)
(1.23666 -0.00818155 0)
(1.22498 -0.00766538 0)
(1.23465 -0.00735268 0)
(1.22386 -0.00646817 0)
(1.23315 -0.00637578 0)
(1.22307 -0.00532112 0)
(1.23205 -0.00537829 0)
(1.22252 -0.00430194 0)
(1.23123 -0.00440105 0)
(1.22215 -0.00330594 0)
(1.23069 -0.00357803 0)
(1.23012 -0.00260111 0)
(1.00188 0.0105074 0)
(1.00049 0.00434246 0)
(1.00756 0.0204907 0)
(1.00338 0.0131829 0)
(1.01649 0.0290681 0)
(1.00994 0.021249 0)
(1.02782 0.0357156 0)
(1.01935 0.0278512 0)
(1.04074 0.0403102 0)
(1.03064 0.0327211 0)
(1.05455 0.0429181 0)
(1.04308 0.0358485 0)
(1.06864 0.0436579 0)
(1.05611 0.0373092 0)
(1.08251 0.0426491 0)
(1.06923 0.0372035 0)
(1.09569 0.0400062 0)
(1.08196 0.0356183 0)
(1.10784 0.0358194 0)
(1.09388 0.0326343 0)
(1.11868 0.0300981 0)
(1.10469 0.028296 0)
(1.12793 0.0227579 0)
(1.11406 0.0225589 0)
(1.13529 0.0136115 0)
(1.12169 0.0153109 0)
(1.14044 0.00237224 0)
(1.12723 0.0063234 0)
(1.14305 -0.0113866 0)
(1.13028 -0.00473685 0)
(1.14274 -0.0283087 0)
(1.1304 -0.0183503 0)
(1.13904 -0.0492568 0)
(1.12706 -0.0351995 0)
(1.13139 -0.0753521 0)
(1.11962 -0.0561918 0)
(1.11915 -0.108081 0)
(1.10728 -0.0825438 0)
(1.1016 -0.14945 0)
(1.08909 -0.115891 0)
(1.07795 -0.202188 0)
(1.0639 -0.158464 0)
(1.04739 -0.270043 0)
(1.03037 -0.213334 0)
(1.00927 -0.358214 0)
(0.986998 -0.284802 0)
(0.963371 -0.474018 0)
(0.932194 -0.378991 0)
(0.910467 -0.627817 0)
(0.864517 -0.504696 2.65982e-33)
(0.853138 -0.833807 0)
(0.783049 -0.674481 -2.63175e-33)
(0.795542 -1.10113 0)
(0.688148 -0.904162 0)
(0.714978 -1.37166 0)
(0.580547 -1.17777 0)
(0.45572 -1.25087 1.80504e-18)
(0.335722 -1.28223 0)
(-0.108325 -0.653858 1.80504e-18)
(-0.173732 -0.787253 1.80504e-18)
(0.447116 -0.149465 0)
(-0.187204 0.241852 0)
(0.0694763 0 0)
(0 -0.0522752 0)
(0.0586466 0 0)
(0 0.00990077 0)
(0.00211057 0 0)
(0 -0.0159812 0)
(0.000370379 0 0)
(0 -0.000253833 0)
(8.84059e-07 0 0)
(0 3.12717e-06 0)
(-0.0147303 0 0)
(0 -0.00408841 0)
(-0.073283 0 0)
(0 -0.00341162 0)
(0.287844 -0.0165054 0)
(0 0.00325928 0)
(-0.652956 -0.0430562 0)
(-0.332212 -0.688092 0)
(-0.477569 0.00221675 0)
(-0.646625 -0.0899179 0)
(-0.234447 0.14087 0)
(-0.528732 -0.0335425 0)
(0.0180267 0.308125 0)
(-0.331456 0.115229 0)
(0.260354 0.465292 0)
(-0.121176 0.280304 0)
(0.482444 0.594396 0)
(0.0898732 0.428232 0)
(0.678324 0.684032 0)
(0.292347 0.544826 0)
(0.845232 0.731498 0)
(0.477715 0.621306 0)
(0.983174 0.740911 0)
(0.64484 0.659408 0)
(1.09609 0.718294 0)
(0.792892 0.663005 0)
(1.1852 0.670743 0)
(0.92116 0.637729 0)
(1.2522 0.604648 0)
(1.02848 0.590289 0)
(1.29924 0.526547 0)
(1.11497 0.527251 0)
(1.32897 0.443146 0)
(1.18144 0.454985 0)
(1.34441 0.360845 0)
(1.22974 0.379624 0)
(1.3488 0.284692 0)
(1.26245 0.306842 0)
(1.34537 0.217903 0)
(1.28245 0.240647 0)
(1.33713 0.161828 0)
(1.29286 0.183445 0)
(1.32621 0.116233 0)
(1.29649 0.135817 0)
(1.31424 0.0803175 0)
(1.29555 0.0973376 0)
(1.30236 0.0529341 0)
(1.2918 0.0672089 0)
(1.29126 0.0326393 0)
(1.28654 0.0442257 0)
(1.28131 0.0180204 0)
(1.28069 0.0272136 0)
(1.27267 0.00782048 0)
(1.27477 0.0149613 0)
(1.26536 0.00101553 0)
(1.26923 0.0064297 0)
(1.25928 -0.00323751 0)
(1.26421 0.000785465 0)
(1.25434 -0.0056318 0)
(1.2598 -0.00271744 0)
(1.25035 -0.00672978 0)
(1.25604 -0.00465947 0)
(1.2472 -0.00696739 0)
(1.25287 -0.0055362 0)
(1.24472 -0.00666352 0)
(1.25026 -0.00570862 0)
(1.24281 -0.00604432 0)
(1.24816 -0.00543657 0)
(1.24134 -0.00527364 0)
(1.24647 -0.00490634 0)
(1.24022 -0.00445 0)
(1.24515 -0.00426067 0)
(1.23938 -0.0036703 0)
(1.24409 -0.00356179 0)
(1.23874 -0.00286775 0)
(1.24335 -0.00294233 0)
(1.2425 -0.00217102 0)
(1.00148 0.00718521 0)
(1.0004 0.00286446 0)
(1.00596 0.0140743 0)
(1.00273 0.00870374 0)
(1.01311 0.0200994 0)
(1.00807 0.0140971 0)
(1.02237 0.0248704 0)
(1.01584 0.0185949 0)
(1.03311 0.0282423 0)
(1.02532 0.0219778 0)
(1.04476 0.0302099 0)
(1.03594 0.0241938 0)
(1.05681 0.0308246 0)
(1.04719 0.025263 0)
(1.06878 0.0301492 0)
(1.05863 0.0252361 0)
(1.08024 0.0282387 0)
(1.0698 0.0241559 0)
(1.09082 0.0251274 0)
(1.08027 0.0220569 0)
(1.10017 0.0208005 0)
(1.0897 0.0189474 0)
(1.10794 0.0151848 0)
(1.09771 0.0147815 0)
(1.11379 0.00813254 0)
(1.10392 0.00946727 0)
(1.11723 -0.000617775 0)
(1.10792 0.00287916 0)
(1.11781 -0.011445 0)
(1.10922 -0.0053147 0)
(1.11494 -0.0248774 0)
(1.1072 -0.0154785 0)
(1.10789 -0.0416451 0)
(1.10114 -0.0281507 0)
(1.09576 -0.0627266 0)
(1.09013 -0.0440658 0)
(1.07744 -0.0894467 0)
(1.07301 -0.0642142 0)
(1.0515 -0.123621 0)
(1.04832 -0.0899519 0)
(1.01619 -0.167769 0)
(1.01416 -0.123161 0)
(0.969352 -0.225439 0)
(0.968124 -0.166492 0)
(0.908301 -0.30174 0)
(0.907103 -0.223751 0)
(0.829826 -0.404111 2.65982e-33)
(0.827135 -0.300514 0)
(0.730221 -0.543422 4.01086e-35)
(0.723156 -0.405091 2.65982e-33)
(0.605474 -0.733397 -2.63175e-33)
(0.588814 -0.549733 -2.63175e-33)
(0.44756 -0.964551 0)
(0.420557 -0.746246 0)
(0.212424 -1.06487 0)
(0.181482 -0.942635 0)
(-0.266186 -0.675765 0)
(-0.217463 -0.803617 0)
(0.827424 -0.154015 0)
(-0.25671 0.475424 0)
(0.183206 0 0)
(0 0.15458 0)
(0.0319225 0 0)
(0 0.0303195 0)
(-0.00856775 0 0)
(0 -0.0106104 0)
(-3.95531e-05 0 0)
(0 -0.000387617 0)
(2.18602e-07 0 0)
(0 8.25413e-09 0)
(4.74637e-07 0 0)
(0 6.43431e-09 0)
(1.13078e-06 0 0)
(0 1.88358e-08 0)
(0.000520594 0 0)
(0 5.5182e-08 0)
(-0.0727494 0 0)
(0 0.000362193 0)
(0.330469 -0.0687589 0)
(0 -0.0106462 0)
(-0.728323 -0.131001 0)
(-0.730623 -0.129495 0)
(-0.619006 -0.0570533 0)
(-0.728576 -0.142859 0)
(-0.466863 0.0921116 0)
(-0.657984 -0.0369143 0)
(-0.293016 0.248677 0)
(-0.542755 0.106458 0)
(-0.106614 0.38421 0)
(-0.39263 0.241831 0)
(0.0846748 0.487052 0)
(-0.220842 0.353537 0)
(0.273003 0.552899 0)
(-0.0384862 0.432978 0)
(0.452306 0.583567 0)
(0.147083 0.480104 0)
(0.617849 0.583412 0)
(0.329283 0.497462 0)
(0.765608 0.5582 0)
(0.5013 0.48997 0)
(0.893123 0.51408 0)
(0.658259 0.462774 0)
(0.999257 0.457008 0)
(0.796623 0.421118 0)
(1.08424 0.392784 0)
(0.91443 0.369998 0)
(1.14949 0.326939 0)
(1.01123 0.314382 0)
(1.19732 0.264059 0)
(1.08794 0.259007 0)
(1.23063 0.20729 0)
(1.14641 0.207337 0)
(1.25258 0.158304 0)
(1.18939 0.161501 0)
(1.26597 0.117537 0)
(1.21987 0.122426 0)
(1.27311 0.0846387 0)
(1.24057 0.0901931 0)
(1.27593 0.0588005 0)
(1.25384 0.0643943 0)
(1.27588 0.0390503 0)
(1.26166 0.0442759 0)
(1.27405 0.0243616 0)
(1.26563 0.029036 0)
(1.27124 0.0137188 0)
(1.26692 0.0177708 0)
(1.26801 0.00630151 0)
(1.26654 0.00966791 0)
(1.26467 0.00138406 0)
(1.26511 0.00411911 0)
(1.26146 -0.00168142 0)
(1.26311 0.000490062 0)
(1.25852 -0.00341408 0)
(1.2609 -0.00171147 0)
(1.25591 -0.00423652 0)
(1.25866 -0.00293258 0)
(1.25368 -0.00445157 0)
(1.25656 -0.00347757 0)
(1.25181 -0.00427757 0)
(1.25469 -0.0035659 0)
(1.25027 -0.00387883 0)
(1.25306 -0.00336759 0)
(1.24903 -0.00336261 0)
(1.25171 -0.00301367 0)
(1.24804 -0.00282792 0)
(1.25056 -0.00257229 0)
(1.24725 -0.00224292 0)
(1.24973 -0.00215602 0)
(1.24872 -0.0016123 0)
(1.00123 0.00448764 0)
(1.00034 0.00163038 0)
(1.00498 0.00881483 0)
(1.00235 0.00495662 0)
(1.01103 0.0126445 0)
(1.00697 0.00805303 0)
(1.01895 0.0157208 0)
(1.01375 0.0106658 0)
(1.02828 0.0179264 0)
(1.02213 0.0126543 0)
(1.0385 0.0192342 0)
(1.03162 0.0139724 0)
(1.04914 0.0196601 0)
(1.04175 0.0146194 0)
(1.05976 0.0192323 0)
(1.05209 0.0146163 0)
(1.06994 0.0179738 0)
(1.06221 0.0139809 0)
(1.07927 0.0158935 0)
(1.07167 0.0127269 0)
(1.08737 0.0129681 0)
(1.08009 0.0108503 0)
(1.09384 0.00913298 0)
(1.08706 0.00831179 0)
(1.09827 0.0043136 0)
(1.09218 0.00503174 0)
(1.10015 -0.00168648 0)
(1.09489 0.00100592 0)
(1.09887 -0.00916724 0)
(1.09478 -0.00403875 0)
(1.09371 -0.0184944 0)
(1.09106 -0.0103201 0)
(1.08375 -0.0302083 0)
(1.08286 -0.018192 0)
(1.06782 -0.0450364 0)
(1.06909 -0.0281327 0)
(1.04439 -0.0639709 0)
(1.04834 -0.0407874 0)
(1.01149 -0.0883904 0)
(1.01874 -0.0570522 0)
(0.966522 -0.120237 0)
(0.977813 -0.0781872 0)
(0.906022 -0.162297 0)
(0.922293 -0.105991 0)
(0.825358 -0.218647 0)
(0.847752 -0.143086 0)
(0.718229 -0.295394 0)
(0.748149 -0.193385 0)
(0.576001 -0.401561 0)
(0.615202 -0.262862 1.29744e-32)
(0.386517 -0.546492 0)
(0.438062 -0.360248 -1.34708e-32)
(0.131393 -0.70562 0)
(0.205046 -0.49112 0)
(-0.20178 -0.672334 0)
(-0.152214 -0.609459 0)
(0.829477 -0.281539 0)
(-0.538491 -0.443787 1.8763e-16)
(0.753133 0 0)
(0 0.361353 0)
(0.019217 0 0)
(0 -0.029772 0)
(-0.017125 0 0)
(0 -0.0181358 0)
(-0.00338608 0 0)
(0 -0.00493644 0)
(7.43385e-08 0 0)
(0 3.01547e-09 0)
(1.42039e-07 0 0)
(0 -2.57939e-10 0)
(3.26187e-07 0 0)
(0 -8.18948e-12 0)
(7.0965e-07 0 0)
(0 1.25313e-08 0)
(1.54599e-06 0 0)
(0 2.02438e-08 0)
(-0.0507264 0 0)
(0 3.4009e-08 0)
(0.0150146 -0.0573963 0)
(0 -0.00553965 0)
(-0.764187 -0.136624 0)
(-0.714368 -0.0811203 -1.77178e-16)
(-0.770783 -0.118304 0)
(-0.772658 -0.136264 0)
(-0.732849 -0.0165336 0)
(-0.803343 -0.0748476 0)
(-0.644407 0.105672 0)
(-0.778107 0.0180153 0)
(-0.513922 0.216988 0)
(-0.694458 0.111346 0)
(-0.352483 0.304611 0)
(-0.562781 0.192098 0)
(-0.170663 0.364414 0)
(-0.398763 0.251158 0)
(0.0209091 0.397376 0)
(-0.212954 0.288532 0)
(0.212312 0.406594 0)
(-0.017459 0.306059 0)
(0.395406 0.396192 0)
(0.17788 0.306876 0)
(0.564194 0.370641 0)
(0.365331 0.293985 0)
(0.714439 0.334366 0)
(0.538513 0.270873 0)
(0.843901 0.291582 0)
(0.692966 0.240536 0)
(0.951754 0.246441 0)
(0.825163 0.206529 0)
(1.03847 0.202379 0)
(0.935765 0.172288 0)
(1.10602 0.161704 0)
(1.0248 0.139786 0)
(1.15713 0.125807 0)
(1.09445 0.110393 0)
(1.19466 0.0952981 0)
(1.14751 0.0848964 0)
(1.22131 0.0701852 0)
(1.18681 0.0635479 0)
(1.2395 0.0500928 0)
(1.21501 0.0462048 0)
(1.25128 0.0344472 0)
(1.23453 0.0324897 0)
(1.25838 0.0225935 0)
(1.24742 0.0219384 0)
(1.26212 0.0138423 0)
(1.25542 0.0140294 0)
(1.26354 0.00758221 0)
(1.25988 0.00824706 0)
(1.26347 0.00328908 0)
(1.26187 0.00419151 0)
(1.2625 0.000497138 0)
(1.26225 0.00146475 0)
(1.26099 -0.00120103 0)
(1.26163 -0.000206142 0)
(1.25927 -0.00214496 0)
(1.26047 -0.00121559 0)
(1.25755 -0.00256782 0)
(1.259 -0.00175032 0)
(1.25593 -0.00263906 0)
(1.25748 -0.00195133 0)
(1.25449 -0.00249093 0)
(1.25603 -0.00192862 0)
(1.25325 -0.00221536 0)
(1.25474 -0.00177239 0)
(1.25222 -0.00189536 0)
(1.25358 -0.00153899 0)
(1.25137 -0.00152259 0)
(1.25272 -0.00130464 0)
(1.25163 -0.000985873 0)
(1.0011 0.00215718 0)
(1.00031 0.000530795 0)
(1.00445 0.00424434 0)
(1.00216 0.00160836 0)
(1.00988 0.00610562 0)
(1.00644 0.00261861 0)
(1.01707 0.00761353 0)
(1.01277 0.00347843 0)
(1.02559 0.00870278 0)
(1.02063 0.00413368 0)
(1.03499 0.00935395 0)
(1.02957 0.00457011 0)
(1.04483 0.0095702 0)
(1.03916 0.0047862 0)
(1.05466 0.00936121 0)
(1.04896 0.00478701 0)
(1.06406 0.00873472 0)
(1.05857 0.00457715 0)
(1.07263 0.00769132 0)
(1.06751 0.00416041 0)
(1.07994 0.00621257 0)
(1.07542 0.00353494 0)
(1.08557 0.00424866 0)
(1.08187 0.00268596 0)
(1.08903 0.00179145 0)
(1.08641 0.00157073 0)
(1.08983 -0.0012529 0)
(1.08842 0.000201888 0)
(1.0873 -0.00506898 0)
(1.08748 -0.00150355 0)
(1.08059 -0.00984653 0)
(1.08283 -0.00361589 0)
(1.06869 -0.0158736 0)
(1.07347 -0.0062834 0)
(1.05022 -0.0235339 0)
(1.05822 -0.00966599 0)
(1.02342 -0.0333569 0)
(1.03551 -0.0139835 0)
(0.985914 -0.0460859 0)
(1.00327 -0.0195491 0)
(0.934534 -0.062778 0)
(0.958706 -0.0268059 0)
(0.864934 -0.0849623 0)
(0.898068 -0.0363906 0)
(0.771085 -0.114899 0)
(0.816188 -0.0492357 0)
(0.644445 -0.155994 1.29744e-32)
(0.705863 -0.0667439 0)
(0.472641 -0.213221 -4.65172e-34)
(0.556995 -0.0910563 1.29744e-32)
(0.237572 -0.290958 -1.34708e-32)
(0.35633 -0.125176 -1.34708e-32)
(-0.0832938 -0.370664 0)
(0.0824127 -0.170253 0)
(-0.48215 -0.33482 1.8763e-16)
(-0.334085 -0.210601 0)
(1.69779 -0.131816 1.8763e-16)
(-0.636632 -0.132549 1.8763e-16)
(0.386943 0 0)
(0 -0.140423 0)
(0.0280775 0 0)
(0 -0.056715 0)
(-0.0168479 0 0)
(0 -0.0051502 0)
(-0.00121049 0 0)
(0 -0.000724095 0)
(5.92587e-08 0 0)
(0 -1.0138e-10 0)
(1.21293e-07 0 0)
(0 -1.87444e-11 0)
(2.68943e-07 0 0)
(0 7.03349e-09 0)
(4.86547e-07 0 0)
(0 8.58439e-10 0)
(1.062e-06 0 0)
(0 2.59344e-09 0)
(-0.0395592 0 0)
(0 8.67946e-09 0)
(-0.19785 -0.0238383 -1.77178e-16)
(0 -0.00110422 0)
(-0.726322 -0.0747977 -1.77178e-16)
(-0.692905 -0.0222734 -1.77178e-16)
(-0.811804 -0.0823189 0)
(-0.75551 -0.0507822 0)
(-0.852435 -0.0324516 0)
(-0.853192 -0.0342162 0)
(-0.831527 0.0307693 0)
(-0.876961 -0.00289275 0)
(-0.750025 0.0933557 0)
(-0.839536 0.029844 0)
(-0.617909 0.144791 0)
(-0.733519 0.0599813 0)
(-0.448466 0.180751 0)
(-0.584573 0.0817153 0)
(-0.255858 0.20199 0)
(-0.402172 0.0959236 0)
(-0.0528493 0.21015 0)
(-0.202364 0.103051 0)
(0.149673 0.207365 0)
(0.00321569 0.104354 0)
(0.34283 0.196017 0)
(0.205388 0.100828 0)
(0.520127 0.178273 0)
(0.396378 0.0935755 0)
(0.677077 0.156311 0)
(0.573612 0.083585 0)
(0.811738 0.132853 0)
(0.718895 0.0718678 0)
(0.923749 0.109964 0)
(0.848766 0.0602768 0)
(1.01417 0.088678 0)
(0.954609 0.0493682 0)
(1.08533 0.0696481 0)
(1.03892 0.0392324 0)
(1.13986 0.0532888 0)
(1.10462 0.0303627 0)
(1.18052 0.0396885 0)
(1.15448 0.022889 0)
(1.20995 0.0287033 0)
(1.19126 0.0167762 0)
(1.23053 0.0200659 0)
(1.21756 0.0119104 0)
(1.24432 0.0134493 0)
(1.23569 0.00814134 0)
(1.25306 0.00850693 0)
(1.24763 0.00529767 0)
(1.2581 0.00492603 0)
(1.25499 0.00320448 0)
(1.26057 0.00242747 0)
(1.25905 0.00171999 0)
(1.26134 0.000805386 0)
(1.26089 0.000692857 0)
(1.26106 -0.000194594 0)
(1.26118 7.8244e-05 0)
(1.26014 -0.000805701 0)
(1.26071 -0.00030321 0)
(1.25891 -0.00112139 0)
(1.2597 -0.000511918 0)
(1.25756 -0.00122942 0)
(1.25843 -0.000607968 0)
(1.25626 -0.00120181 0)
(1.25711 -0.000621917 0)
(1.25507 -0.00109089 0)
(1.25589 -0.000582681 0)
(1.25404 -0.000945084 0)
(1.25474 -0.000510984 0)
(1.25317 -0.000765936 0)
(1.25388 -0.00043588 0)
(1.25276 -0.000331307 0)
(1.00105 2.63919e-06 0)
(1.00031 -0.000523632 0)
(1.00427 1.59796e-06 0)
(1.00216 -0.00160473 0)
(1.0095 1.40259e-06 0)
(1.00644 -0.00261563 0)
(1.01646 1.18954e-06 0)
(1.01277 -0.00347581 0)
(1.02472 1.15364e-06 0)
(1.02063 -0.00413144 0)
(1.03386 1.393e-06 0)
(1.02957 -0.00456763 0)
(1.04343 1.79728e-06 0)
(1.03916 -0.00478302 0)
(1.053 2.30271e-06 0)
(1.04896 -0.00478295 0)
(1.06215 2.89384e-06 0)
(1.05857 -0.00457198 0)
(1.07046 3.57162e-06 0)
(1.06751 -0.004154 0)
(1.07753 4.36166e-06 0)
(1.07542 -0.00352709 0)
(1.08289 5.21639e-06 0)
(1.08187 -0.00267641 0)
(1.08602 6.0995e-06 0)
(1.08641 -0.00155955 0)
(1.08641 6.62798e-06 0)
(1.08842 -0.000189064 0)
(1.08339 6.75593e-06 0)
(1.08748 0.0015171 0)
(1.07614 6.87727e-06 0)
(1.08283 0.00362965 0)
(1.06356 6.85466e-06 0)
(1.07347 0.0062973 0)
(1.04422 6.43169e-06 0)
(1.05822 0.00967941 0)
(1.01624 5.5186e-06 0)
(1.03551 0.0139956 0)
(0.977133 4.1288e-06 0)
(1.00327 0.0195588 0)
(0.923515 2.26982e-06 0)
(0.958706 0.0268125 0)
(0.850733 2.16821e-09 0)
(0.898068 0.0363929 0)
(0.752265 -2.77617e-06 0)
(0.816188 0.0492332 0)
(0.618788 -6.1536e-06 0)
(0.705863 0.066735 0)
(0.436693 -1.04239e-05 0)
(0.556993 0.0910405 0)
(0.18637 -1.64901e-05 0)
(0.356328 0.125149 0)
(-0.154092 -1.47057e-05 0)
(0.0824118 0.170211 0)
(-0.57527 -2.29442e-05 0)
(-0.334098 0.210578 0)
(1.5619 -1.82878e-05 0)
(-0.636629 0.132426 -1.87607e-16)
(0.300747 0 0)
(0 0.140133 0)
(0.0364579 0 0)
(0 0.0567051 0)
(-0.0161534 0 0)
(0 0.00514578 0)
(-0.00056382 0 0)
(0 0.000724136 0)
(5.28274e-08 0 0)
(0 1.02471e-10 0)
(1.24321e-07 0 0)
(0 4.96343e-11 0)
(2.16146e-07 0 0)
(0 -8.78271e-09 0)
(4.53066e-07 0 0)
(0 -9.10565e-10 0)
(1.00072e-06 0 0)
(0 -2.60579e-09 0)
(-0.0412125 0 0)
(0 -8.67564e-09 0)
(-0.239788 6.34498e-06 0)
(0 0.00105538 0)
(-0.712596 4.99736e-05 0)
(-0.692918 0.022332 1.7721e-16)
(-0.814352 9.23452e-05 0)
(-0.755531 0.0509736 0)
(-0.882983 8.38916e-05 0)
(-0.853211 0.034415 0)
(-0.888925 5.90624e-05 0)
(-0.876983 0.00304867 0)
(-0.82933 3.43124e-05 0)
(-0.83955 -0.0297507 0)
(-0.709408 8.38711e-06 0)
(-0.733526 -0.0599413 0)
(-0.545967 -1.43447e-05 0)
(-0.584571 -0.0817251 0)
(-0.35407 -3.181e-05 0)
(-0.402164 -0.0959733 0)
(-0.147891 -4.31008e-05 0)
(-0.202349 -0.103128 0)
(0.0609107 -4.84477e-05 0)
(0.00323344 -0.104448 0)
(0.262665 -4.80382e-05 0)
(0.205407 -0.100926 0)
(0.449908 -4.29029e-05 0)
(0.396397 -0.093667 0)
(0.617151 -3.26074e-05 0)
(0.573628 -0.0836584 0)
(0.760936 -1.96476e-05 0)
(0.718909 -0.071917 0)
(0.881518 -1.06658e-05 0)
(0.848778 -0.0603058 0)
(0.980269 -5.02258e-06 0)
(0.954618 -0.0493831 0)
(1.05874 2.45776e-07 0)
(1.03892 -0.039235 0)
(1.11946 4.05809e-06 0)
(1.10463 -0.030356 0)
(1.16522 5.8525e-06 0)
(1.15448 -0.0228776 0)
(1.19876 6.18876e-06 0)
(1.19126 -0.0167632 0)
(1.22257 5.62091e-06 0)
(1.21756 -0.0118981 0)
(1.23884 4.54257e-06 0)
(1.23569 -0.0081309 0)
(1.24943 3.26487e-06 0)
(1.24763 -0.00528983 0)
(1.25583 2.03419e-06 0)
(1.25499 -0.00319922 0)
(1.25927 1.01274e-06 0)
(1.25905 -0.00171709 0)
(1.26065 2.78812e-07 0)
(1.26089 -0.000691701 0)
(1.26081 -2.41462e-07 0)
(1.26118 -7.83119e-05 0)
(1.26021 -5.65851e-07 0)
(1.26071 0.000302383 0)
(1.25918 -6.94516e-07 0)
(1.2597 0.000510686 0)
(1.25797 -7.44179e-07 0)
(1.25843 0.000606573 0)
(1.25673 -7.55872e-07 0)
(1.25711 0.000620451 0)
(1.25556 -7.26451e-07 0)
(1.25589 0.000581225 0)
(1.25454 -6.84846e-07 0)
(1.25474 0.000509619 0)
(1.25367 -6.01233e-07 0)
(1.25388 0.000434573 0)
(1.25276 0.000330265 0)
(1.0011 -0.00215182 0)
(1.00034 -0.00162309 0)
(1.00445 -0.00424105 0)
(1.00235 -0.00495318 0)
(1.00988 -0.00610287 0)
(1.00697 -0.00805023 0)
(1.01707 -0.00761112 0)
(1.01375 -0.0106631 0)
(1.02559 -0.00870045 0)
(1.02213 -0.0126521 0)
(1.03499 -0.00935116 0)
(1.03162 -0.0139699 0)
(1.04483 -0.00956662 0)
(1.04175 -0.0146162 0)
(1.05466 -0.00935663 0)
(1.05209 -0.0146122 0)
(1.06406 -0.00872896 0)
(1.06221 -0.0139758 0)
(1.07263 -0.00768423 0)
(1.07167 -0.0127206 0)
(1.07994 -0.00620392 0)
(1.08009 -0.0108426 0)
(1.08557 -0.00423837 0)
(1.08706 -0.00830239 0)
(1.08903 -0.00177962 0)
(1.09218 -0.00502078 0)
(1.08983 0.00126597 0)
(1.09489 -0.000993433 0)
(1.0873 0.00508271 0)
(1.09479 0.00405219 0)
(1.0806 0.00986051 0)
(1.09106 0.0103339 0)
(1.06869 0.0158874 0)
(1.08286 0.0182059 0)
(1.05022 0.0235468 0)
(1.06909 0.0281461 0)
(1.02342 0.0333679 0)
(1.04834 0.0407995 0)
(0.985915 0.0460943 0)
(1.01874 0.0570621 0)
(0.934535 0.0627828 0)
(0.977815 0.078194 0)
(0.864935 0.0849628 0)
(0.922294 0.105994 0)
(0.771085 0.114894 0)
(0.847752 0.143085 0)
(0.644444 0.155983 0)
(0.748149 0.193378 0)
(0.472637 0.2132 0)
(0.615198 0.262848 0)
(0.237566 0.290927 0)
(0.438061 0.360223 0)
(-0.083306 0.370641 0)
(0.205042 0.491085 0)
(-0.482159 0.334728 -1.87607e-16)
(-0.152254 0.609435 0)
(1.69755 0.131729 -1.87607e-16)
(-0.538395 0.443679 -1.87607e-16)
(0.386883 0 0)
(0 -0.362452 0)
(0.0280889 0 0)
(0 0.0297369 0)
(-0.0168534 0 0)
(0 0.0181245 0)
(-0.00121095 0 0)
(0 0.00493452 0)
(5.89389e-08 0 0)
(0 -3.00995e-09 0)
(1.19658e-07 0 0)
(0 2.82836e-10 0)
(2.68432e-07 0 0)
(0 7.64259e-11 0)
(4.86547e-07 0 0)
(0 -1.25347e-08 0)
(1.06202e-06 0 0)
(0 -2.0229e-08 0)
(-0.0395621 0 0)
(0 -3.39821e-08 0)
(-0.197837 0.0238853 1.7721e-16)
(0 0.00554926 0)
(-0.726346 0.0749446 1.7721e-16)
(-0.714404 0.0812493 1.7721e-16)
(-0.811837 0.0825176 0)
(-0.77272 0.136464 0)
(-0.852479 0.0326219 0)
(-0.803407 0.0750572 0)
(-0.831559 -0.0306522 0)
(-0.778166 -0.0178716 0)
(-0.750046 -0.0932918 0)
(-0.694499 -0.111263 0)
(-0.617915 -0.14478 0)
(-0.562798 -0.192073 0)
(-0.448456 -0.180785 0)
(-0.398757 -0.251184 0)
(-0.255835 -0.202055 0)
(-0.212928 -0.288594 0)
(-0.0528176 -0.210236 0)
(-0.0174167 -0.306146 0)
(0.14971 -0.20746 0)
(0.177932 -0.306975 0)
(0.342869 -0.19611 0)
(0.365388 -0.294085 0)
(0.520163 -0.178353 0)
(0.538567 -0.270961 0)
(0.677108 -0.156371 0)
(0.693014 -0.240604 0)
(0.811765 -0.132892 0)
(0.825203 -0.206573 0)
(0.923771 -0.109985 0)
(0.935797 -0.172312 0)
(1.01418 -0.0886851 0)
(1.02482 -0.139794 0)
(1.08534 -0.0696444 0)
(1.09446 -0.110389 0)
(1.13987 -0.0532787 0)
(1.14752 -0.0848859 0)
(1.18052 -0.0396757 0)
(1.18682 -0.0635341 0)
(1.20995 -0.0286903 0)
(1.21502 -0.0461905 0)
(1.23053 -0.0200544 0)
(1.23453 -0.0324769 0)
(1.24433 -0.0134401 0)
(1.24743 -0.0219278 0)
(1.25306 -0.00850036 0)
(1.25542 -0.0140215 0)
(1.2581 -0.00492194 0)
(1.25988 -0.00824186 0)
(1.26057 -0.00242546 0)
(1.26188 -0.00418858 0)
(1.26134 -0.000804885 0)
(1.26226 -0.00146355 0)
(1.26106 0.000194161 0)
(1.26163 0.000206187 0)
(1.26015 0.000804745 0)
(1.26047 0.001215 0)
(1.25891 0.00112011 0)
(1.259 0.0017493 0)
(1.25756 0.00122802 0)
(1.25748 0.00195009 0)
(1.25626 0.00120039 0)
(1.25603 0.00192732 0)
(1.25507 0.00108951 0)
(1.25474 0.00177109 0)
(1.25404 0.000943776 0)
(1.25358 0.00153775 0)
(1.25317 0.00076478 0)
(1.25272 0.00130344 0)
(1.25163 0.000984901 0)
(1.00123 -0.00448236 0)
(1.0004 -0.00285733 0)
(1.00498 -0.008812 0)
(1.00273 -0.00870042 0)
(1.01103 -0.0126419 0)
(1.00807 -0.0140943 0)
(1.01896 -0.0157184 0)
(1.01584 -0.0185923 0)
(1.02828 -0.017924 0)
(1.02532 -0.0219755 0)
(1.0385 -0.0192314 0)
(1.03594 -0.0241913 0)
(1.04914 -0.0196566 0)
(1.04719 -0.0252599 0)
(1.05976 -0.0192278 0)
(1.05863 -0.0252322 0)
(1.06994 -0.0179681 0)
(1.0698 -0.0241509 0)
(1.07927 -0.0158865 0)
(1.08027 -0.0220507 0)
(1.08737 -0.0129597 0)
(1.0897 -0.0189398 0)
(1.09384 -0.00912296 0)
(1.09771 -0.0147725 0)
(1.09827 -0.00430204 0)
(1.10392 -0.00945666 0)
(1.10015 0.00169933 0)
(1.10792 -0.00286707 0)
(1.09887 0.0091809 0)
(1.10922 0.00532788 0)
(1.09371 0.0185084 0)
(1.1072 0.0154923 0)
(1.08376 0.0302221 0)
(1.10114 0.0281646 0)
(1.06782 0.0450492 0)
(1.09013 0.0440792 0)
(1.0444 0.063982 0)
(1.07302 0.0642263 0)
(1.0115 0.088399 0)
(1.04832 0.0899619 0)
(0.966524 0.120243 0)
(1.01417 0.123168 0)
(0.906024 0.162299 0)
(0.968127 0.166496 0)
(0.825359 0.218644 0)
(0.907105 0.223751 0)
(0.718228 0.295385 0)
(0.827136 0.300509 0)
(0.575998 0.401544 0)
(0.723152 0.40508 0)
(0.386509 0.546462 0)
(0.588815 0.549714 0)
(0.131384 0.705564 0)
(0.42055 0.746213 0)
(-0.201734 0.672298 0)
(0.181443 0.942555 0)
(0.831224 0.281539 0)
(-0.21739 0.803594 0)
(0.754276 0 0)
(-0.256601 -0.477075 0)
(0.0192369 0 0)
(0 -0.155839 0)
(-0.0171227 0 0)
(0 -0.0302975 0)
(-0.00338523 0 0)
(0 0.0106063 0)
(7.43123e-08 0 0)
(0 0.000387587 0)
(1.42049e-07 0 0)
(0 -8.25061e-09 0)
(3.26182e-07 0 0)
(0 -6.40338e-09 0)
(7.0968e-07 0 0)
(0 -1.88204e-08 0)
(1.54607e-06 0 0)
(0 -5.51434e-08 0)
(-0.0507297 0 0)
(0 -0.000374766 0)
(0.0151344 0.057472 0)
(0 0.0106252 0)
(-0.764252 0.136804 0)
(-0.730691 0.129662 0)
(-0.770855 0.118518 0)
(-0.728684 0.143067 0)
(-0.732933 0.016713 0)
(-0.658099 0.0371349 0)
(-0.644473 -0.105567 0)
(-0.542834 -0.106331 0)
(-0.513961 -0.216947 0)
(-0.392683 -0.241776 0)
(-0.35249 -0.304623 0)
(-0.220857 -0.353544 0)
(-0.170641 -0.364467 0)
(-0.0384631 -0.433033 0)
(0.0209552 -0.397457 0)
(0.147135 -0.48019 0)
(0.212375 -0.406692 0)
(0.329356 -0.497566 0)
(0.395477 -0.396294 0)
(0.501385 -0.490078 0)
(0.564266 -0.370735 0)
(0.658345 -0.462874 0)
(0.714505 -0.334442 0)
(0.796702 -0.4212 0)
(0.843957 -0.291635 0)
(0.914497 -0.370056 0)
(0.951799 -0.246471 0)
(1.01128 -0.314415 0)
(1.03851 -0.202391 0)
(1.08797 -0.259019 0)
(1.10605 -0.161702 0)
(1.14643 -0.207334 0)
(1.15715 -0.125797 0)
(1.18941 -0.161489 0)
(1.19467 -0.0952838 0)
(1.21988 -0.12241 0)
(1.22131 -0.0701699 0)
(1.24058 -0.0901761 0)
(1.2395 -0.0500786 0)
(1.25385 -0.0643787 0)
(1.25129 -0.0344353 0)
(1.26167 -0.0442628 0)
(1.25838 -0.0225843 0)
(1.26563 -0.0290256 0)
(1.26212 -0.0138358 0)
(1.26693 -0.0177633 0)
(1.26355 -0.00757821 0)
(1.26655 -0.00966294 0)
(1.26347 -0.00328701 0)
(1.26511 -0.00411618 0)
(1.2625 -0.000496438 0)
(1.26311 -0.000488645 0)
(1.26099 0.00120086 0)
(1.2609 0.00171187 0)
(1.25928 0.00214426 0)
(1.25867 0.00293231 0)
(1.25755 0.00256682 0)
(1.25656 0.0034769 0)
(1.25593 0.00263792 0)
(1.25469 0.00356502 0)
(1.25449 0.00248974 0)
(1.25307 0.00336661 0)
(1.25325 0.00221418 0)
(1.25172 0.00301264 0)
(1.25222 0.00189421 0)
(1.25056 0.00257126 0)
(1.25137 0.00152156 0)
(1.24973 0.00215499 0)
(1.24872 0.00161146 0)
(1.00148 -0.00718013 0)
(1.00049 -0.00433596 0)
(1.00596 -0.0140713 0)
(1.00338 -0.0131795 0)
(1.01311 -0.0200967 0)
(1.00994 -0.0212462 0)
(1.02237 -0.024868 0)
(1.01935 -0.0278486 0)
(1.03311 -0.0282399 0)
(1.03064 -0.0327188 0)
(1.04476 -0.0302072 0)
(1.04308 -0.035846 0)
(1.05681 -0.0308211 0)
(1.05611 -0.0373061 0)
(1.06878 -0.0301448 0)
(1.06923 -0.0371997 0)
(1.08024 -0.0282332 0)
(1.08196 -0.0356134 0)
(1.09082 -0.0251207 0)
(1.09388 -0.0326283 0)
(1.10017 -0.0207923 0)
(1.10469 -0.0282887 0)
(1.10794 -0.0151752 0)
(1.11406 -0.0225503 0)
(1.11379 -0.0081214 0)
(1.12169 -0.0153008 0)
(1.11723 0.000630203 0)
(1.12724 -0.00631188 0)
(1.11781 0.0114583 0)
(1.13029 0.00474967 0)
(1.11494 0.0248912 0)
(1.1304 0.0183638 0)
(1.10789 0.0416587 0)
(1.12707 0.0352132 0)
(1.09577 0.0627392 0)
(1.11963 0.0562049 0)
(1.07744 0.0894578 0)
(1.10729 0.0825557 0)
(1.0515 0.12363 0)
(1.08909 0.115901 0)
(1.0162 0.167775 0)
(1.0639 0.158472 0)
(0.969355 0.225442 0)
(1.03038 0.21334 0)
(0.908304 0.301739 0)
(0.987002 0.284804 0)
(0.829826 0.404105 0)
(0.932198 0.378988 0)
(0.730218 0.543409 0)
(0.864515 0.50469 0)
(0.605466 0.733378 0)
(0.783055 0.674466 0)
(0.447542 0.964499 0)
(0.68812 0.904139 0)
(0.212443 1.06474 0)
(0.58059 1.17766 0)
(-0.266177 0.675558 0)
(0.335548 1.28222 0)
(0.831186 0.153888 0)
(-0.173652 0.78727 0)
(0.184786 0 0)
(-0.18667 -0.244029 3.95155e-17)
(0.031939 0 0)
(0 0.0518176 0)
(-0.00856731 0 0)
(0 -0.00993044 0)
(-3.95517e-05 0 0)
(0 0.0159791 0)
(2.18707e-07 0 0)
(0 0.000253848 0)
(4.7473e-07 0 0)
(0 -3.11425e-06 0)
(1.13098e-06 0 0)
(0 0.00410213 0)
(0.00050033 0 0)
(0 0.00341314 0)
(-0.0726759 0 0)
(0 -0.00313867 0)
(0.330323 0.0688421 0)
(-0.332185 0.68761 0)
(-0.728415 0.131184 0)
(-0.646896 0.0901035 0)
(-0.61914 0.0572622 0)
(-0.528759 0.0337915 0)
(-0.466967 -0.091944 0)
(-0.331615 -0.115038 0)
(-0.293087 -0.248599 0)
(-0.121236 -0.280211 0)
(-0.106644 -0.384202 0)
(0.0898444 -0.428218 0)
(0.0846878 -0.487099 0)
(0.292371 -0.544876 0)
(0.273054 -0.552984 0)
(0.477778 -0.621399 0)
(0.452385 -0.583673 0)
(0.644929 -0.659521 0)
(0.617943 -0.583525 0)
(0.792997 -0.663124 0)
(0.765707 -0.558306 0)
(0.921267 -0.637842 0)
(0.893217 -0.514169 0)
(1.02858 -0.590384 0)
(0.999337 -0.457073 0)
(1.11506 -0.527321 0)
(1.08431 -0.392822 0)
(1.18151 -0.455026 0)
(1.14953 -0.326954 0)
(1.22979 -0.37964 0)
(1.19735 -0.264057 0)
(1.26248 -0.306839 0)
(1.23065 -0.207278 0)
(1.28246 -0.240632 0)
(1.25259 -0.158287 0)
(1.29287 -0.183425 0)
(1.26597 -0.117518 0)
(1.29649 -0.135797 0)
(1.27311 -0.0846213 0)
(1.29555 -0.0973187 0)
(1.27593 -0.0587858 0)
(1.2918 -0.0671929 0)
(1.27588 -0.0390386 0)
(1.28654 -0.044213 0)
(1.27406 -0.0243529 0)
(1.28069 -0.0272039 0)
(1.27125 -0.0137128 0)
(1.27477 -0.0149544 0)
(1.26801 -0.00629765 0)
(1.26923 -0.00642493 0)
(1.26468 -0.0013818 0)
(1.26421 -0.000782402 0)
(1.26147 0.0016825 0)
(1.25981 0.00271924 0)
(1.25852 0.00341435 0)
(1.25604 0.00466034 0)
(1.25592 0.00423626 0)
(1.25287 0.00553643 0)
(1.25368 0.00445101 0)
(1.25026 0.00570844 0)
(1.25181 0.00427683 0)
(1.24816 0.00543613 0)
(1.25027 0.00387799 0)
(1.24647 0.00490575 0)
(1.24903 0.00336172 0)
(1.24515 0.00425999 0)
(1.24804 0.00282701 0)
(1.24409 0.00356103 0)
(1.24725 0.00224207 0)
(1.24335 0.00294153 0)
(1.2425 0.00217034 0)
(1.00188 -0.0105026 0)
(1.00064 -0.00621778 0)
(1.00756 -0.0204876 0)
(1.00444 -0.0188603 0)
(1.01649 -0.0290654 0)
(1.01296 -0.0301746 0)
(1.02782 -0.0357132 0)
(1.02493 -0.0391821 0)
(1.04074 -0.0403078 0)
(1.03894 -0.0456381 0)
(1.05455 -0.0429154 0)
(1.05404 -0.0496516 0)
(1.06864 -0.0436545 0)
(1.06953 -0.0514002 0)
(1.08251 -0.0426449 0)
(1.08486 -0.0510613 0)
(1.09569 -0.0400009 0)
(1.0995 -0.0487959 0)
(1.10784 -0.0358129 0)
(1.11306 -0.0447807 0)
(1.11868 -0.0300903 0)
(1.12525 -0.0391293 0)
(1.12793 -0.0227488 0)
(1.13588 -0.0318023 0)
(1.13529 -0.013601 0)
(1.14473 -0.0226624 0)
(1.14044 -0.0023604 0)
(1.15156 -0.0114617 0)
(1.14306 0.0113994 0)
(1.15614 0.00213966 0)
(1.14274 0.028322 0)
(1.15827 0.0186757 0)
(1.13904 0.04927 0)
(1.15767 0.0389157 0)
(1.13139 0.0753643 0)
(1.15401 0.0638547 0)
(1.11916 0.108092 0)
(1.1469 0.0947924 0)
(1.10161 0.149459 0)
(1.13598 0.133452 0)
(1.07795 0.202194 0)
(1.12087 0.182126 0)
(1.0474 0.270047 0)
(1.10133 0.243896 0)
(1.00928 0.358215 0)
(1.07734 0.322927 0)
(0.963375 0.474014 0)
(1.04946 0.42489 0)
(0.910469 0.62781 0)
(1.01932 0.557596 0)
(0.853131 0.833785 0)
(0.990653 0.731805 0)
(0.795559 1.10107 0)
(0.969281 0.961712 0)
(0.714893 1.37176 0)
(0.97005 1.25832 0)
(0.455567 1.25107 0)
(0.955128 1.54154 0)
(-0.108675 0.653706 3.95155e-17)
(0.684651 1.35086 0)
(0.449665 0.149244 3.95155e-17)
(0.154549 0.647077 5.13102e-17)
(0.0702566 0 0)
(-0.0941669 0.232749 0)
(0.0586376 0 0)
(0 0.0842293 0)
(0.00211148 0 0)
(0 0.0199841 0)
(0.000370405 0 0)
(0 0.0142238 0)
(8.83912e-07 0 0)
(0 0.00312155 0)
(-0.0147861 0 0)
(0 -0.0030849 0)
(-0.0732523 0 0)
(-0.293203 0.415644 -2.04374e-16)
(0.286238 0.0165157 0)
(-0.216764 0.861364 0)
(-0.653023 0.0432432 0)
(-0.478493 -0.0570371 0)
(-0.477738 -0.00190296 0)
(-0.293995 -0.0851821 0)
(-0.234541 -0.140644 0)
(-0.0219367 -0.209406 0)
(0.0179411 -0.308001 0)
(0.265344 -0.36752 0)
(0.26032 -0.46526 0)
(0.527886 -0.52259 0)
(0.482466 -0.594439 0)
(0.753281 -0.650364 0)
(0.678394 -0.684132 0)
(0.93933 -0.740804 0)
(0.845333 -0.731627 0)
(1.08543 -0.788338 0)
(0.983287 -0.741042 0)
(1.20042 -0.797476 0)
(1.09621 -0.718415 0)
(1.28722 -0.776043 0)
(1.18531 -0.670846 0)
(1.35061 -0.726942 0)
(1.25229 -0.604724 0)
(1.39203 -0.657369 0)
(1.29931 -0.526593 0)
(1.41489 -0.574343 0)
(1.32903 -0.443164 0)
(1.4225 -0.484739 0)
(1.34444 -0.360842 0)
(1.41834 -0.395052 0)
(1.34881 -0.284676 0)
(1.4057 -0.311214 0)
(1.34538 -0.217881 0)
(1.38841 -0.237199 0)
(1.33714 -0.161805 0)
(1.36857 -0.175183 0)
(1.32621 -0.116212 0)
(1.3482 -0.124867 0)
(1.31425 -0.0803001 0)
(1.32864 -0.0853559 0)
(1.30236 -0.0529201 0)
(1.31073 -0.0553052 0)
(1.29126 -0.0326287 0)
(1.29492 -0.0331138 0)
(1.28132 -0.0180125 0)
(1.28137 -0.01726 0)
(1.27268 -0.00781489 0)
(1.27003 -0.00631429 0)
(1.26536 -0.00101161 0)
(1.26075 0.000886628 0)
(1.25929 0.0032401 0)
(1.2533 0.00529241 0)
(1.25434 0.00563336 0)
(1.24743 0.00766859 0)
(1.25036 0.00673057 0)
(1.24286 0.00864179 0)
(1.2472 0.00696766 0)
(1.23934 0.00869484 0)
(1.24473 0.00666345 0)
(1.23666 0.00818186 0)
(1.24281 0.00604402 0)
(1.23465 0.00735268 0)
(1.24134 0.00527319 0)
(1.23315 0.00637559 0)
(1.24022 0.00444944 0)
(1.23205 0.00537794 0)
(1.23938 0.00366965 0)
(1.23123 0.00440058 0)
(1.23875 0.00286711 0)
(1.23069 0.00357748 0)
(1.23012 0.00260061 0)
(1.00254 -0.0148344 0)
(1.0009 -0.00876184 0)
(1.01016 -0.0287291 0)
(1.00622 -0.0264785 0)
(1.02185 -0.0403557 0)
(1.01789 -0.0418619 0)
(1.03629 -0.0490953 0)
(1.03378 -0.0536265 0)
(1.05236 -0.054939 0)
(1.0517 -0.0617075 0)
(1.06913 -0.0580794 0)
(1.07031 -0.0664173 0)
(1.08585 -0.0587432 0)
(1.08878 -0.0681204 0)
(1.10194 -0.0571514 0)
(1.10647 -0.0671525 0)
(1.11693 -0.0535333 0)
(1.12278 -0.0637865 0)
(1.13051 -0.0480934 0)
(1.1373 -0.0583622 0)
(1.14252 -0.0408874 0)
(1.14995 -0.0511382 0)
(1.15278 -0.0318006 0)
(1.1608 -0.042062 0)
(1.16109 -0.0206232 0)
(1.16977 -0.0309734 0)
(1.16732 -0.00707998 0)
(1.17679 -0.0176905 0)
(1.17144 0.00922273 0)
(1.18196 -0.00197449 0)
(1.1733 0.0289169 0)
(1.18516 0.0168084 0)
(1.17273 0.0529249 0)
(1.1865 0.0394855 0)
(1.16956 0.0824566 0)
(1.1861 0.067025 0)
(1.16367 0.119057 0)
(1.18403 0.10069 0)
(1.15499 0.164696 0)
(1.18044 0.14213 0)
(1.14364 0.221967 0)
(1.17563 0.193475 0)
(1.13003 0.29431 0)
(1.17024 0.257501 0)
(1.1152 0.386306 0)
(1.16545 0.337766 0)
(1.10124 0.504081 0)
(1.16336 0.438848 0)
(1.09219 0.655821 0)
(1.16759 0.566644 0)
(1.09534 0.852329 0)
(1.18447 0.728657 0)
(1.12312 1.10656 0)
(1.22438 0.933927 0)
(1.18997 1.41072 0)
(1.30296 1.19148 0)
(1.24038 1.61773 0)
(1.43884 1.49114 0)
(0.956365 1.37619 1.17947e-17)
(1.52911 1.63488 0)
(0.458607 0.699453 1.17947e-17)
(1.30715 1.35376 1.17947e-17)
(-0.164129 0.155176 0)
(0.694517 0.730466 6.04206e-18)
(0.00356158 0 0)
(0.51337 0.867767 4.59656e-17)
(0.0404206 0 0)
(0.255231 0.98357 -1.17194e-16)
(0.00619724 0 0)
(-0.032375 1.07309 0)
(-0.0208625 0 0)
(-0.00574825 1.16249 0)
(-0.0209712 -0.00522774 -2.04374e-16)
(0.10189 1.40259 1.65995e-16)
(-0.443744 -0.0578649 -2.04374e-16)
(-0.124735 -0.152095 -2.69511e-16)
(-0.399319 -0.120567 0)
(0.0298879 -0.26095 0)
(-0.154965 -0.187739 0)
(0.257733 -0.301392 0)
(0.167754 -0.30818 0)
(0.558617 -0.4079 0)
(0.489992 -0.451301 0)
(0.863896 -0.531644 0)
(0.778906 -0.595117 0)
(1.12953 -0.656435 0)
(1.01922 -0.716933 0)
(1.3412 -0.762906 0)
(1.20552 -0.802457 0)
(1.49737 -0.836663 0)
(1.34126 -0.84779 0)
(1.60488 -0.87654 0)
(1.43798 -0.855062 0)
(1.6678 -0.885063 0)
(1.50308 -0.833314 0)
(1.7019 -0.862577 0)
(1.54175 -0.786228 0)
(1.70932 -0.814714 0)
(1.55827 -0.715583 0)
(1.69605 -0.74346 0)
(1.55615 -0.629304 0)
(1.66624 -0.655249 0)
(1.53982 -0.534858 0)
(1.62526 -0.558014 0)
(1.51335 -0.438698 0)
(1.57742 -0.458266 0)
(1.48089 -0.346886 0)
(1.52716 -0.362595 0)
(1.44628 -0.264697 0)
(1.47766 -0.276596 0)
(1.41215 -0.195204 0)
(1.43176 -0.203073 0)
(1.37995 -0.138861 0)
(1.39011 -0.142981 0)
(1.35073 -0.0946116 0)
(1.35346 -0.0956512 0)
(1.32514 -0.0609118 0)
(1.32208 -0.0597614 0)
(1.30326 -0.0359494 0)
(1.29585 -0.0334298 0)
(1.28498 -0.0180846 0)
(1.27439 -0.0148376 0)
(1.27003 -0.00580975 0)
(1.25722 -0.00230707 0)
(1.25805 0.00220552 0)
(1.24377 0.00566319 0)
(1.24865 0.0070519 0)
(1.23343 0.0102882 0)
(1.24141 0.0096124 0)
(1.22565 0.0125305 0)
(1.23592 0.0105954 0)
(1.2199 0.0131577 0)
(1.23182 0.0105458 0)
(1.2157 0.0127481 0)
(1.22879 0.00986658 0)
(1.2127 0.0117268 0)
(1.22658 0.00884248 0)
(1.21059 0.0103915 0)
(1.22499 0.00766546 0)
(1.20914 0.00894185 0)
(1.22386 0.00646807 0)
(1.20816 0.00750305 0)
(1.22307 0.00532085 0)
(1.20752 0.00616741 0)
(1.22253 0.00430156 0)
(1.20711 0.00494502 0)
(1.22215 0.00330551 0)
(1.20687 0.00395046 0)
(1.20667 0.00282746 0)
(1.00371 -0.0208253 0)
(1.00138 -0.0124689 0)
(1.01452 -0.0398526 0)
(1.00941 -0.0372888 0)
(1.0305 -0.0551644 0)
(1.02627 -0.0578437 0)
(1.04949 -0.066159 0)
(1.04801 -0.0726142 0)
(1.06977 -0.073057 0)
(1.071 -0.0819899 0)
(1.09006 -0.0763255 0)
(1.09342 -0.0867082 0)
(1.10949 -0.0764277 0)
(1.11428 -0.0875506 0)
(1.12739 -0.0737163 0)
(1.13293 -0.0850508 0)
(1.14318 -0.0685753 0)
(1.14891 -0.0795746 0)
(1.15673 -0.0614071 0)
(1.16197 -0.0719127 0)
(1.16826 -0.0523757 0)
(1.17252 -0.0626724 0)
(1.17786 -0.0414222 0)
(1.18111 -0.0516562 0)
(1.18552 -0.028428 0)
(1.18787 -0.0386401 0)
(1.1914 -0.0131423 0)
(1.19326 -0.0235698 0)
(1.19565 0.00502622 0)
(1.19722 -0.00621953 0)
(1.19835 0.0268194 0)
(1.20003 0.0141026 0)
(1.19982 0.0529899 0)
(1.20214 0.0380212 0)
(1.20044 0.084519 0)
(1.20406 0.0663979 0)
(1.20053 0.122751 0)
(1.20619 0.100602 0)
(1.20053 0.169541 0)
(1.20934 0.142129 0)
(1.20129 0.227264 0)
(1.21432 0.192716 0)
(1.20407 0.2988 0)
(1.22246 0.254724 0)
(1.21097 0.387697 0)
(1.23557 0.330862 0)
(1.22545 0.498355 0)
(1.25657 0.424368 0)
(1.25309 0.636096 0)
(1.28988 0.53901 -7.38691e-33)
(1.30287 0.806972 0)
(1.34237 0.678871 7.09997e-33)
(1.38909 1.01759 0)
(1.42453 0.847712 0)
(1.53233 1.27263 0)
(1.55189 1.04823 0)
(1.74608 1.51615 0)
(1.74558 1.27739 0)
(1.90923 1.59999 0)
(1.99904 1.47173 0)
(1.78455 1.40288 6.04206e-18)
(2.18637 1.47844 0)
(1.27118 0.956081 5.20077e-17)
(2.10124 1.30149 6.04206e-18)
(0.846972 0.424713 -7.12287e-17)
(1.87337 0.984486 4.59656e-17)
(0.258927 0.101535 -1.17194e-16)
(1.56321 0.491528 -1.17194e-16)
(-0.0272866 0.0160509 0)
(1.18228 0.105463 0)
(0.0803801 -0.108423 1.65995e-16)
(1.12631 -0.128978 0)
(0.21956 -0.283225 1.00858e-16)
(1.19931 -0.325597 1.65995e-16)
(0.359554 -0.403683 -6.51368e-17)
(1.26669 -0.481871 -6.51368e-17)
(0.655026 -0.483504 0)
(1.3569 -0.556422 0)
(0.976818 -0.561188 0)
(1.54521 -0.623184 0)
(1.26862 -0.654261 0)
(1.74433 -0.699705 0)
(1.51231 -0.747043 0)
(1.91369 -0.775335 0)
(1.69501 -0.826369 0)
(2.03277 -0.839128 0)
(1.81753 -0.88094 0)
(2.10532 -0.885427 0)
(1.89338 -0.907055 0)
(2.13665 -0.912515 0)
(1.92837 -0.910189 0)
(2.13356 -0.911526 0)
(1.93088 -0.890713 0)
(2.09751 -0.887577 0)
(1.90788 -0.844174 0)
(2.04459 -0.839575 0)
(1.86366 -0.772978 0)
(1.97146 -0.770494 0)
(1.80459 -0.683718 0)
(1.88613 -0.684388 0)
(1.73658 -0.583887 0)
(1.79507 -0.587238 0)
(1.66438 -0.481184 0)
(1.70311 -0.485815 0)
(1.59247 -0.382359 0)
(1.61414 -0.386359 0)
(1.52487 -0.293126 0)
(1.53189 -0.294998 0)
(1.46381 -0.216107 0)
(1.45872 -0.215535 0)
(1.41011 -0.151994 0)
(1.39557 -0.14937 0)
(1.36385 -0.100775 0)
(1.34245 -0.0967171 0)
(1.3249 -0.0616143 0)
(1.29887 -0.0567011 0)
(1.29281 -0.0329255 0)
(1.26393 -0.0276785 0)
(1.26696 -0.0128121 0)
(1.23646 -0.00758137 0)
(1.24661 0.000579386 0)
(1.21535 0.00551784 0)
(1.23094 0.00890289 0)
(1.19953 0.0133575 0)
(1.21914 0.0135508 0)
(1.18795 0.0174677 0)
(1.21042 0.0156237 0)
(1.17965 0.0190027 0)
(1.20413 0.01597 0)
(1.17385 0.0188226 0)
(1.19968 0.0152345 0)
(1.16992 0.0176148 0)
(1.19659 0.01388 0)
(1.16734 0.0158336 0)
(1.19451 0.0122238 0)
(1.16575 0.0138047 0)
(1.19316 0.0104758 0)
(1.16484 0.0117431 0)
(1.19232 0.00877061 0)
(1.16438 0.00978162 0)
(1.19183 0.0071969 0)
(1.16422 0.00799425 0)
(1.19157 0.00578877 0)
(1.16423 0.00642982 0)
(1.19145 0.0045938 0)
(1.16433 0.00506501 0)
(1.19141 0.00347469 0)
(1.16447 0.00398691 0)
(1.16466 0.00281644 0)
(1.00595 -0.02963 0)
(1.00232 -0.0184171 0)
(1.02223 -0.0556249 0)
(1.01547 -0.0535724 0)
(1.04477 -0.0752687 0)
(1.04085 -0.080385 0)
(1.06982 -0.0882835 0)
(1.07025 -0.0976586 0)
(1.09475 -0.0954791 0)
(1.0976 -0.106922 0)
(1.11769 -0.0977946 0)
(1.12139 -0.109649 0)
(1.13776 -0.0960424 0)
(1.14067 -0.107624 0)
(1.15455 -0.0909067 0)
(1.15553 -0.101833 0)
(1.16768 -0.0831425 0)
(1.16706 -0.0927034 0)
(1.17769 -0.073474 0)
(1.17457 -0.0819252 0)
(1.18535 -0.0621524 0)
(1.17908 -0.0703398 0)
(1.19114 -0.0490067 0)
(1.18179 -0.0574399 0)
(1.19559 -0.0338895 0)
(1.18307 -0.0430884 0)
(1.19898 -0.0167929 0)
(1.18383 -0.0269662 0)
(1.20151 0.0025229 0)
(1.18429 -0.00874543 0)
(1.20372 0.0247062 0)
(1.1852 0.0118937 0)
(1.20618 0.0506136 0)
(1.18718 0.0355547 0)
(1.20956 0.0814728 0)
(1.19085 0.0630193 0)
(1.21456 0.118755 0)
(1.19684 0.0956075 0)
(1.22238 0.16383 0)
(1.2065 0.134308 0)
(1.23439 0.218377 0)
(1.22065 0.1807 0)
(1.25224 0.284637 0)
(1.24138 0.236876 0)
(1.27854 0.365138 0)
(1.27069 0.304559 0)
(1.31711 0.462601 -7.38691e-33)
(1.31166 0.385803 0)
(1.37352 0.579746 -3.24577e-34)
(1.36865 0.482598 -7.38691e-33)
(1.45597 0.718696 7.09997e-33)
(1.44772 0.596411 7.09997e-33)
(1.57632 0.879991 0)
(1.55731 0.727367 0)
(1.75137 1.06113 0)
(1.7086 0.87318 0)
(2.00106 1.25291 0)
(1.91755 1.0277 0)
(2.29872 1.38814 0)
(2.1936 1.17407 0)
(2.54288 1.38651 0)
(2.50508 1.23427 0)
(2.6814 1.25147 0)
(2.75095 1.16297 0)
(2.69607 0.968645 0)
(2.92142 0.969819 0)
(2.53217 0.569744 0)
(2.96383 0.655427 0)
(2.33206 0.165863 0)
(2.90314 0.305575 0)
(2.22016 -0.173956 0)
(2.82059 -0.0170759 0)
(2.18515 -0.416369 0)
(2.76095 -0.290595 0)
(2.19255 -0.568017 0)
(2.72379 -0.489267 0)
(2.24955 -0.666012 0)
(2.69463 -0.613428 0)
(2.32611 -0.743996 0)
(2.68804 -0.699736 0)
(2.39489 -0.809881 0)
(2.69095 -0.768485 0)
(2.43707 -0.859807 0)
(2.67925 -0.817519 0)
(2.44514 -0.891931 0)
(2.64579 -0.847198 0)
(2.42265 -0.911433 0)
(2.59117 -0.862938 0)
(2.3741 -0.911864 0)
(2.51131 -0.863965 0)
(2.30211 -0.885131 0)
(2.41101 -0.839532 0)
(2.21157 -0.83412 0)
(2.29296 -0.797045 0)
(2.10749 -0.76327 0)
(2.16697 -0.735489 0)
(1.9941 -0.679054 0)
(2.03135 -0.657109 0)
(1.87735 -0.586511 0)
(1.89341 -0.567636 0)
(1.76269 -0.489574 0)
(1.75866 -0.472571 0)
(1.65395 -0.392426 0)
(1.6322 -0.377083 0)
(1.55451 -0.300676 0)
(1.5181 -0.286915 0)
(1.46644 -0.219051 0)
(1.41926 -0.206931 0)
(1.39087 -0.150382 0)
(1.3367 -0.139958 0)
(1.32812 -0.095523 0)
(1.26995 -0.0866239 0)
(1.27758 -0.0538223 0)
(1.21764 -0.0461816 0)
(1.23796 -0.0236517 0)
(1.17783 -0.0170778 0)
(1.20761 -0.00295465 0)
(1.14831 0.00266825 0)
(1.18487 0.0103018 0)
(1.12703 0.0151614 0)
(1.16829 0.0179623 0)
(1.11229 0.022096 0)
(1.15658 0.0216779 0)
(1.10227 0.0250704 0)
(1.1485 0.0227417 0)
(1.09588 0.0255444 0)
(1.1431 0.0220786 0)
(1.09202 0.0244029 0)
(1.13966 0.0204008 0)
(1.08992 0.0222604 0)
(1.13761 0.0181883 0)
(1.08905 0.0196679 0)
(1.13652 0.0157505 0)
(1.08897 0.0169203 0)
(1.13609 0.0133192 0)
(1.08937 0.0142365 0)
(1.13608 0.0110443 0)
(1.09003 0.0117602 0)
(1.1363 0.00900279 0)
(1.09079 0.00956128 0)
(1.13663 0.00722757 0)
(1.09155 0.00765929 0)
(1.137 0.00570885 0)
(1.09226 0.00605647 0)
(1.13737 0.00446276 0)
(1.0929 0.00470319 0)
(1.13769 0.00333488 0)
(1.09341 0.00365876 0)
(1.09397 0.00256103 0)
(1.01046 -0.0432194 0)
(1.00422 -0.0288761 0)
(1.03623 -0.0785369 0)
(1.02719 -0.0793402 0)
(1.0677 -0.102656 0)
(1.06438 -0.111854 0)
(1.09818 -0.116213 0)
(1.09818 -0.128145 0)
(1.12426 -0.121 0)
(1.12253 -0.133 0)
(1.14434 -0.119378 0)
(1.1409 -0.129725 0)
(1.15855 -0.113343 0)
(1.15063 -0.121842 0)
(1.16805 -0.10349 0)
(1.15442 -0.111327 0)
(1.17372 -0.0911936 0)
(1.15419 -0.0983731 0)
(1.17594 -0.0786569 0)
(1.15019 -0.0841514 0)
(1.17554 -0.0659238 0)
(1.14379 -0.0699339 0)
(1.17363 -0.0520594 0)
(1.13657 -0.05553 0)
(1.17114 -0.0367391 0)
(1.12933 -0.0406048 0)
(1.16897 -0.0195514 0)
(1.12304 -0.0247905 0)
(1.16787 -0.000109346 0)
(1.11864 -0.00764757 0)
(1.16851 0.0218165 0)
(1.11687 0.0112566 0)
(1.17156 0.0467644 0)
(1.11847 0.0325052 0)
(1.17778 0.0757595 0)
(1.12408 0.0567987 0)
(1.18816 0.109693 0)
(1.13454 0.0852204 0)
(1.20391 0.149693 0)
(1.15124 0.118565 0)
(1.22653 0.197681 0)
(1.17498 0.158078 0)
(1.25814 0.255302 0)
(1.20802 0.205265 0)
(1.3014 0.323885 0)
(1.25246 0.261301 0)
(1.35989 0.404824 0)
(1.31122 0.32731 0)
(1.43844 0.498964 0)
(1.38801 0.404039 0)
(1.54343 0.605921 0)
(1.48756 0.491418 0)
(1.68294 0.723129 0)
(1.61569 0.587861 0)
(1.86691 0.844491 0)
(1.77922 0.689202 0)
(2.10697 0.958869 0)
(1.98559 0.78765 0)
(2.40932 1.04461 0)
(2.24279 0.871716 0)
(2.72931 1.0637 0)
(2.54692 0.914283 0)
(3.01192 0.983895 0)
(2.85046 0.88035 0)
(3.22884 0.78848 0)
(3.11359 0.752905 0)
(3.34676 0.502604 0)
(3.31918 0.5375 0)
(3.37551 0.193295 0)
(3.42378 0.276823 0)
(3.34742 -0.0899148 0)
(3.4653 0.0110202 0)
(3.28246 -0.323954 0)
(3.43398 -0.225641 0)
(3.20204 -0.49842 0)
(3.37121 -0.408847 0)
(3.12845 -0.618741 0)
(3.28598 -0.539837 0)
(3.05702 -0.701523 0)
(3.19434 -0.628305 0)
(2.97781 -0.757626 0)
(3.09611 -0.689277 0)
(2.8893 -0.791617 0)
(2.98521 -0.729 0)
(2.79142 -0.807995 0)
(2.86446 -0.749317 0)
(2.6786 -0.807373 0)
(2.72967 -0.750125 0)
(2.54674 -0.787076 0)
(2.57613 -0.732103 0)
(2.40248 -0.749276 0)
(2.40929 -0.695275 0)
(2.24859 -0.696728 0)
(2.23298 -0.64315 0)
(2.08999 -0.628705 0)
(2.05185 -0.576886 0)
(1.93108 -0.546614 0)
(1.8706 -0.498209 0)
(1.77579 -0.455445 0)
(1.69724 -0.412338 0)
(1.62912 -0.362257 0)
(1.53767 -0.325904 0)
(1.49696 -0.273957 0)
(1.39761 -0.244926 0)
(1.38337 -0.195516 0)
(1.28006 -0.173322 0)
(1.2899 -0.129856 0)
(1.18577 -0.113466 0)
(1.21596 -0.0777506 0)
(1.11315 -0.0660135 0)
(1.15954 -0.0384115 0)
(1.05938 -0.030204 0)
(1.11792 -0.0102464 0)
(1.02112 -0.0045624 0)
(1.08826 0.00868914 0)
(0.995222 0.0125852 0)
(1.06779 0.0203717 0)
(0.978552 0.0231337 0)
(1.05451 0.0266467 0)
(0.968556 0.0284464 0)
(1.04635 0.0290139 0)
(0.963698 0.0302572 0)
(1.04166 0.0288081 0)
(0.961768 0.0297507 0)
(1.03947 0.0271409 0)
(0.962006 0.0277401 0)
(1.0389 0.0245711 0)
(0.963526 0.0249761 0)
(1.03936 0.0215264 0)
(0.965724 0.0217986 0)
(1.04045 0.0183941 0)
(0.968233 0.0185734 0)
(1.04185 0.0153994 0)
(0.970768 0.0155177 0)
(1.04334 0.0126759 0)
(0.973155 0.0127526 0)
(1.04477 0.0102815 0)
(0.975296 0.0103315 0)
(1.04607 0.00822559 0)
(0.977155 0.00826056 0)
(1.0472 0.00649699 0)
(0.978728 0.00652173 0)
(1.04817 0.00505895 0)
(0.980025 0.00508917 0)
(1.04897 0.00390451 0)
(0.981094 0.00390643 0)
(1.04963 0.00288785 0)
(0.981895 0.00300033 0)
(0.982741 0.00208617 0)
(1.01976 -0.0657271 0)
(1.0091 -0.0486325 0)
(1.05964 -0.111818 0)
(1.04749 -0.119223 0)
(1.09624 -0.136526 0)
(1.08798 -0.148456 0)
(1.12234 -0.144222 0)
(1.11156 -0.154246 0)
(1.13909 -0.140995 0)
(1.11858 -0.149746 0)
(1.14704 -0.131541 0)
(1.11695 -0.137676 0)
(1.1468 -0.119674 0)
(1.10566 -0.121604 0)
(1.14036 -0.106612 0)
(1.0884 -0.104887 0)
(1.13021 -0.0919731 0)
(1.06786 -0.0882167 0)
(1.11804 -0.0760937 0)
(1.0468 -0.0719891 0)
(1.10486 -0.0601678 0)
(1.02672 -0.056748 0)
(1.0921 -0.0448046 0)
(1.00881 -0.0427763 0)
(1.08101 -0.029593 0)
(0.993741 -0.0295093 0)
(1.07249 -0.0139458 0)
(0.982136 -0.0162724 0)
(1.06744 0.00271449 0)
(0.974693 -0.00259404 0)
(1.06661 0.0209984 0)
(0.97197 0.0120825 0)
(1.07066 0.0415713 0)
(0.974635 0.0284565 0)
(1.08039 0.0652481 0)
(0.983374 0.0470669 0)
(1.09693 0.0929322 0)
(0.999075 0.0686803 0)
(1.12142 0.125616 0)
(1.02297 0.0940775 0)
(1.15532 0.164327 0)
(1.05631 0.124173 0)
(1.20074 0.210098 0)
(1.10097 0.159847 0)
(1.26015 0.263866 0)
(1.15912 0.20189 0)
(1.33658 0.326187 0)
(1.23335 0.250873 0)
(1.43373 0.396973 0)
(1.32668 0.306887 0)
(1.55591 0.474956 0)
(1.4425 0.369234 0)
(1.70792 0.556797 0)
(1.58443 0.435851 0)
(1.89452 0.636164 0)
(1.75597 0.502603 0)
(2.1196 0.703176 0)
(1.95954 0.562562 0)
(2.38499 0.742739 0)
(2.19584 0.606328 0)
(2.67892 0.736403 0)
(2.46188 0.620354 0)
(2.97027 0.667622 0)
(2.74015 0.589005 0)
(3.22192 0.528249 0)
(3.00405 0.501253 0)
(3.40424 0.332331 0)
(3.22008 0.355178 0)
(3.51196 0.113132 0)
(3.36748 0.169097 0)
(3.54389 -0.101589 0)
(3.44946 -0.0209096 0)
(3.51301 -0.287675 0)
(3.44981 -0.194754 0)
(3.44199 -0.430287 0)
(3.40265 -0.337831 0)
(3.34628 -0.532273 0)
(3.31187 -0.444123 0)
(3.23315 -0.60296 0)
(3.19369 -0.515178 0)
(3.10456 -0.650818 0)
(3.05478 -0.560686 0)
(2.96066 -0.678442 0)
(2.89558 -0.585105 0)
(2.8011 -0.685547 0)
(2.71582 -0.589757 0)
(2.62645 -0.671646 0)
(2.51855 -0.57547 0)
(2.4382 -0.638199 0)
(2.30818 -0.543853 0)
(2.24026 -0.587806 0)
(2.09033 -0.497336 0)
(2.03623 -0.523378 0)
(1.87089 -0.439126 0)
(1.83235 -0.447896 0)
(1.65877 -0.373 0)
(1.63728 -0.366346 0)
(1.46116 -0.30314 0)
(1.45992 -0.285416 0)
(1.2866 -0.234975 0)
(1.30677 -0.210787 0)
(1.13965 -0.172759 0)
(1.18103 -0.146004 0)
(1.02158 -0.119186 0)
(1.08266 -0.0925448 0)
(0.931178 -0.0749504 0)
(1.0091 -0.0505343 0)
(0.865348 -0.0399095 0)
(0.956603 -0.0190968 0)
(0.819828 -0.0135121 0)
(0.920986 0.0032288 0)
(0.790385 0.00541269 0)
(0.89843 0.0180127 0)
(0.773436 0.0179934 0)
(0.885637 0.0269113 0)
(0.765394 0.0253778 0)
(0.879447 0.0311634 0)
(0.76359 0.0293238 0)
(0.877843 0.0320114 0)
(0.765699 0.0300507 0)
(0.879236 0.0309673 0)
(0.770259 0.0288636 0)
(0.882254 0.028694 0)
(0.775943 0.0267331 0)
(0.886159 0.0255928 0)
(0.782112 0.0238349 0)
(0.890445 0.0222071 0)
(0.788202 0.0206905 0)
(0.894682 0.0188426 0)
(0.793903 0.017561 0)
(0.898621 0.0156985 0)
(0.799019 0.0146347 0)
(0.902128 0.0128773 0)
(0.803465 0.0120099 0)
(0.90516 0.0104167 0)
(0.807237 0.0097206 0)
(0.907722 0.00831959 0)
(0.810374 0.00776966 0)
(0.909845 0.00656537 0)
(0.812942 0.00613777 0)
(0.911573 0.00512167 0)
(0.815015 0.00479357 0)
(0.91296 0.00394353 0)
(0.816659 0.00370215 0)
(0.914049 0.00300847 0)
(0.817963 0.00281687 0)
(0.914916 0.00220351 0)
(0.818924 0.00213389 0)
(0.819884 0.00148299 0)
(1.03956 -0.110498 0)
(1.0133 -0.0881915 0)
(1.0823 -0.156379 0)
(1.0557 -0.161965 0)
(1.1038 -0.163769 0)
(1.06809 -0.169951 0)
(1.10709 -0.15771 0)
(1.05046 -0.157537 0)
(1.09647 -0.145662 0)
(1.01587 -0.139133 0)
(1.07533 -0.127969 0)
(0.974113 -0.116532 0)
(1.04726 -0.107158 0)
(0.931613 -0.0935352 0)
(1.01558 -0.0867646 0)
(0.890211 -0.0732118 0)
(0.984033 -0.068722 0)
(0.852404 -0.0566643 0)
(0.955291 -0.0531941 0)
(0.819833 -0.0432476 0)
(0.930573 -0.0397289 0)
(0.792862 -0.0320306 0)
(0.910274 -0.0276903 0)
(0.771411 -0.0224766 0)
(0.894665 -0.0163455 0)
(0.755201 -0.0139012 0)
(0.884063 -0.00512099 0)
(0.744169 -0.00567059 0)
(0.878925 0.00646229 0)
(0.73852 0.00254408 0)
(0.8797 0.019084 0)
(0.738369 0.0113068 0)
(0.886958 0.0333432 0)
(0.74433 0.0211979 0)
(0.901505 0.0497369 0)
(0.757075 0.03252 0)
(0.924401 0.0689402 0)
(0.777499 0.0457843 0)
(0.956941 0.0916688 0)
(0.806814 0.0615367 0)
(1.00076 0.118643 0)
(0.846534 0.0803549 0)
(1.05781 0.150529 0)
(0.898495 0.102788 0)
(1.1304 0.187825 0)
(0.964843 0.129299 0)
(1.22112 0.230677 0)
(1.04798 0.160157 0)
(1.33275 0.278607 0)
(1.15048 0.195248 0)
(1.46815 0.330143 0)
(1.27488 0.233829 0)
(1.62983 0.382334 0)
(1.42339 0.274169 0)
(1.81929 0.430191 0)
(1.59735 0.313143 0)
(2.03601 0.466698 0)
(1.79639 0.345839 0)
(2.2764 0.482669 0)
(2.0174 0.365941 0)
(2.53119 0.467162 0)
(2.25345 0.365569 0)
(2.78422 0.410931 0)
(2.49299 0.335976 0)
(3.01335 0.312242 0)
(2.71853 0.272122 0)
(3.19281 0.178768 0)
(2.90645 0.175708 0)
(3.30578 0.0276612 0)
(3.03715 0.0561264 0)
(3.35129 -0.118496 0)
(3.09773 -0.0664165 0)
(3.33346 -0.245419 0)
(3.0923 -0.176923 0)
(3.26382 -0.347937 0)
(3.02647 -0.268195 0)
(3.15443 -0.422385 0)
(2.90967 -0.33473 0)
(3.01409 -0.469292 0)
(2.75466 -0.374841 0)
(2.84513 -0.492457 0)
(2.57049 -0.391719 0)
(2.64961 -0.495033 0)
(2.36148 -0.389593 0)
(2.4321 -0.479584 0)
(2.13297 -0.37224 0)
(2.19957 -0.448401 0)
(1.8944 -0.342943 0)
(1.95975 -0.40393 0)
(1.6571 -0.304033 0)
(1.72115 -0.349487 0)
(1.43069 -0.258741 0)
(1.49375 -0.28973 0)
(1.22282 -0.211724 0)
(1.2878 -0.229573 0)
(1.03976 -0.167051 0)
(1.11097 -0.173147 0)
(0.885333 -0.126305 0)
(0.966673 -0.123499 0)
(0.761165 -0.0906775 0)
(0.854656 -0.082012 0)
(0.666107 -0.0607421 0)
(0.771838 -0.0485467 0)
(0.596468 -0.0363688 0)
(0.713912 -0.0223478 0)
(0.548688 -0.0170242 0)
(0.675963 -0.00265351 0)
(0.519104 -0.00196105 0)
(0.653612 0.0113356 0)
(0.5033 0.0088395 0)
(0.642878 0.0204793 0)
(0.49739 0.0161459 0)
(0.640442 0.0255815 0)
(0.499055 0.0204302 0)
(0.643479 0.0279017 0)
(0.505161 0.0223402 0)
(0.650035 0.028233 0)
(0.514163 0.0227679 0)
(0.65827 0.0268716 0)
(0.524603 0.0218159 0)
(0.667106 0.0245614 0)
(0.535178 0.0200272 0)
(0.675976 0.0217865 0)
(0.545401 0.0178627 0)
(0.684289 0.0188433 0)
(0.554841 0.0155221 0)
(0.691784 0.0159601 0)
(0.563218 0.0131957 0)
(0.698345 0.0132769 0)
(0.570485 0.0109991 0)
(0.703952 0.0108788 0)
(0.576632 0.00902768 0)
(0.708646 0.00879685 0)
(0.581755 0.00731597 0)
(0.712509 0.00702719 0)
(0.585964 0.00585816 0)
(0.715641 0.00554943 0)
(0.589356 0.00463701 0)
(0.718149 0.00433451 0)
(0.592062 0.00362973 0)
(0.720131 0.00334891 0)
(0.594197 0.00281114 0)
(0.72168 0.00255591 0)
(0.595859 0.00215354 0)
(0.722869 0.00192833 0)
(0.597145 0.00162787 0)
(0.723786 0.00140494 0)
(0.598095 0.00121653 0)
(0.598985 0.000862636 0)
(1.05184 -0.154494 0)
(0.903252 -0.14003 0)
(1.0479 -0.182552 0)
(0.900621 -0.158027 0)
(1.01157 -0.167567 0)
(0.843915 -0.133623 0)
(0.957078 -0.142618 0)
(0.753505 -0.103044 0)
(0.893483 -0.112397 0)
(0.673982 -0.0755372 0)
(0.830239 -0.0835005 0)
(0.60934 -0.0532882 0)
(0.773914 -0.0605724 0)
(0.557798 -0.03721 0)
(0.726528 -0.0436287 0)
(0.516504 -0.0258258 0)
(0.687848 -0.0312705 0)
(0.48424 -0.0179845 0)
(0.657107 -0.0220035 0)
(0.459483 -0.0125069 0)
(0.63349 -0.0147151 0)
(0.440864 -0.0084137 0)
(0.616141 -0.00860871 0)
(0.427384 -0.00512769 0)
(0.60449 -0.00307825 0)
(0.41835 -0.00225004 0)
(0.598303 0.00221906 0)
(0.413525 0.000516109 0)
(0.597609 0.00770458 0)
(0.412769 0.00323734 0)
(0.602618 0.0138579 0)
(0.416119 0.0062973 0)
(0.613963 0.0209629 0)
(0.424131 0.00985252 0)
(0.632427 0.0293265 0)
(0.437428 0.0140563 0)
(0.659098 0.0393185 0)
(0.45682 0.0191126 0)
(0.695376 0.0513401 0)
(0.483411 0.0252579 0)
(0.742984 0.0657953 0)
(0.518592 0.0327452 0)
(0.803946 0.0830432 0)
(0.564038 0.0418236 0)
(0.880536 0.103328 0)
(0.621681 0.052707 0)
(0.975175 0.126661 0)
(0.693644 0.0655144 0)
(1.09024 0.152651 0)
(0.782099 0.0801749 0)
(1.22778 0.180267 0)
(0.889026 0.0962907 0)
(1.38898 0.207568 0)
(1.01581 0.112961 0)
(1.57354 0.231435 0)
(1.16264 0.128586 0)
(1.77868 0.247529 0)
(1.32779 0.140694 0)
(1.99813 0.250636 0)
(1.50663 0.146495 0)
(2.22176 0.235066 0)
(1.69098 0.14194 0)
(2.4353 0.19613 0)
(1.86952 0.122436 0)
(2.62023 0.132739 0)
(2.02566 0.0871925 0)
(2.75785 0.0496491 0)
(2.14209 0.0380892 0)
(2.83148 -0.0401045 0)
(2.20171 -0.0175083 0)
(2.83779 -0.124259 0)
(2.2009 -0.0727242 0)
(2.78021 -0.196957 0)
(2.14032 -0.119349 0)
(2.66664 -0.251696 0)
(2.027 -0.154625 0)
(2.50612 -0.283416 0)
(1.87286 -0.174206 0)
(2.30925 -0.293449 0)
(1.69192 -0.177971 0)
(2.08512 -0.285778 0)
(1.49679 -0.167587 0)
(1.84275 -0.264093 0)
(1.2999 -0.147229 0)
(1.59357 -0.232938 0)
(1.10835 -0.12306 0)
(1.35112 -0.196745 0)
(0.92728 -0.100487 0)
(1.12771 -0.159211 0)
(0.763851 -0.0806218 0)
(0.932336 -0.123578 0)
(0.622243 -0.063371 0)
(0.768994 -0.092158 0)
(0.504813 -0.0483817 0)
(0.637441 -0.0656957 0)
(0.410396 -0.0354986 0)
(0.535775 -0.0439675 0)
(0.337569 -0.0246391 0)
(0.460633 -0.0264164 0)
(0.283998 -0.0155359 0)
(0.40784 -0.0124931 0)
(0.247003 -0.00794841 0)
(0.37337 -0.00185483 0)
(0.223299 -0.00189947 0)
(0.353925 0.00601756 0)
(0.210432 0.00242044 0)
(0.346302 0.011731 0)
(0.206303 0.00566274 0)
(0.34709 0.0156364 0)
(0.208546 0.00805129 0)
(0.35366 0.0177982 0)
(0.215101 0.00957594 0)
(0.363896 0.0185189 0)
(0.224597 0.0101943 0)
(0.375998 0.0182296 0)
(0.235481 0.0102377 0)
(0.388954 0.0171552 0)
(0.246927 0.00981183 0)
(0.401717 0.0155842 0)
(0.258201 0.00905292 0)
(0.413665 0.0137442 0)
(0.268738 0.00807933 0)
(0.424472 0.0118283 0)
(0.278249 0.00705534 0)
(0.433941 0.00997033 0)
(0.28661 0.00605264 0)
(0.442064 0.00826548 0)
(0.293797 0.00507278 0)
(0.448898 0.00675755 0)
(0.299882 0.0041652 0)
(0.454552 0.0054578 0)
(0.30479 0.00337395 0)
(0.459168 0.00436275 0)
(0.308846 0.00269908 0)
(0.462881 0.00345238 0)
(0.312153 0.00214506 0)
(0.465834 0.00270079 0)
(0.314756 0.00168481 0)
(0.468155 0.00209054 0)
(0.316803 0.0013083 0)
(0.46996 0.00160135 0)
(0.318398 0.00100577 0)
(0.471348 0.00121283 0)
(0.319625 0.000765368 0)
(0.4724 0.000906121 0)
(0.32056 0.000575973 0)
(0.473191 0.000666078 0)
(0.32126 0.000425641 0)
(0.321886 0.000329214 0)
(0.85997 -0.053162 0)
(0.701943 -0.0844867 0)
(0.56832 -0.0659828 0)
(0.465276 -0.0365289 0)
(0.389739 -0.0187813 0)
(0.336451 -0.0100517 0)
(0.299241 -0.00525693 0)
(0.273415 -0.00255114 0)
(0.255431 -0.00104828 0)
(0.242924 -0.000170952 0)
(0.23451 0.000421201 0)
(0.229382 0.000908 0)
(0.227132 0.00138829 0)
(0.227648 0.00196898 0)
(0.230885 0.00269868 0)
(0.237182 0.00357761 0)
(0.247035 0.0046555 0)
(0.261091 0.00600199 0)
(0.280203 0.00769721 0)
(0.30546 0.00982191 0)
(0.338205 0.0124591 0)
(0.380027 0.0156841 0)
(0.432732 0.0195439 0)
(0.498245 0.0240233 0)
(0.578418 0.0289912 0)
(0.674707 0.0341278 0)
(0.787666 0.038835 0)
(0.916252 0.0421571 0)
(1.05695 0.0432029 0)
(1.20344 0.0403154 0)
(1.34538 0.0303467 0)
(1.46782 0.0132632 0)
(1.55501 -0.00802815 0)
(1.5931 -0.0301316 0)
(1.57559 -0.0525424 0)
(1.50287 -0.0710457 0)
(1.38352 -0.0813887 0)
(1.22889 -0.0837552 0)
(1.05468 -0.0773836 0)
(0.876713 -0.0642702 0)
(0.709126 -0.0462952 0)
(0.561897 -0.0275058 0)
(0.438836 -0.0137781 0)
(0.338349 -0.00635242 0)
(0.257728 -0.00280128 0)
(0.194357 -0.00116396 0)
(0.145975 -0.000337006 0)
(0.110477 0.000211945 0)
(0.0858374 0.000772241 0)
(0.0703015 0.00138413 0)
(0.0623531 0.00192686 0)
(0.0604536 0.00219445 0)
(0.062874 0.00228372 0)
(0.0685367 0.00237769 0)
(0.0765879 0.00236949 0)
(0.0861639 0.00229696 0)
(0.0963581 0.00219896 0)
(0.106596 0.00203816 0)
(0.116408 0.00184965 0)
(0.125461 0.00166271 0)
(0.13354 0.0015417 0)
(0.140595 0.00150381 0)
(0.146648 0.00142794 0)
(0.15172 0.00122746 0)
(0.155886 0.000986107 0)
(0.159259 0.000779093 0)
(0.161958 0.000611727 0)
(0.164103 0.000478494 0)
(0.165788 0.000369336 0)
(0.167096 0.000281251 0)
(0.168102 0.000212089 0)
(0.168868 0.000158112 0)
(0.169444 0.000114642 0)
(0.169869 9.52323e-05 0)
)
;

boundaryField
{
    ibCylinder
    {
        type            immersedBoundary;
        value           nonuniform List<vector> 
42
(
(-0.71006 0 0)
(-0.71006 0 0)
(-0.71006 0 0)
(-0.71006 0 0)
(-0.71006 0 0)
(-0.71006 2.6649e-17 0)
(-0.71006 0 0)
(-0.71006 0 0)
(-0.71006 4.70725e-17 0)
(-0.71006 0 0)
(-0.71006 4.30717e-17 0)
(-0.71006 -6.74756e-17 6.55175e-34)
(-0.71006 0 0)
(-0.71006 -7.85046e-17 0)
(-0.71006 5.45273e-17 0)
(-0.71006 4.52775e-17 0)
(-0.71006 0 0)
(-0.71006 0 0)
(-0.71006 -1.71984e-17 1.97329e-32)
(-0.71006 0 0)
(-0.71006 0 0)
(-0.71006 0 0)
(-0.71006 1.71984e-17 -1.97329e-32)
(-0.71006 0 0)
(-0.71006 0 0)
(-0.71006 0 0)
(-0.71006 -5.45273e-17 0)
(-0.71006 -4.52775e-17 0)
(-0.71006 6.74756e-17 0)
(-0.71006 0 0)
(-0.71006 0 0)
(-0.71006 0 0)
(-0.71006 0 0)
(-0.71006 0 0)
(-0.71006 -4.30717e-17 0)
(-0.71006 0 0)
(-0.71006 0 0)
(-0.71006 0 0)
(-0.71006 0 0)
(-0.71006 1.37678e-17 -2.38949e-33)
(-0.71006 0 0)
(-0.71006 0 0)
)
;
        value           nonuniform List<vector> 0();
    }
    in
    {
        type            calculated;
        value           uniform (1 0 0);
    }
    out
    {
        type            calculated;
        value           nonuniform List<vector> 
25
(
(0.1702 -9.56312e-05 0)
(0.473724 -0.000561135 0)
(0.724405 -0.00115586 0)
(0.915517 -0.00180402 0)
(1.0501 -0.00237208 0)
(1.13795 -0.00275286 0)
(1.19142 -0.00288736 0)
(1.22192 -0.00277156 0)
(1.23831 -0.00242672 0)
(1.24669 -0.00191394 0)
(1.25074 -0.0013086 0)
(1.25251 -0.000661518 0)
(1.25301 -5.34469e-07 0)
(1.25251 0.000660487 0)
(1.25074 0.00130767 0)
(1.24669 0.00191317 0)
(1.23832 0.00242613 0)
(1.22193 0.00277115 0)
(1.19142 0.00288711 0)
(1.13795 0.00275274 0)
(1.0501 0.00237205 0)
(0.915519 0.00180406 0)
(0.724407 0.00115595 0)
(0.473724 0.000561183 0)
(0.170198 9.56506e-05 0)
)
;
    }
    top
    {
        type            calculated;
        value           uniform (0 0 0);
    }
    bottom
    {
        type            calculated;
        value           uniform (0 0 0);
    }
    frontAndBack
    {
        type            empty;
        value           nonuniform List<vector> 0();
    }
}


// ************************************************************************* //
