/*--------------------------------*- C++ -*----------------------------------*\
| =========                 |                                                 |
| \\      /  F ield         | OpenFOAM: The Open Source CFD Toolbox           |
|  \\    /   O peration     | Version:  2206                                  |
|   \\  /    A nd           | Website:  www.openfoam.com                      |
|    \\/     M anipulation  |                                                 |
\*---------------------------------------------------------------------------*/
FoamFile
{
    version     2.0;
    format      ascii;
    arch        "LSB;label=32;scalar=64";
    class       surfaceScalarField;
    location    "0.5";
    object      phi;
}
// * * * * * * * * * * * * * * * * * * * * * * * * * * * * * * * * * * * * * //

dimensions      [0 3 -1 0 0 0 0];

oriented        oriented;

internalField   nonuniform List<scalar> 
3650
(
0.00275132
0.000448678
0.00224436
0.000506966
0.00181534
0.000429019
0.00148414
0.000331195
0.00124082
0.000243321
0.00106865
0.000172169
0.000948095
0.000120559
0.000864153
8.39424e-05
0.000805564
5.85897e-05
0.00076458
4.0985e-05
0.000736423
2.81573e-05
0.000718048
1.8376e-05
0.000707341
1.07085e-05
0.00070279
4.5519e-06
0.000703155
-3.64587e-07
0.00070731
-4.15415e-06
0.000715083
-7.77244e-06
0.000726353
-1.12708e-05
0.000741252
-1.48979e-05
0.000760169
-1.89183e-05
0.000783775
-2.36047e-05
0.000813019
-2.92445e-05
0.000849141
-3.61197e-05
0.000893599
-4.446e-05
0.000948038
-5.44357e-05
0.00101416
-6.61244e-05
0.00109362
-7.94575e-05
0.00118772
-9.41049e-05
0.001297
-0.000109272
0.00142053
-0.000123537
0.00155521
-0.000134684
0.00169476
-0.000139559
0.00182883
-0.000134069
0.00194345
-0.000114626
0.00202322
-7.97698e-05
0.00205408
-3.08607e-05
0.00203341
2.06697e-05
0.00196244
7.09728e-05
0.00184751
0.000114934
0.00170237
0.000145137
0.00154392
0.000158462
0.00138851
0.000155407
0.00124693
0.000141585
0.00112389
0.00012304
0.0010208
0.000103092
0.000937053
8.37478e-05
0.000870798
6.62579e-05
0.000819558
5.12391e-05
0.000780701
3.88592e-05
0.000751719
2.89823e-05
0.000730422
2.12978e-05
0.00071499
1.54328e-05
0.00070395
1.10403e-05
0.00069614
7.8104e-06
0.000690674
5.46538e-06
0.000686898
3.77614e-06
0.000684325
2.57285e-06
0.0006826
1.72465e-06
0.000681468
1.13279e-06
0.000680743
7.24721e-07
0.000680296
4.46893e-07
0.000680036
2.59935e-07
0.000679899
1.36611e-07
0.000679841
5.73093e-08
0.000679833
8.62786e-09
0.000679852
-1.98032e-08
0.000679887
-3.40845e-08
0.000679926
-3.98532e-08
0.000679966
-3.95815e-08
0.000680002
-3.5946e-08
0.000680032
-3.01865e-08
0.000680055
-2.34937e-08
0.000680071
-1.53725e-08
0.000680077
-6.60769e-09
5.27744e-09
0.00336537
0.000283308
0.00335146
0.000520874
0.00323346
0.000547018
0.00305695
0.000507709
0.00285143
0.000448839
0.0026475
0.000376102
0.00246648
0.000301582
0.0023151
0.000235325
0.00219295
0.000180741
0.00209736
0.000136573
0.0020252
0.00010032
0.00197304
7.05335e-05
0.00193762
4.61267e-05
0.00191613
2.60469e-05
0.00190623
9.5303e-06
0.00190587
-3.78677e-06
0.0019134
-1.53062e-05
0.0019284
-2.62716e-05
0.00195069
-3.71898e-05
0.00198054
-4.87695e-05
0.00201874
-6.18026e-05
0.00206659
-7.70913e-05
0.00212589
-9.54174e-05
0.0021988
-0.00011737
0.00228782
-0.000143453
0.00239559
-0.000173894
0.00252479
-0.000208659
0.00267782
-0.00024714
0.00285627
-0.000287715
0.00306007
-0.000327342
0.00328648
-0.000361096
0.00352862
-0.000381701
0.00377343
-0.000378875
0.00400071
-0.00034191
0.00418617
-0.000265232
0.00430287
-0.000147553
0.0043313
-7.76626e-06
0.00427146
0.000130812
0.00412428
0.000262114
0.00390365
0.000365775
0.003635
0.000427107
0.00334865
0.000441762
0.00307058
0.00041966
0.00281873
0.000374893
0.00260176
0.000320064
0.00242217
0.000263332
0.00227826
0.000210167
0.00216589
0.000163611
0.00207992
0.000124837
0.00201516
9.37431e-05
0.00196698
6.94735e-05
0.00193152
5.08908e-05
0.00190565
3.69145e-05
0.00188688
2.65794e-05
0.00187333
1.90133e-05
0.00186361
1.34991e-05
0.00185667
9.51492e-06
0.00185174
6.65734e-06
0.00184825
4.61744e-06
0.00184581
3.17002e-06
0.0018441
2.1493e-06
0.00184293
1.43363e-06
0.00184213
9.36159e-07
0.00184159
5.94298e-07
0.00184124
3.63016e-07
0.00184101
2.096e-07
0.00184086
1.10374e-07
0.00184078
4.8129e-08
0.00184073
1.13472e-08
0.0018407
-8.11289e-09
0.00184068
-1.56414e-08
0.00184067
-1.46156e-08
0.00184067
-7.24271e-09
0.00184065
4.73678e-09
2.23135e-08
0.00332625
0.000157057
0.00346211
0.000385012
0.00352921
0.00047992
0.00353764
0.00049928
0.00350178
0.000484707
0.00343206
0.000445818
0.00334004
0.000393602
0.00323703
0.000338332
0.00313537
0.000282405
0.0030435
0.000228448
0.00296504
0.00017878
0.00290128
0.000134294
0.00285213
9.52737e-05
0.00281682
6.13599e-05
0.00279426
3.20845e-05
0.00278327
7.20805e-06
0.00278212
-1.41523e-05
0.00278975
-3.39082e-05
0.00280608
-5.35163e-05
0.00283113
-7.38189e-05
0.00286536
-9.60378e-05
0.00290984
-0.000121567
0.0029663
-0.000151879
0.00303673
-0.000187799
0.00312364
-0.000230362
0.00323007
-0.000280325
0.00335948
-0.000338068
0.0035155
-0.000403161
0.00370155
-0.00047376
0.00392014
-0.000545935
0.00417183
-0.000612786
0.00445284
-0.000662706
0.00475065
-0.000676683
0.005043
-0.000634267
0.00530377
-0.000525992
0.00549736
-0.000341142
0.00558944
-9.98518e-05
0.0055741
0.000146152
0.00545366
0.000382556
0.00523644
0.000582995
0.0049488
0.000714754
0.0046244
0.000766161
0.00429243
0.000751632
0.00397898
0.000688343
0.00370169
0.000597359
0.00346797
0.000497049
0.00327841
0.000399732
0.00312927
0.000312752
0.00301459
0.000239517
0.00292788
0.00018046
0.00286313
0.000134225
0.00281529
9.87262e-05
0.00278023
7.19728e-05
0.00275463
5.21833e-05
0.00273597
3.76722e-05
0.00272243
2.70349e-05
0.00271264
1.9313e-05
0.00270555
1.3741e-05
0.00270044
9.72461e-06
0.00269677
6.84126e-06
0.00269414
4.77895e-06
0.00269227
3.30843e-06
0.00269094
2.26603e-06
0.00269
1.5326e-06
0.00268934
1.02124e-06
0.00268888
6.68238e-07
0.00268857
4.27512e-07
0.00268835
2.65862e-07
0.0026882
1.59989e-07
0.0026881
9.33492e-08
0.00268803
5.43368e-08
0.00268798
3.54184e-08
0.00268794
3.05133e-08
0.00268791
3.72152e-08
5.18957e-08
0.00326298
9.40761e-05
0.00338995
0.000258042
0.00350602
0.00036385
0.00358787
0.000417428
0.00363916
0.000433415
0.00366178
0.000423199
0.00365731
0.000398072
0.00363289
0.000362758
0.00359594
0.000319353
0.00355101
0.000273377
0.00350209
0.000227707
0.00345465
0.000181732
0.00341251
0.000137418
0.00337754
9.63252e-05
0.00335106
5.8563e-05
0.00333333
2.49442e-05
0.00332417
-4.99628e-06
0.00332299
-3.27307e-05
0.0033297
-6.02238e-05
0.00334454
-8.86543e-05
0.0033678
-0.000119305
0.00340024
-0.000154007
0.00344378
-0.000195417
0.00350002
-0.000244039
0.00357094
-0.000301281
0.00366044
-0.000369824
0.00377308
-0.000450708
0.00391408
-0.000544162
0.00408946
-0.000649132
0.00430569
-0.000762168
0.00456894
-0.000876032
0.00488014
-0.000973905
0.0052234
-0.00101994
0.00556797
-0.000978835
0.00588338
-0.000841404
0.00612329
-0.000581043
0.00624648
-0.000223044
0.00624842
0.000144217
0.00614926
0.000481713
0.00595918
0.000773076
0.00568744
0.000986494
0.00535858
0.00109502
0.00501074
0.00109948
0.00467317
0.00102591
0.0043679
0.00090263
0.00410717
0.000757775
0.00389386
0.000613043
0.00372524
0.000481377
0.00359517
0.000369585
0.00349658
0.000279056
0.00342283
0.000207971
0.00336834
0.000153222
0.00332845
0.000111859
0.00329927
8.13591e-05
0.00327791
5.90334e-05
0.00326239
4.2558e-05
0.0032511
3.06029e-05
0.00324287
2.19696e-05
0.00323688
1.57121e-05
0.00323253
1.11945e-05
0.00322937
7.93885e-06
0.00322708
5.59574e-06
0.00322543
3.91732e-06
0.00322424
2.72186e-06
0.00322339
1.87553e-06
0.00322277
1.28005e-06
0.00322234
8.64274e-07
0.00322203
5.76903e-07
0.00322181
3.81165e-07
0.00322165
2.50871e-07
0.00322154
1.67038e-07
0.00322145
1.17538e-07
0.00322139
9.14218e-08
0.00322134
8.63917e-08
9.09612e-08
0.00323332
6.07557e-05
0.0033154
0.00017596
0.00341542
0.000263831
0.00351191
0.000320944
0.00359329
0.000352031
0.00365451
0.000361979
0.00369604
0.000356539
0.00372112
0.000337685
0.00373173
0.000308738
0.00372915
0.000275966
0.00371742
0.00023943
0.0036999
0.000199256
0.00367916
0.000158159
0.00365743
0.000118054
0.00363741
7.85895e-05
0.0036209
4.14486e-05
0.00360911
6.79625e-06
0.00360284
-2.64618e-05
0.00360226
-5.96415e-05
0.00360789
-9.4289e-05
0.00362015
-0.000131559
0.00363915
-0.000173015
0.00366644
-0.000222698
0.00370424
-0.000281845
0.00375529
-0.000352332
0.00382391
-0.000438443
0.00391498
-0.00054177
0.00403533
-0.00066452
0.00419419
-0.000807986
0.00440308
-0.000971058
0.00467574
-0.00114869
0.00501297
-0.00131113
0.00537517
-0.00138214
0.00572366
-0.00132732
0.00602762
-0.00114537
0.00623652
-0.000789939
0.0063251
-0.000311623
0.00631306
0.000156255
0.00623443
0.000560345
0.00608517
0.000922337
0.00585802
0.00121365
0.00556567
0.00138737
0.00525143
0.00141372
0.00493929
0.00133806
0.00464871
0.00119321
0.00439516
0.00101133
0.00418558
0.000822617
0.00401876
0.000648199
0.00388929
0.000499061
0.00379076
0.000377587
0.00371694
0.000281789
0.00366238
0.00020778
0.00362267
0.000151566
0.00359356
0.000110471
0.0035722
8.03917e-05
0.00355679
5.79671e-05
0.00354557
4.1828e-05
0.00353734
3.01961e-05
0.00353133
2.17212e-05
0.00352694
1.55904e-05
0.00352372
1.1151e-05
0.00352138
7.93848e-06
0.00351967
5.62491e-06
0.00351843
3.96573e-06
0.00351752
2.7809e-06
0.00351687
1.9381e-06
0.00351639
1.34179e-06
0.00351604
9.23113e-07
0.00351579
6.32094e-07
0.00351561
4.32995e-07
0.00351548
2.99471e-07
0.00351538
2.14756e-07
0.00351531
1.62995e-07
0.00351525
1.42712e-07
1.32623e-07
0.003219
4.17596e-05
0.00327097
0.000123982
0.00334279
0.000192019
0.0034224
0.000241327
0.00350113
0.000273305
0.00357258
0.000290528
0.00363369
0.000295436
0.00368208
0.000289287
0.00371699
0.000273835
0.00374035
0.000252603
0.00375407
0.000225716
0.0037593
0.000194022
0.00375737
0.000160086
0.00375131
0.000124116
0.00374304
8.68609e-05
0.00373395
5.05433e-05
0.00372528
1.54581e-05
0.00371834
-1.95135e-05
0.00371389
-5.51986e-05
0.00371262
-9.30137e-05
0.0037151
-0.00013404
0.00372169
-0.0001796
0.00373364
-0.000234655
0.00375413
-0.000302328
0.00378565
-0.000383858
0.00383127
-0.000484061
0.00389689
-0.000607383
0.00399085
-0.00075849
0.00412488
-0.000942016
0.00431503
-0.0011612
0.00458322
-0.00141689
0.00489984
-0.00162775
0.00517962
-0.00166192
0.00535826
-0.00150596
0.00548975
-0.00127686
0.0053806
-0.000680784
0.00523205
-0.000163075
0.00523671
0.000151593
0.00531342
0.00048364
0.00536059
0.000875158
0.00534329
0.00123095
0.00522487
0.0015058
0.00504676
0.00159183
0.0048405
0.00154432
0.00461961
0.0014141
0.00441119
0.00121975
0.00423192
0.00100189
0.00408775
0.000792367
0.00397593
0.000610882
0.00389149
0.000462025
0.00382878
0.000344499
0.00378259
0.000253973
0.00374876
0.000185399
0.00372419
0.00013504
0.00370671
9.78678e-05
0.00369413
7.05465e-05
0.00368483
5.11249e-05
0.00367799
3.70434e-05
0.00367296
2.67439e-05
0.00366925
1.93039e-05
0.00366653
1.38759e-05
0.00366453
9.9317e-06
0.00366307
7.08515e-06
0.003662
5.03634e-06
0.00366121
3.56691e-06
0.00366064
2.5147e-06
0.00366021
1.76494e-06
0.0036599
1.23366e-06
0.00365968
8.60232e-07
0.00365951
6.00728e-07
0.00365938
4.22756e-07
0.00365929
3.05614e-07
0.00365923
2.29464e-07
0.00365918
1.9378e-07
1.68415e-07
0.00321193
2.9829e-05
0.00324662
8.92937e-05
0.00329786
0.000140776
0.00335867
0.000180515
0.00342341
0.000208565
0.00348772
0.000226221
0.00354843
0.00023473
0.00360269
0.000235025
0.00364845
0.00022808
0.0036858
0.000215247
0.00371457
0.000196952
0.0037349
0.00017369
0.00374761
0.000147376
0.00375377
0.000117952
0.00375467
8.59678e-05
0.00375254
5.26689e-05
0.00374849
1.95117e-05
0.00374313
-1.41592e-05
0.00373722
-4.9282e-05
0.00373129
-8.70858e-05
0.00372608
-0.000128827
0.003723
-0.000176521
0.00372255
-0.000234206
0.00372543
-0.000305203
0.00373428
-0.00039271
0.00375254
-0.000502324
0.0037856
-0.000640439
0.00384157
-0.000814468
0.00393232
-0.00103276
0.00407384
-0.00130272
0.00428298
-0.00162603
0.00446019
-0.00180496
0.00444063
-0.00164236
0.00388218
-0.000947507
0.00190529
1.17437e-18
0.000865075
6.65536e-19
0.000618865
2.69227e-19
0.000937737
1.82323e-19
0.0018408
1.26985e-19
0.00327185
8.10623e-20
0.00384178
0.000661016
0.00420289
0.00114468
0.00433368
0.00146105
0.00434544
0.00153255
0.00428737
0.00147218
0.00419091
0.00131621
0.00408843
0.00110436
0.00399838
0.000882423
0.00392641
0.000682854
0.00387121
0.000517218
0.00383007
0.000385638
0.00379997
0.000284076
0.00377809
0.000207275
0.00376234
0.000150789
0.00375118
0.000109032
0.00374342
7.83026e-05
0.00373806
5.6492e-05
0.00373427
4.08266e-05
0.00373142
2.95959e-05
0.0037292
2.1526e-05
0.00372751
1.55607e-05
0.00372625
1.11941e-05
0.00372531
8.02075e-06
0.00372462
5.73226e-06
0.0037241
4.08452e-06
0.00372372
2.89757e-06
0.00372343
2.04953e-06
0.00372322
1.44527e-06
0.00372306
1.01805e-06
0.00372295
7.18513e-07
0.00372286
5.10235e-07
0.00372279
3.70225e-07
0.00372275
2.76356e-07
0.00372271
2.28196e-07
1.90326e-07
0.0032083
2.15334e-05
0.00323304
6.45542e-05
0.00327094
0.000102875
0.00331778
0.000133669
0.00336988
0.000156473
0.00342414
0.000171954
0.003478
0.000180878
0.00352918
0.000183836
0.00357594
0.000181327
0.00361729
0.000173899
0.00365238
0.000161861
0.00368055
0.000145515
0.00370232
0.000125611
0.00371789
0.00010238
0.00372726
7.66012e-05
0.0037311
4.88269e-05
0.00373076
1.98507e-05
0.00372701
-1.04052e-05
0.0037203
-4.25762e-05
0.00371096
-7.77385e-05
0.00369945
-0.000117322
0.00368639
-0.00016346
0.00367164
-0.000219452
0.00365548
-0.000289047
0.00363946
-0.000376692
0.0036256
-0.000488458
0.0036172
-0.000632043
0.00361948
-0.000816743
0.00364026
-0.00105354
0.00368745
-0.00134991
0.00372189
-0.00166048
0.00355763
-0.00164069
0.00186261
-0.000574249
3.09702e-18
6.89723e-19
1.49496e-18
-1.83624e-19
7.13367e-19
-5.34084e-20
6.11494e-19
6.06903e-21
6.85012e-19
3.06248e-20
8.97376e-19
5.43484e-20
1.83277e-18
7.17273e-20
0.00194923
7.12278e-20
0.00291107
0.000436635
0.00336457
0.00100755
0.00360506
0.00129207
0.0037332
0.00134403
0.00378902
0.00126039
0.00380205
0.00109134
0.00379626
0.000888211
0.00378568
0.000693434
0.00377553
0.000527365
0.00376738
0.000393788
0.00376133
0.000290129
0.00375701
0.000211592
0.00375417
0.000153635
0.00375225
0.000110947
0.00375092
7.96316e-05
0.00375012
5.72895e-05
0.00374975
4.11962e-05
0.00374957
2.97785e-05
0.00374942
2.16776e-05
0.00374926
1.5725e-05
0.00374911
1.13373e-05
0.003749
8.13629e-06
0.00374887
5.85821e-06
0.00374875
4.20309e-06
0.00374865
3.00136e-06
0.00374856
2.13573e-06
0.00374849
1.51476e-06
0.00374844
1.07375e-06
0.00374839
7.6271e-07
0.00374836
5.44091e-07
0.00374833
3.95214e-07
0.00374831
2.93956e-07
0.0037483
2.39631e-07
1.93848e-07
0.00320627
1.52676e-05
0.00322506
4.57565e-05
0.00325454
7.33974e-05
0.00329197
9.62436e-05
0.00333472
0.000113725
0.00338057
0.000126095
0.00342762
0.000133827
0.00347408
0.000137381
0.00351838
0.00013703
0.00355933
0.000132945
0.00359596
0.000125237
0.00362746
0.00011401
0.00365352
9.95498e-05
0.00367376
8.21463e-05
0.00368806
6.22976e-05
0.00369645
4.04344e-05
0.00369922
1.70879e-05
0.00369675
-7.93727e-06
0.00368924
-3.50634e-05
0.0036767
-6.51953e-05
0.00365904
-9.96673e-05
0.00363603
-0.000140449
0.003607
-0.000190421
0.00357125
-0.000253301
0.00352832
-0.000333755
0.00347774
-0.000437881
0.00341918
-0.000573482
0.00335192
-0.000749483
0.00327392
-0.000975551
0.00316796
-0.00124395
0.00296197
-0.00145449
0.00147726
-0.000794986
3.0476e-18
8.16945e-19
6.28925e-19
-1.08729e-19
5.17761e-21
1.98567e-22
1.11446e-20
3.06115e-22
2.92269e-20
1.59455e-22
8.71999e-20
1.82783e-21
2.68503e-19
3.16618e-21
6.70564e-19
1.02212e-20
1.38327e-18
2.231e-20
0.00197865
1.26187e-19
0.00249273
0.000493471
0.00287188
0.000912914
0.00313312
0.00108279
0.00331904
0.00107447
0.00344903
0.000961347
0.00353779
0.000799453
0.00359883
0.000632396
0.003642
0.000484192
0.00367318
0.000362607
0.00369593
0.000267373
0.00371253
0.000194992
0.00372489
0.000141284
0.00373396
0.000101869
0.00374044
7.31561e-05
0.00374518
5.25448e-05
0.00374861
3.77647e-05
0.00375116
2.72274e-05
0.00375312
1.97254e-05
0.00375456
1.4284e-05
0.0037556
1.02966e-05
0.00375631
7.42264e-06
0.00375679
5.38267e-06
0.00375711
3.87459e-06
0.00375734
2.77255e-06
0.0037575
1.97641e-06
0.00375761
1.41023e-06
0.00375768
1.00558e-06
0.00375772
7.18281e-07
0.00375775
5.1432e-07
0.00375777
3.74064e-07
0.00375779
2.77825e-07
0.0037578
2.24463e-07
1.77469e-07
0.00320506
1.02096e-05
0.00322023
3.0581e-05
0.00324438
4.92514e-05
0.00327564
6.49797e-05
0.00331208
7.729e-05
0.00335193
8.62417e-05
0.00339367
9.20929e-05
0.00343591
9.51335e-05
0.00347736
9.55806e-05
0.00351683
9.34761e-05
0.00355329
8.87789e-05
0.00358581
8.14936e-05
0.00361364
7.17215e-05
0.00363615
5.96311e-05
0.00365293
4.55172e-05
0.00366372
2.96537e-05
0.00366817
1.26368e-05
0.00366617
-5.93928e-06
0.00365753
-2.6422e-05
0.00364182
-4.94878e-05
0.00361839
-7.62306e-05
0.00358619
-0.000108254
0.00354367
-0.000147903
0.00348871
-0.000198338
0.0034186
-0.000263646
0.00332982
-0.000349101
0.00321756
-0.000461215
0.00307465
-0.000606574
0.00288922
-0.000790118
0.00263912
-0.000993855
0.00224856
-0.00106393
3.90174e-18
-8.84349e-05
7.17514e-19
-1.58832e-19
1.38138e-21
3.97008e-23
2.43926e-21
9.20677e-23
5.06657e-21
6.85735e-23
1.21385e-20
2.01116e-22
2.68863e-20
5.92208e-22
7.11226e-20
1.40387e-21
2.50059e-19
3.40141e-21
7.45771e-19
-4.86316e-22
1.38166e-18
-3.58572e-21
0.00194459
9.08938e-05
0.00230576
0.00055174
0.00262404
0.000764518
0.00289139
0.000807111
0.00310941
0.000743323
0.00327939
0.000629473
0.00340778
0.000504009
0.00350325
0.000388723
0.00357363
0.000292224
0.00362519
0.00021582
0.00366272
0.000157452
0.00369004
0.000113972
0.00370983
8.20739e-05
0.00372408
5.89114e-05
0.00373435
4.22686e-05
0.00374176
3.0353e-05
0.00374714
2.1849e-05
0.00375108
1.57837e-05
0.00375395
1.14176e-05
0.003756
8.24369e-06
0.00375747
5.94956e-06
0.00375855
4.31063e-06
0.00375931
3.10851e-06
0.00375986
2.22819e-06
0.00376024
1.59778e-06
0.0037605
1.1491e-06
0.00376068
8.20155e-07
0.00376081
5.86138e-07
0.00376091
4.20007e-07
0.00376098
3.05975e-07
0.00376103
2.27285e-07
0.00376107
1.81265e-07
1.41227e-07
0.00320434
5.87025e-06
0.00321735
1.7575e-05
0.00323822
2.83753e-05
0.00326562
3.75825e-05
0.00329802
4.4892e-05
0.00333396
5.02973e-05
0.00337213
5.39234e-05
0.00341135
5.59178e-05
0.00345051
5.64203e-05
0.00348854
5.54484e-05
0.00352438
5.29324e-05
0.00355704
4.88409e-05
0.00358555
4.32037e-05
0.0036091
3.6088e-05
0.00362698
2.76394e-05
0.00363871
1.7922e-05
0.00364385
7.49999e-06
0.00364172
-3.8112e-06
0.00363181
-1.65124e-05
0.0036133
-3.09748e-05
0.003585
-4.79265e-05
0.00354514
-6.84009e-05
0.00349119
-9.3947e-05
0.00341955
-0.000126703
0.00332536
-0.000169459
0.00320204
-0.000225776
0.00304061
-0.000299788
0.00282922
-0.000395177
0.00255247
-0.000513364
0.00219691
-0.000638294
0.000658046
-0.000497463
2.26985e-18
7.49589e-19
1.4751e-19
-4.27577e-21
8.70834e-22
3.64601e-23
1.51322e-21
-2.74731e-24
3.47729e-21
-8.72591e-26
7.57569e-21
1.33611e-22
1.65599e-20
2.16185e-22
4.00851e-20
3.64671e-22
1.20646e-19
3.27284e-22
4.26859e-19
-1.35411e-21
1.02151e-18
1.26804e-20
0.00162972
3.18684e-06
0.00192579
0.000255667
0.00225042
0.00043989
0.00256371
0.000493816
0.00283974
0.000467294
0.00306797
0.000401247
0.00324807
0.000323903
0.00338568
0.000251116
0.00348853
0.000189373
0.00356425
0.000140096
0.00361943
0.000102273
0.00365939
7.40091e-05
0.00368821
5.32588e-05
0.00370891
3.82071e-05
0.00372379
2.73913e-05
0.00373449
1.96547e-05
0.0037422
1.41348e-05
0.00374779
1.01966e-05
0.00375184
7.36947e-06
0.00375475
5.32476e-06
0.00375686
3.84666e-06
0.00375838
2.78416e-06
0.00375948
2.0111e-06
0.00376026
1.44556e-06
0.00376082
1.03763e-06
0.00376123
7.46854e-07
0.00376151
5.33662e-07
0.00376172
3.81901e-07
0.00376186
2.7468e-07
0.00376197
2.001e-07
0.00376205
1.4803e-07
0.00376211
1.15999e-07
8.92959e-08
0.00320395
1.92097e-06
0.00321579
5.73565e-06
0.00323489
9.27604e-06
0.00326015
1.23185e-05
0.0032903
1.47429e-05
0.00332405
1.65492e-05
0.0033602
1.7776e-05
0.00339765
1.84672e-05
0.0034354
1.86684e-05
0.00347246
1.83863e-05
0.0035078
1.75929e-05
0.00354037
1.62705e-05
0.00356915
1.44269e-05
0.00359316
1.20804e-05
0.00361152
9.27769e-06
0.00362344
6.00162e-06
0.00362856
2.38473e-06
0.00362615
-1.40391e-06
0.00361527
-5.62689e-06
0.00359483
-1.0539e-05
0.00356326
-1.63547e-05
0.00351826
-2.34033e-05
0.00345654
-3.2226e-05
0.00337342
-4.35814e-05
0.00326242
-5.84564e-05
0.00311475
-7.81046e-05
0.0029189
-0.000103939
0.00266084
-0.000137112
0.00232495
-0.000177474
0.00190587
-0.000219208
5.63354e-18
-0.000133606
9.54767e-19
-4.92062e-20
3.74089e-22
2.28881e-23
6.51268e-22
-1.13408e-24
1.2921e-21
-1.99643e-25
2.86614e-21
7.49329e-23
5.18973e-21
9.15013e-24
1.1354e-20
2.76781e-23
2.73726e-20
9.29035e-23
8.21698e-20
3.04395e-22
3.13581e-19
-3.84627e-22
8.95129e-19
-1.73805e-21
0.000602179
3.4542e-20
0.00173446
6.64079e-05
0.0020321
0.000142245
0.00236042
0.000165501
0.00266847
0.000159242
0.0029318
0.000137915
0.00314392
0.00011178
0.00330821
8.68257e-05
0.00343205
6.55352e-05
0.00352362
4.85246e-05
0.00359045
3.54415e-05
0.00363881
2.56464e-05
0.00367362
1.84509e-05
0.00369859
1.32328e-05
0.0037165
9.48342e-06
0.00372935
6.80281e-06
0.0037386
4.89088e-06
0.00374527
3.52687e-06
0.00375009
2.54861e-06
0.00375357
1.8425e-06
0.00375608
1.33215e-06
0.0037579
9.64332e-07
0.00375922
6.97169e-07
0.00376016
5.02064e-07
0.00376084
3.60721e-07
0.00376133
2.59365e-07
0.00376167
1.85542e-07
0.00376192
1.32283e-07
0.0037621
9.44955e-08
0.00376223
6.81127e-08
0.00376233
4.95496e-08
0.00376241
3.73319e-08
2.70428e-08
0.00320382
-1.89966e-06
0.00321527
-5.71246e-06
0.00323379
-9.24382e-06
0.00325839
-1.22787e-05
0.00328783
-1.46957e-05
0.00332087
-1.64963e-05
0.00335637
-1.77197e-05
0.00339324
-1.84108e-05
0.00343053
-1.86157e-05
0.00346726
-1.83417e-05
0.00350241
-1.75602e-05
0.00353493
-1.62527e-05
0.00356379
-1.44252e-05
0.00358796
-1.20945e-05
0.00360655
-9.30533e-06
0.00361859
-6.0398e-06
0.0036234
-2.42881e-06
0.00362064
1.35863e-06
0.00360943
5.58398e-06
0.00358839
1.05022e-05
0.00355571
1.63282e-05
0.00350892
2.33906e-05
0.00344446
3.2232e-05
0.00335727
4.36099e-05
0.0032403
5.85111e-05
0.00308402
7.81735e-05
0.00287609
0.000103997
0.00260189
0.000137085
0.00224713
0.000177292
0.00180905
0.000218872
5.06053e-18
0.000133436
7.52244e-19
4.80441e-20
2.79983e-22
-2.28763e-23
5.72643e-22
1.14627e-24
1.32427e-21
5.28646e-25
2.30323e-21
-9.35688e-23
4.83207e-21
-9.70574e-24
1.06934e-20
-2.78099e-23
2.31818e-20
-9.28627e-23
6.16625e-20
-3.0427e-22
2.20022e-19
3.85003e-22
7.93117e-19
4.93983e-21
1.22306e-18
-5.18734e-20
0.00167591
-6.74903e-05
0.00196051
-0.00014236
0.00229086
-0.000164846
0.00260891
-0.000158812
0.00288449
-0.000137656
0.0031079
-0.000111632
0.00328145
-8.67259e-05
0.00341245
-6.54695e-05
0.00350946
-4.84861e-05
0.00358033
-3.54214e-05
0.00363161
-2.56366e-05
0.0036685
-1.8446e-05
0.00369497
-1.32293e-05
0.00371393
-9.47955e-06
0.00372753
-6.79769e-06
0.00373731
-4.88453e-06
0.00374435
-3.51948e-06
0.00374944
-2.54072e-06
0.00375312
-1.83451e-06
0.00375577
-1.32453e-06
0.0037577
-9.57348e-07
0.00375908
-6.91124e-07
0.00376008
-4.97118e-07
0.0037608
-3.57103e-07
0.00376132
-2.57179e-07
0.00376169
-1.84971e-07
0.00376195
-1.3334e-07
0.00376214
-9.72553e-08
0.00376228
-7.25818e-08
0.00376239
-5.58652e-08
0.00376247
-4.54699e-08
-3.76261e-08
0.00320395
-5.84921e-06
0.00321579
-1.75521e-05
0.00323489
-2.83433e-05
0.00326015
-3.7543e-05
0.0032903
-4.48453e-05
0.00332405
-5.0245e-05
0.0033602
-5.38681e-05
0.00339765
-5.58626e-05
0.00343541
-5.63691e-05
0.00347247
-5.54052e-05
0.00350781
-5.2901e-05
0.00354038
-4.8824e-05
0.00356916
-4.32025e-05
0.00359317
-3.61021e-05
0.00361153
-2.76669e-05
0.00362345
-1.79597e-05
0.00362857
-7.54377e-06
0.00362616
3.76568e-06
0.00361528
1.64687e-05
0.00359484
3.09368e-05
0.00356327
4.78974e-05
0.00351828
6.83846e-05
0.00345657
9.39464e-05
0.00337346
0.000126722
0.00326247
0.0001695
0.00311481
0.000225832
0.00291899
0.000299821
0.00266092
0.000395153
0.00232506
0.000513163
0.00190583
0.000638107
5.63478e-18
0.000497254
9.56773e-19
-7.55656e-19
3.73689e-22
2.61725e-21
6.47746e-22
-3.63952e-23
1.27467e-21
3.01248e-24
2.86069e-21
8.14322e-25
5.18973e-21
-1.33648e-22
1.13543e-20
-2.16027e-22
2.73741e-20
-3.64382e-22
8.21235e-20
-3.26556e-22
3.15287e-19
1.3568e-21
8.91132e-19
-9.41679e-21
0.000602254
-3.2613e-06
0.00173339
-0.000255604
0.0020308
-0.000439771
0.00235983
-0.000493876
0.00266821
-0.000467191
0.00293166
-0.000401105
0.00314385
-0.000323824
0.00330818
-0.000251055
0.00343204
-0.000189329
0.00352362
-0.000140067
0.00359045
-0.000102257
0.00363882
-7.4e-05
0.00367362
-5.3253e-05
0.0036986
-3.82023e-05
0.0037165
-2.73862e-05
0.00372935
-1.96485e-05
0.0037386
-1.41277e-05
0.00374527
-1.01888e-05
0.00375009
-7.36131e-06
0.00375357
-5.31664e-06
0.00375608
-3.83898e-06
0.0037579
-2.77719e-06
0.00375922
-2.00513e-06
0.00376016
-1.44077e-06
0.00376084
-1.03414e-06
0.00376132
-7.44821e-07
0.00376167
-5.33214e-07
0.00376192
-3.83054e-07
0.0037621
-2.77471e-07
0.00376223
-2.04599e-07
0.00376233
-1.54309e-07
0.00376241
-1.24093e-07
-9.97508e-08
0.00320434
-1.01892e-05
0.00321735
-3.05587e-05
0.00323822
-4.92203e-05
0.00326562
-6.49412e-05
0.00329802
-7.72446e-05
0.00333397
-8.6191e-05
0.00337214
-9.20396e-05
0.00341136
-9.50807e-05
0.00345052
-9.55322e-05
0.00348855
-9.34357e-05
0.0035244
-8.87498e-05
0.00355705
-8.14782e-05
0.00358557
-7.17211e-05
0.00360912
-5.96452e-05
0.003627
-4.55442e-05
0.00363873
-2.96908e-05
0.00364386
-1.26801e-05
0.00364174
5.89372e-06
0.00363183
2.63774e-05
0.00361332
4.94478e-05
0.00358502
7.61978e-05
0.00354517
0.000108231
0.00349123
0.000147891
0.00341961
0.00019834
0.00332545
0.00026366
0.00320217
0.000349119
0.00304078
0.000461207
0.00282942
0.000606518
0.00255263
0.000789952
0.00219714
0.000993608
0.00065813
0.00106386
2.2818e-18
8.8519e-05
1.49856e-19
1.57826e-19
8.70582e-22
-3.97141e-23
1.51331e-21
-9.20283e-23
3.47724e-21
-6.82438e-23
7.57601e-21
-2.00935e-22
1.65607e-20
-5.91779e-22
4.00873e-20
-1.40286e-21
1.20649e-19
-3.39965e-21
4.26778e-19
4.97255e-22
1.02003e-18
3.60792e-21
0.00162926
-9.05081e-05
0.00192562
-0.000551962
0.00225026
-0.000764414
0.00256346
-0.000807077
0.00283961
-0.000743338
0.00306791
-0.000629406
0.00324805
-0.000503962
0.00338567
-0.000388681
0.00348854
-0.000292192
0.00356426
-0.000215796
0.00361944
-0.000157435
0.0036594
-0.000113961
0.00368821
-8.20649e-05
0.00370892
-5.89035e-05
0.00372379
-4.22606e-05
0.00373449
-3.03447e-05
0.0037422
-2.18404e-05
0.00374779
-1.5775e-05
0.00375183
-1.14089e-05
0.00375475
-8.23534e-06
0.00375685
-5.94173e-06
0.00375838
-4.30368e-06
0.00375948
-3.1027e-06
0.00376026
-2.22366e-06
0.00376082
-1.59452e-06
0.00376122
-1.14734e-06
0.00376151
-8.19908e-07
0.00376171
-5.87454e-07
0.00376186
-4.22903e-07
0.00376196
-3.10514e-07
0.00376204
-2.33521e-07
0.00376211
-1.89238e-07
-1.51411e-07
0.00320506
-1.52482e-05
0.00322024
-4.57354e-05
0.00324438
-7.33679e-05
0.00327565
-9.62071e-05
0.00331209
-0.000113682
0.00335194
-0.000126047
0.00339368
-0.000133777
0.00343593
-0.000137331
0.00347739
-0.000136986
0.00351686
-0.000132908
0.00355332
-0.00012521
0.00358584
-0.000113997
0.00361367
-9.95502e-05
0.00363618
-8.21605e-05
0.00365296
-6.23238e-05
0.00366374
-4.04707e-05
0.00366819
-1.71299e-05
0.0036662
7.89228e-06
0.00365756
3.50189e-05
0.00364185
6.51537e-05
0.00361842
9.96312e-05
0.00358623
0.00014042
0.00354372
0.000190399
0.00348878
0.000253284
0.0034187
0.00033374
0.00332996
0.000437858
0.00321774
0.000573432
0.00307487
0.000749393
0.0028894
0.000975416
0.00263911
0.00124391
0.00224861
0.00145437
3.9034e-18
0.000795114
7.18076e-19
-8.16696e-19
1.38431e-21
1.09406e-19
2.44042e-21
-1.98515e-22
5.06715e-21
-3.05921e-22
1.21393e-20
-1.59139e-22
2.68892e-20
-1.82615e-21
7.11357e-20
-3.16414e-21
2.50075e-19
-1.02079e-20
7.45813e-19
-2.23474e-20
1.38166e-18
-1.25855e-19
0.00194473
-0.000493223
0.0023057
-0.000912939
0.00262399
-0.0010827
0.00289142
-0.00107451
0.00310942
-0.000961335
0.00327942
-0.000799401
0.00340781
-0.000632354
0.00350328
-0.000484153
0.00357366
-0.000362573
0.00362521
-0.000267346
0.00366275
-0.00019497
0.00369005
-0.000141267
0.00370984
-0.000101855
0.00372408
-7.31432e-05
0.00373435
-5.25328e-05
0.00374176
-3.77534e-05
0.00374714
-2.72168e-05
0.00375108
-1.97153e-05
0.00375395
-1.42745e-05
0.003756
-1.02879e-05
0.00375747
-7.41472e-06
0.00375854
-5.37578e-06
0.00375931
-3.86895e-06
0.00375985
-2.76829e-06
0.00376023
-1.97357e-06
0.00376049
-1.4088e-06
0.00376068
-1.00561e-06
0.00376081
-7.19796e-07
0.0037609
-5.1736e-07
0.00376097
-3.78638e-07
0.00376102
-2.83954e-07
0.00376107
-2.32194e-07
-1.87248e-07
0.00320627
-2.15155e-05
0.00322507
-6.45347e-05
0.00325455
-0.000102848
0.00329198
-0.000133636
0.00333473
-0.000156433
0.00338059
-0.00017191
0.00342764
-0.000180832
0.0034741
-0.000183792
0.00351841
-0.000181286
0.00355936
-0.000173866
0.00359599
-0.000161838
0.0036275
-0.000145504
0.00365356
-0.000125613
0.0036738
-0.000102394
0.0036881
-7.66266e-05
0.00369649
-4.88614e-05
0.00369925
-1.98908e-05
0.00369678
1.03621e-05
0.00368927
4.25329e-05
0.00367673
7.7697e-05
0.00365907
0.000117285
0.00363607
0.000163427
0.00360704
0.000219421
0.00357131
0.000289017
0.00352839
0.000376658
0.00347784
0.00048841
0.0034193
0.000631972
0.00335207
0.000816625
0.00327399
0.00105349
0.00316814
0.00134976
0.00296216
0.00166036
0.00147734
0.00164092
3.04883e-18
0.000574335
6.2976e-19
-6.87587e-19
5.17932e-21
1.84909e-19
1.11462e-20
5.34305e-20
2.92314e-20
-6.07965e-21
8.7216e-20
-3.06309e-20
2.68513e-19
-5.43379e-20
6.70479e-19
-7.16079e-20
1.38341e-18
-7.14661e-20
0.00197853
-0.000436516
0.00249285
-0.00100755
0.00287189
-0.00129198
0.00313323
-0.00134404
0.00331911
-0.00126038
0.00344909
-0.00109132
0.00353785
-0.000888157
0.00359887
-0.000693382
0.00364204
-0.000527318
0.00367322
-0.000393749
0.00369597
-0.000290096
0.00371256
-0.000211565
0.0037249
-0.000153611
0.00373397
-0.000110926
0.00374044
-7.96131e-05
0.00374518
-5.72733e-05
0.00374861
-4.11819e-05
0.00375116
-2.97657e-05
0.00375311
-2.16661e-05
0.00375455
-1.57149e-05
0.00375559
-1.13283e-05
0.00375631
-8.12842e-06
0.00375678
-5.85151e-06
0.00375711
-4.19772e-06
0.00375734
-2.99739e-06
0.0037575
-2.13326e-06
0.0037576
-1.51367e-06
0.00375767
-1.07408e-06
0.00375772
-7.64441e-07
0.00375775
-5.47242e-07
0.00375777
-3.99794e-07
0.00375778
-2.99931e-07
0.0037578
-2.47051e-07
-2.03065e-07
0.0032083
-2.98132e-05
0.00323304
-8.92761e-05
0.00327094
-0.000140752
0.00331779
-0.000180485
0.00336989
-0.00020853
0.00342416
-0.000226183
0.00347802
-0.000234689
0.00352921
-0.000234986
0.00357597
-0.000228045
0.00361733
-0.000215219
0.00365242
-0.000196932
0.0036806
-0.000173681
0.00370236
-0.000147379
0.00371794
-0.000117967
0.0037273
-8.59919e-05
0.00373114
-5.27006e-05
0.0037308
-1.95488e-05
0.00372704
1.41199e-05
0.00372033
4.92418e-05
0.00371099
8.70468e-05
0.00369948
0.000128791
0.00368642
0.000176487
0.00367167
0.000234172
0.00365551
0.000305169
0.0036395
0.00039267
0.00362564
0.00050227
0.00361725
0.000640364
0.00361951
0.000814367
0.00364034
0.00103266
0.0036875
0.00130259
0.00372181
0.00162605
0.0035578
0.00180493
0.00186287
0.00164235
3.09609e-18
0.000947773
1.49533e-18
-1.17305e-18
7.13363e-19
-6.64481e-19
6.11511e-19
-2.68689e-19
6.84922e-19
-1.82073e-19
8.97029e-19
-1.26739e-19
1.83227e-18
-8.08094e-20
0.00194931
-0.000661104
0.00291099
-0.0011444
0.00336463
-0.00146119
0.00360517
-0.00153252
0.0037333
-0.00147218
0.00378908
-0.00131616
0.00380208
-0.00110432
0.00379629
-0.000882366
0.00378571
-0.0006828
0.00377556
-0.00051717
0.00376741
-0.000385597
0.00376135
-0.00028404
0.00375703
-0.000207242
0.00375418
-0.000150759
0.00375226
-0.000109006
0.00375093
-7.82801e-05
0.00375012
-5.64725e-05
0.00374975
-4.08102e-05
0.00374957
-2.95819e-05
0.00374942
-2.15139e-05
0.00374925
-1.55502e-05
0.00374911
-1.11851e-05
0.00374899
-8.01309e-06
0.00374887
-5.72588e-06
0.00374875
-4.07949e-06
0.00374864
-2.89398e-06
0.00374856
-2.04737e-06
0.00374849
-1.44452e-06
0.00374843
-1.01864e-06
0.00374839
-7.20434e-07
0.00374836
-5.1343e-07
0.00374833
-3.74739e-07
0.00374831
-2.8207e-07
0.0037483
-2.35218e-07
-1.98822e-07
0.00321193
-4.17474e-05
0.00324662
-0.000123965
0.00329787
-0.000191997
0.00335869
-0.000241301
0.00342343
-0.000273275
0.00348774
-0.000290495
0.00354846
-0.000295403
0.00360272
-0.000289254
0.00364848
-0.000273805
0.00368585
-0.000252579
0.00371461
-0.0002257
0.00373495
-0.000194016
0.00374766
-0.00016009
0.00375382
-0.00012413
0.00375472
-8.68829e-05
0.00375259
-5.05708e-05
0.00374853
-1.54919e-05
0.00374317
1.948e-05
0.00373725
5.51637e-05
0.00373131
9.29796e-05
0.0037261
0.000134009
0.00372301
0.000179571
0.00372256
0.000234623
0.00372543
0.000302295
0.00373428
0.000383821
0.00375253
0.000484014
0.00378558
0.000607322
0.00384153
0.00075841
0.00393225
0.000941951
0.00407372
0.00116112
0.00428283
0.00141694
0.00446001
0.00162775
0.00444092
0.00166144
0.00388196
0.00150675
0.00190489
0.00127703
0.000864938
0.00068053
0.000618854
0.000162948
0.00093772
-0.000151583
0.00184075
-0.000483603
0.00327179
-0.000875159
0.00384179
-0.0012311
0.00420283
-0.00150544
0.00433363
-0.00159199
0.00434546
-0.00154435
0.00428738
-0.00141409
0.00419092
-0.0012197
0.00408844
-0.00100184
0.00399839
-0.000792318
0.00392642
-0.000610831
0.00387123
-0.000461978
0.00383009
-0.000344456
0.00379998
-0.000253932
0.0037781
-0.000185362
0.00376234
-0.000135007
0.00375118
-9.78392e-05
0.00374342
-7.05221e-05
0.00373805
-5.11045e-05
0.00373427
-3.70265e-05
0.00373142
-2.67297e-05
0.00372919
-1.92919e-05
0.00372751
-1.38658e-05
0.00372625
-9.92311e-06
0.00372531
-7.07799e-06
0.00372462
-5.03047e-06
0.0037241
-3.56238e-06
0.00372372
-2.51152e-06
0.00372343
-1.76313e-06
0.00372322
-1.23318e-06
0.00372306
-8.61015e-07
0.00372294
-6.02747e-07
0.00372286
-4.25901e-07
0.00372279
-3.09928e-07
0.00372274
-2.34772e-07
0.00372271
-2.0013e-07
-1.75914e-07
0.003219
-6.07469e-05
0.00327098
-0.000175945
0.0033428
-0.000263813
0.00342242
-0.000320922
0.00350115
-0.000352006
0.00357261
-0.000361953
0.00363371
-0.000356512
0.00368212
-0.000337659
0.00371703
-0.000308715
0.0037404
-0.000275948
0.00375412
-0.000239419
0.00375936
-0.000199253
0.00375743
-0.000158164
0.00375137
-0.000118067
0.00374309
-7.86085e-05
0.00373399
-4.14711e-05
0.00372532
-6.82389e-06
0.00371837
2.64355e-05
0.00371392
5.96143e-05
0.00371263
9.42624e-05
0.00371511
0.000131535
0.00372169
0.000172992
0.00373363
0.000222673
0.00375411
0.000281819
0.00378563
0.000352303
0.00383123
0.000438407
0.00389683
0.000541727
0.00399077
0.000664469
0.00412477
0.000807943
0.00431486
0.000971031
0.00458316
0.00114864
0.00489976
0.00131116
0.0051789
0.0013823
0.00535795
0.0013277
0.00548995
0.00114503
0.00538072
0.000789761
0.00523203
0.000311639
0.00523664
-0.000156186
0.00531334
-0.000560306
0.00536048
-0.000922293
0.00534315
-0.00121378
0.00522491
-0.0013872
0.00504673
-0.00141381
0.00484048
-0.00133809
0.00461958
-0.00119319
0.00441116
-0.00101128
0.0042319
-0.000822577
0.00408773
-0.000648154
0.00397592
-0.000499018
0.00389148
-0.000377542
0.00382877
-0.000281745
0.00378258
-0.000207738
0.00374874
-0.000151529
0.00372417
-0.000110439
0.0037067
-8.03641e-05
0.00369412
-5.79441e-05
0.00368482
-4.18091e-05
0.00367798
-3.01806e-05
0.00367296
-2.17084e-05
0.00366924
-1.55797e-05
0.00366652
-1.11421e-05
0.00366453
-7.93086e-06
0.00366307
-5.61861e-06
0.003662
-3.96058e-06
0.00366121
-2.777e-06
0.00366064
-1.9354e-06
0.00366021
-1.34035e-06
0.0036599
-9.22848e-07
0.00365967
-6.32994e-07
0.00365951
-4.34969e-07
0.00365938
-3.02406e-07
0.00365929
-2.18649e-07
0.00365923
-1.67661e-07
0.00365917
-1.48137e-07
-1.38974e-07
0.00323332
-9.40693e-05
0.00331541
-0.000258029
0.00341543
-0.000363835
0.00351192
-0.00041741
0.00359331
-0.000433396
0.00365453
-0.00042318
0.00369607
-0.000398052
0.00372116
-0.00036274
0.00373178
-0.000319337
0.00372919
-0.000273364
0.00371748
-0.000227701
0.00369996
-0.000181732
0.00367922
-0.000137424
0.00365748
-9.63363e-05
0.00363745
-5.85777e-05
0.00362094
-2.49608e-05
0.00360914
4.97811e-06
0.00360286
3.27128e-05
0.00360227
6.02059e-05
0.0036079
8.86374e-05
0.00362014
0.000119289
0.00363914
0.000153992
0.00366641
0.000195401
0.0037042
0.000244022
0.00375524
0.000301261
0.00382385
0.0003698
0.00391489
0.000450679
0.00403523
0.000544131
0.00419407
0.000649106
0.00440293
0.000762165
0.00467557
0.000875994
0.00501282
0.000973904
0.00537512
0.00102
0.00572389
0.000978921
0.00602761
0.000841314
0.00623642
0.000580959
0.00632497
0.00022308
0.00631296
-0.000144169
0.00623436
-0.000481704
0.00608512
-0.000773051
0.00585787
-0.000986532
0.00556569
-0.00109502
0.00525138
-0.0010995
0.00493921
-0.00102592
0.00464863
-0.000902613
0.00439509
-0.000757743
0.00418553
-0.000613017
0.00401871
-0.000481338
0.00388924
-0.000369547
0.00379071
-0.000279016
0.0037169
-0.000207931
0.00366234
-0.000153184
0.00362264
-0.000111827
0.00359353
-8.13316e-05
0.00357218
-5.90104e-05
0.00355678
-4.25391e-05
0.00354555
-3.05875e-05
0.00353733
-2.19573e-05
0.00353132
-1.5702e-05
0.00352693
-1.1186e-05
0.00352372
-7.93167e-06
0.00352138
-5.58958e-06
0.00351967
-3.91218e-06
0.00351843
-2.71769e-06
0.00351752
-1.8724e-06
0.00351687
-1.27794e-06
0.00351639
-8.632e-07
0.00351604
-5.7681e-07
0.00351579
-3.82041e-07
0.00351561
-2.52598e-07
0.00351548
-1.69518e-07
0.00351538
-1.20703e-07
0.00351531
-9.51483e-08
0.00351525
-9.06583e-08
-9.59501e-08
0.00326298
-0.000157052
0.00338996
-0.000385002
0.00350603
-0.000479908
0.00358789
-0.000499267
0.00363918
-0.000484694
0.00366181
-0.000445805
0.00365735
-0.000393589
0.00363293
-0.00033832
0.00359598
-0.000282395
0.00355106
-0.000228441
0.00350214
-0.000178778
0.0034547
-0.000134296
0.00341256
-9.52783e-05
0.00337759
-6.13673e-05
0.0033511
-3.20932e-05
0.00333336
-7.21725e-06
0.00332419
1.41432e-05
0.00332301
3.38993e-05
0.00332971
5.35081e-05
0.00334453
7.38117e-05
0.00336779
9.60315e-05
0.00340021
0.000121561
0.00344374
0.000151872
0.00349997
0.00018779
0.00357088
0.00023035
0.00366036
0.00028031
0.00377299
0.00033805
0.00391398
0.000403144
0.00408934
0.000473745
0.00430557
0.000545933
0.00456878
0.000612778
0.00487999
0.000662694
0.0052233
0.000676685
0.00556794
0.000634274
0.00588331
0.000525946
0.00612315
0.000341117
0.00624636
9.98703e-05
0.00624833
-0.000146135
0.00614918
-0.000382548
0.00595911
-0.000582985
0.00568734
-0.000714765
0.0053585
-0.000766172
0.00501064
-0.000751638
0.00467306
-0.000688346
0.0043678
-0.000597351
0.00410709
-0.00049703
0.00389378
-0.000399707
0.00372516
-0.000312723
0.0035951
-0.000239485
0.00349651
-0.000180428
0.00342277
-0.000134194
0.00336829
-9.86988e-05
0.00332841
-7.19492e-05
0.00329924
-5.21636e-05
0.00327788
-3.7656e-05
0.00326237
-2.70218e-05
0.00325108
-1.93025e-05
0.00324286
-1.37326e-05
0.00323687
-9.71779e-06
0.00323252
-6.83557e-06
0.00322936
-4.77396e-06
0.00322708
-3.3041e-06
0.00322543
-2.2623e-06
0.00322424
-1.52961e-06
0.00322339
-1.01898e-06
0.00322277
-6.66758e-07
0.00322234
-4.26742e-07
0.00322203
-2.65841e-07
0.00322181
-1.60611e-07
0.00322165
-9.4585e-08
0.00322153
-5.60374e-08
0.00322145
-3.75508e-08
0.00322139
-3.30133e-08
0.00322134
-4.009e-08
-5.53523e-08
0.00332625
-0.000283306
0.00346212
-0.000520867
0.00352922
-0.000547011
0.00353766
-0.000507702
0.0035018
-0.000448832
0.00343208
-0.000376095
0.00334007
-0.000301575
0.00323707
-0.00023532
0.00313541
-0.000180737
0.00304354
-0.00013657
0.00296508
-0.000100319
0.00290132
-7.05343e-05
0.00285217
-4.61288e-05
0.00281685
-2.60497e-05
0.00279429
-9.53333e-06
0.00278329
3.7844e-06
0.00278213
1.53041e-05
0.00278976
2.62701e-05
0.00280608
3.71892e-05
0.00283112
4.87696e-05
0.00286534
6.18032e-05
0.00290981
7.70917e-05
0.00296626
9.54165e-05
0.00303668
0.000117367
0.00312358
0.000143447
0.00323
0.000173886
0.0033594
0.00020865
0.00351541
0.000247131
0.00370145
0.000287709
0.00392003
0.00032734
0.00417172
0.000361094
0.00445271
0.000381694
0.00475053
0.000378867
0.0050429
0.000341897
0.00530364
0.000265206
0.00549722
0.000147537
0.00558932
7.7681e-06
0.005574
-0.000130811
0.00545357
-0.000262114
0.00523635
-0.000365772
0.0049487
-0.00042711
0.00462429
-0.000441765
0.00429232
-0.000419662
0.00397887
-0.000374894
0.00370157
-0.000320058
0.00346786
-0.000263319
0.0032783
-0.00021015
0.00312917
-0.000163592
0.0030145
-0.000124817
0.0029278
-9.37238e-05
0.00286306
-6.94557e-05
0.00281523
-5.08752e-05
0.00278019
-3.69012e-05
0.00275459
-2.65684e-05
0.00273594
-1.90042e-05
0.00272241
-1.34918e-05
0.00271262
-9.50925e-06
0.00270554
-6.65304e-06
0.00270043
-4.61395e-06
0.00269676
-3.16707e-06
0.00269414
-2.14656e-06
0.00269226
-1.43117e-06
0.00269093
-9.3395e-07
0.00269
-5.92526e-07
0.00268934
-3.61633e-07
0.00268888
-2.08699e-07
0.00268856
-1.09851e-07
0.00268835
-4.80342e-08
0.0026882
-1.15615e-08
0.00268809
7.57087e-09
0.00268802
1.49015e-08
0.00268797
1.36457e-08
0.00268793
6.07914e-09
0.0026879
-6.18213e-09
-2.42487e-08
0.00336537
-0.000448677
0.00335147
-0.000506963
0.00323347
-0.000429017
0.00305696
-0.000331193
0.00285145
-0.000243319
0.00264752
-0.000172167
0.00246651
-0.000120557
0.00231513
-8.39409e-05
0.00219298
-5.85885e-05
0.00209739
-4.09841e-05
0.00202523
-2.81567e-05
0.00197307
-1.83758e-05
0.00193765
-1.07084e-05
0.00191615
-4.55185e-06
0.00190625
3.64953e-07
0.00190588
4.15489e-06
0.00191341
7.77359e-06
0.00192841
1.12722e-05
0.0019507
1.49e-05
0.00198055
1.89202e-05
0.00201874
2.3607e-05
0.00206658
2.92458e-05
0.00212587
3.61207e-05
0.00219877
4.44591e-05
0.00228778
5.44343e-05
0.00239555
6.6121e-05
0.00252474
7.94552e-05
0.00267777
9.41015e-05
0.0028562
0.00010927
0.00306
0.000123538
0.00328641
0.000134683
0.00352854
0.000139555
0.00377334
0.000134063
0.00400062
0.000114615
0.00418607
7.97562e-05
0.00430276
3.08501e-05
0.0043312
-2.0675e-05
0.00427136
-7.09746e-05
0.00412418
-0.000114933
0.00390355
-0.000145138
0.0036349
-0.000158461
0.00334854
-0.000155405
0.00307046
-0.000141583
0.00281861
-0.000123039
0.00260164
-0.000103088
0.00242206
-8.3743e-05
0.00227816
-6.62514e-05
0.0021658
-5.12327e-05
0.00207984
-3.88521e-05
0.00201509
-2.89757e-05
0.00196692
-2.12916e-05
0.00193147
-1.54276e-05
0.00190561
-1.10358e-05
0.00188685
-7.80671e-06
0.0018733
-5.4623e-06
0.00186359
-3.77381e-06
0.00185665
-2.57109e-06
0.00185172
-1.7234e-06
0.00184824
-1.13175e-06
0.00184579
-7.23808e-07
0.00184409
-4.4594e-07
0.00184292
-2.59064e-07
0.00184212
-1.3576e-07
0.00184158
-5.66361e-08
0.00184123
-8.04638e-09
0.001841
2.01475e-08
0.00184086
3.43588e-08
0.00184077
3.99503e-08
0.00184072
3.97091e-08
0.00184069
3.59508e-08
0.00184067
3.01892e-08
0.00184066
2.33211e-08
0.00184065
1.51672e-08
0.00184064
6.24987e-09
-5.98066e-09
0.00275132
0.00224436
0.00181534
0.00148415
0.00124083
0.00106866
0.000948107
0.000864166
0.000805578
0.000764593
0.000736437
0.000718061
0.000707353
0.000702801
0.000703166
0.000707321
0.000715094
0.000726366
0.000741265
0.000760183
0.000783788
0.000813031
0.000849149
0.000893606
0.000948039
0.00101416
0.00109361
0.00118771
0.00129698
0.00142052
0.0015552
0.00169475
0.00182881
0.00194343
0.00202318
0.00205403
0.00203336
0.00196238
0.00184745
0.00170231
0.00154385
0.00138845
0.00124686
0.00112382
0.00102074
0.000936993
0.000870742
0.000819509
0.000780656
0.000751679
0.000730387
0.000714959
0.000703924
0.000696117
0.000690654
0.00068688
0.000684309
0.000682586
0.000681454
0.00068073
0.000680284
0.000680025
0.000679889
0.000679832
0.000679824
0.000679844
0.000679878
0.000679918
0.000679958
0.000679993
0.000680024
0.000680047
0.000680062
0.000680068
)
;

boundaryField
{
    ibCylinder
    {
        type            immersedBoundary;
        value           nonuniform List<scalar> 
44
(
0.000700028
0.000359428
8.31352e-05
-0.00016728
-0.000419423
-0.000555888
0.00062691
0.000915102
-0.00128821
-0.0002538
0.000639004
0.000903008
-0.00154201
0.00154201
-0.00154201
0.0009724
0.000569611
-0.00154201
0.00154201
-0.000598993
-0.000943019
0.00154201
-0.00154201
0.00154201
-0.000598993
-0.000943019
0.0009724
0.000569611
-0.00154201
0.00154201
-0.00154201
0.000639004
0.000903008
-0.00154201
0.00062691
0.000915102
-0.00128821
-0.0002538
0.000700028
0.000359428
8.31352e-05
-0.00016728
-0.000419423
-0.000555888
)
;
        value           nonuniform List<scalar> 0();
    }
    in
    {
        type            calculated;
        value           nonuniform List<scalar> 
25
(
-0.0032
-0.0032
-0.0032
-0.0032
-0.0032
-0.0032
-0.0032
-0.0032
-0.0032
-0.0032
-0.0032
-0.0032
-0.0032
-0.0032
-0.0032
-0.0032
-0.0032
-0.0032
-0.0032
-0.0032
-0.0032
-0.0032
-0.0032
-0.0032
-0.0032
)
;
    }
    out
    {
        type            calculated;
        value           nonuniform List<scalar> 
25
(
0.000680072
0.00184064
0.00268788
0.0032213
0.00351521
0.00365914
0.00372269
0.0037483
0.00375782
0.0037611
0.00376216
0.00376247
0.00376254
0.00376247
0.00376216
0.0037611
0.00375781
0.0037483
0.00372269
0.00365914
0.0035152
0.0032213
0.00268787
0.00184062
0.000680062
)
;
    }
    top
    {
        type            calculated;
        value           uniform 0;
    }
    bottom
    {
        type            calculated;
        value           uniform 0;
    }
    frontAndBack
    {
        type            empty;
        value           nonuniform List<scalar> 0();
    }
}


// ************************************************************************* //
