/*--------------------------------*- C++ -*----------------------------------*\
| =========                 |                                                 |
| \\      /  F ield         | OpenFOAM: The Open Source CFD Toolbox           |
|  \\    /   O peration     | Version:  2206                                  |
|   \\  /    A nd           | Website:  www.openfoam.com                      |
|    \\/     M anipulation  |                                                 |
\*---------------------------------------------------------------------------*/
FoamFile
{
    version     2.0;
    format      ascii;
    arch        "LSB;label=32;scalar=64";
    class       volVectorField;
    location    "0.5";
    object      U;
}
// * * * * * * * * * * * * * * * * * * * * * * * * * * * * * * * * * * * * * //

dimensions      [0 1 -1 0 0 0 0];

internalField   nonuniform List<vector> 
1875
(
(0.792645 0.0207495 0)
(0.749514 0.0857657 0)
(0.648204 0.0835152 0)
(0.515288 0.0487289 0)
(0.419177 0.0246568 0)
(0.356207 0.0133445 0)
(0.312485 0.00728283 0)
(0.281383 0.00385745 0)
(0.259567 0.0019997 0)
(0.244349 0.0010152 0)
(0.23378 0.000450764 0)
(0.226674 9.32103e-05 0)
(0.222248 -0.000162792 0)
(0.219962 -0.00036728 0)
(0.219434 -0.000551267 0)
(0.220149 -0.00075725 0)
(0.222014 -0.000956109 0)
(0.225004 -0.00116738 0)
(0.229083 -0.00142531 0)
(0.234336 -0.00174407 0)
(0.240933 -0.00213946 0)
(0.249129 -0.00263315 0)
(0.259268 -0.00324755 0)
(0.271774 -0.00400041 0)
(0.287137 -0.00490615 0)
(0.305884 -0.00596557 0)
(0.328553 -0.00715846 0)
(0.355622 -0.00843221 0)
(0.387405 -0.00967719 0)
(0.423879 -0.0107095 0)
(0.464454 -0.0112567 0)
(0.50768 -0.0109499 0)
(0.551105 -0.00936697 0)
(0.590837 -0.00631133 0)
(0.622551 -0.00214503 0)
(0.640018 0.00267695 0)
(0.641162 0.00734093 0)
(0.627524 0.0118493 0)
(0.598015 0.0145475 0)
(0.556279 0.0153335 0)
(0.507772 0.0145433 0)
(0.457761 0.0126287 0)
(0.410808 0.0104134 0)
(0.369257 0.00840139 0)
(0.333892 0.00664717 0)
(0.304774 0.00514106 0)
(0.281476 0.00389174 0)
(0.263282 0.0028852 0)
(0.249367 0.00209456 0)
(0.238911 0.00148734 0)
(0.231176 0.00103043 0)
(0.225535 0.000693208 0)
(0.221477 0.000450564 0)
(0.218592 0.000280579 0)
(0.216563 0.000163981 0)
(0.215153 8.55357e-05 0)
(0.214186 3.47332e-05 0)
(0.213533 3.50996e-06 0)
(0.2131 -1.47449e-05 0)
(0.21282 -2.43935e-05 0)
(0.212644 -2.84932e-05 0)
(0.212539 -2.9214e-05 0)
(0.212481 -2.78744e-05 0)
(0.212453 -2.54527e-05 0)
(0.212445 -2.25245e-05 0)
(0.212448 -1.97339e-05 0)
(0.212457 -1.67104e-05 0)
(0.212469 -1.39857e-05 0)
(0.212482 -1.13888e-05 0)
(0.212495 -9.09494e-06 0)
(0.212505 -6.98191e-06 0)
(0.212514 -5.15238e-06 0)
(0.21252 -3.46223e-06 0)
(0.212523 -1.96829e-06 0)
(0.212522 2.29551e-08 0)
(1.01388 0.122251 0)
(1.051 0.187642 0)
(1.03806 0.178791 0)
(0.989011 0.157796 0)
(0.924896 0.128985 0)
(0.857456 0.0973512 0)
(0.797215 0.0709339 0)
(0.745175 0.0510394 0)
(0.702365 0.0365248 0)
(0.668518 0.0258932 0)
(0.642553 0.0178981 0)
(0.623374 0.0117338 0)
(0.609923 0.00691034 0)
(0.601223 0.00308475 0)
(0.59649 6.51557e-05 0)
(0.595056 -0.00223091 0)
(0.596192 -0.00442115 0)
(0.599766 -0.00651154 0)
(0.6056 -0.0086341 0)
(0.613711 -0.0109664 0)
(0.624276 -0.0136715 0)
(0.637618 -0.0169092 0)
(0.65423 -0.0208323 0)
(0.674738 -0.0255547 0)
(0.699875 -0.0311668 0)
(0.730448 -0.0377112 0)
(0.767307 -0.0451452 0)
(0.811269 -0.0532774 0)
(0.862991 -0.0616811 0)
(0.922765 -0.0696036 0)
(0.990233 -0.0758725 0)
(1.06395 -0.0788308 0)
(1.14099 -0.0762899 0)
(1.21643 -0.0661256 0)
(1.28276 -0.0473243 0)
(1.33198 -0.0204319 0)
(1.35469 0.00832288 0)
(1.35086 0.0368925 0)
(1.31824 0.0630086 0)
(1.2593 0.0818852 0)
(1.18073 0.090983 0)
(1.09191 0.09052 0)
(1.0016 0.0832717 0)
(0.917881 0.0726225 0)
(0.844279 0.0609441 0)
(0.782307 0.0495446 0)
(0.732002 0.0392072 0)
(0.692322 0.0303311 0)
(0.661719 0.0230268 0)
(0.638525 0.0172098 0)
(0.621182 0.0126872 0)
(0.608361 0.00923561 0)
(0.598974 0.00664857 0)
(0.59215 0.00474229 0)
(0.587214 0.0033524 0)
(0.583662 0.00234536 0)
(0.581121 0.00162344 0)
(0.579312 0.00111031 0)
(0.578031 0.000748405 0)
(0.577129 0.000495581 0)
(0.5765 0.000320579 0)
(0.576064 0.00020055 0)
(0.575765 0.000119351 0)
(0.575563 6.54575e-05 0)
(0.575429 3.06782e-05 0)
(0.575342 9.10032e-06 0)
(0.575286 -3.49375e-06 0)
(0.575252 -1.02055e-05 0)
(0.575231 -1.29476e-05 0)
(0.57522 -1.31697e-05 0)
(0.575214 -1.18106e-05 0)
(0.575211 -9.40265e-06 0)
(0.575209 -5.96968e-06 0)
(0.575206 -1.94135e-06 0)
(0.575199 3.28464e-06 0)
(1.01267 0.0739859 0)
(1.05984 0.148376 0)
(1.0968 0.16665 0)
(1.10915 0.16366 0)
(1.10285 0.154657 0)
(1.08554 0.139315 0)
(1.05968 0.118713 0)
(1.0282 0.0968411 0)
(0.995237 0.0767115 0)
(0.964606 0.0594324 0)
(0.937796 0.0447635 0)
(0.915503 0.0323349 0)
(0.897904 0.0218662 0)
(0.884789 0.0130932 0)
(0.875842 0.00576546 0)
(0.87071 -0.000284158 0)
(0.868923 -0.00530851 0)
(0.869957 -0.0101143 0)
(0.873729 -0.0148563 0)
(0.880181 -0.0197941 0)
(0.889396 -0.0252718 0)
(0.901605 -0.0316403 0)
(0.917245 -0.0392483 0)
(0.936932 -0.048348 0)
(0.961339 -0.0591111 0)
(0.991334 -0.071666 0)
(1.02795 -0.0860632 0)
(1.0723 -0.102098 0)
(1.12552 -0.119162 0)
(1.18858 -0.136082 0)
(1.26204 -0.150911 0)
(1.34562 -0.160664 0)
(1.437 -0.160982 0)
(1.53099 -0.147353 0)
(1.61958 -0.11722 0)
(1.69334 -0.0691559 0)
(1.73985 -0.0102701 0)
(1.75223 0.0471262 0)
(1.73119 0.102764 0)
(1.67737 0.148545 0)
(1.59636 0.177262 0)
(1.49796 0.186454 0)
(1.39293 0.179737 0)
(1.29005 0.162293 0)
(1.19697 0.139485 0)
(1.11686 0.115265 0)
(1.05089 0.09226 0)
(0.998374 0.071958 0)
(0.957653 0.0549849 0)
(0.926673 0.0413516 0)
(0.903423 0.0307004 0)
(0.886169 0.022537 0)
(0.873491 0.0163928 0)
(0.864226 0.0118486 0)
(0.857467 0.00851687 0)
(0.852551 0.00608029 0)
(0.848992 0.00431535 0)
(0.846418 0.00304512 0)
(0.844559 0.00213371 0)
(0.843222 0.00148317 0)
(0.842262 0.00102115 0)
(0.841577 0.000694447 0)
(0.84109 0.000465129 0)
(0.840745 0.000305632 0)
(0.840503 0.000196059 0)
(0.840334 0.00012186 0)
(0.840216 7.24669e-05 0)
(0.840136 4.02913e-05 0)
(0.84008 2.01039e-05 0)
(0.840043 8.22602e-06 0)
(0.840017 2.18454e-06 0)
(0.839999 3.50809e-07 0)
(0.839986 1.49437e-06 0)
(0.839976 4.95187e-06 0)
(0.839962 1.05761e-05 0)
(1.00546 0.0376797 0)
(1.0348 0.0954729 0)
(1.07819 0.131082 0)
(1.11187 0.145754 0)
(1.13091 0.146788 0)
(1.14372 0.139276 0)
(1.14508 0.127802 0)
(1.14034 0.114849 0)
(1.13052 0.100122 0)
(1.11727 0.0838438 0)
(1.10214 0.0673933 0)
(1.08672 0.0518014 0)
(1.07254 0.0377464 0)
(1.06038 0.025311 0)
(1.05071 0.0143934 0)
(1.0438 0.00492233 0)
(1.03963 -0.00333425 0)
(1.03804 -0.0108505 0)
(1.0389 -0.0183467 0)
(1.04225 -0.0260718 0)
(1.04818 -0.0344351 0)
(1.05682 -0.0439424 0)
(1.06853 -0.0551669 0)
(1.08409 -0.0685055 0)
(1.1037 -0.0843735 8.0109e-34)
(1.12852 -0.102992 -7.9284e-34)
(1.1598 -0.124645 0)
(1.19905 -0.149311 0)
(1.24804 -0.176448 0)
(1.30874 -0.20475 0)
(1.38316 -0.231806 0)
(1.47303 -0.253211 0)
(1.57663 -0.261203 0)
(1.6864 -0.248029 0)
(1.79218 -0.209876 0)
(1.88072 -0.14255 0)
(1.94333 -0.051527 0)
(1.96083 0.0445147 0)
(1.94365 0.136413 0)
(1.89917 0.215899 0)
(1.82788 0.270672 0)
(1.72921 0.294429 0)
(1.62055 0.291502 0)
(1.51127 0.268709 0)
(1.40946 0.234235 0)
(1.32053 0.195456 0)
(1.24651 0.157466 0)
(1.18724 0.123382 0)
(1.14113 0.0946071 0)
(1.10596 0.0713625 0)
(1.07951 0.0531471 0)
(1.05986 0.0391469 0)
(1.04543 0.0285817 0)
(1.0349 0.0207767 0)
(1.02719 0.0150468 0)
(1.02155 0.010833 0)
(1.01746 0.00777253 0)
(1.01449 0.0055595 0)
(1.01232 0.0039579 0)
(1.01074 0.0028036 0)
(1.00959 0.00197429 0)
(1.00876 0.00138009 0)
(1.00816 0.000956668 0)
(1.00773 0.000656814 0)
(1.00742 0.000446006 0)
(1.0072 0.00029891 0)
(1.00704 0.000197283 0)
(1.00692 0.000127927 0)
(1.00684 8.15011e-05 0)
(1.00679 5.13249e-05 0)
(1.00674 3.26451e-05 0)
(1.00671 2.23897e-05 0)
(1.00669 1.79191e-05 0)
(1.00668 1.8446e-05 0)
(1.00666 2.18362e-05 0)
(1.00293 0.0233458 0)
(1.01938 0.0650115 0)
(1.04986 0.0954047 0)
(1.08323 0.114381 0)
(1.11164 0.12338 0)
(1.13423 0.124448 0)
(1.1499 0.120447 0)
(1.15979 0.112015 0)
(1.16618 0.10009 0)
(1.1664 0.0876953 0)
(1.16407 0.0753572 0)
(1.15942 0.0622063 0)
(1.15318 0.0486843 0)
(1.14636 0.0354593 0)
(1.13962 0.0226786 0)
(1.1338 0.0109919 0)
(1.12933 0.000442587 0)
(1.12647 -0.00935194 0)
(1.12536 -0.0190084 0)
(1.12612 -0.0290274 0)
(1.1289 -0.0398225 0)
(1.13378 -0.0520661 0)
(1.14078 -0.0667527 0)
(1.15112 -0.0835668 0)
(1.16438 -0.103348 0)
(1.18297 -0.127711 0)
(1.20761 -0.156736 0)
(1.24011 -0.190644 0)
(1.28304 -0.229376 0)
(1.3396 -0.27208 0)
(1.41379 -0.316573 0)
(1.50996 -0.35624 0)
(1.62222 -0.37813 0)
(1.73548 -0.36856 0)
(1.83931 -0.328101 0)
(1.91956 -0.229579 0)
(1.97592 -0.0919635 0)
(1.97973 0.0420855 0)
(1.96428 0.161385 0)
(1.93156 0.264398 0)
(1.87538 0.342448 0)
(1.78912 0.387082 0)
(1.69125 0.393787 0)
(1.59126 0.371503 0)
(1.49557 0.329812 0)
(1.40947 0.278881 0)
(1.33711 0.226183 0)
(1.27869 0.177961 0)
(1.23292 0.1368 0)
(1.19784 0.103374 0)
(1.17141 0.077095 0)
(1.15174 0.056845 0)
(1.13732 0.0415431 0)
(1.12684 0.0302223 0)
(1.11916 0.0219269 0)
(1.11353 0.015818 0)
(1.10947 0.0114057 0)
(1.10651 0.00821936 0)
(1.10434 0.00590475 0)
(1.10275 0.0042294 0)
(1.10159 0.00301631 0)
(1.10074 0.00213909 0)
(1.10012 0.00150802 0)
(1.09967 0.00105659 0)
(1.09935 0.000735345 0)
(1.09911 0.000507923 0)
(1.09893 0.000347953 0)
(1.09881 0.000236418 0)
(1.09872 0.000159553 0)
(1.09865 0.000107567 0)
(1.0986 7.32805e-05 0)
(1.09857 5.21364e-05 0)
(1.09854 3.98937e-05 0)
(1.09852 3.59107e-05 0)
(1.0985 3.51443e-05 0)
(1.00169 0.0157828 0)
(1.01145 0.0455 0)
(1.03149 0.069326 0)
(1.05659 0.0860967 0)
(1.08212 0.0965318 0)
(1.106 0.101606 0)
(1.12685 0.102214 0)
(1.14407 0.0988977 0)
(1.1572 0.0924818 0)
(1.16602 0.0844012 0)
(1.17163 0.0743546 0)
(1.17482 0.0627272 0)
(1.17479 0.0505429 0)
(1.17351 0.0385099 0)
(1.17113 0.0265706 0)
(1.16832 0.01512 0)
(1.16546 0.00401136 0)
(1.16292 -0.00692972 0)
(1.16108 -0.0180011 0)
(1.16014 -0.0296244 0)
(1.1603 -0.0420804 0)
(1.16177 -0.055622 0)
(1.16439 -0.0719168 0)
(1.16939 -0.0921881 0)
(1.17732 -0.116476 0)
(1.18911 -0.145878 0)
(1.20612 -0.181523 0)
(1.23047 -0.224525 0)
(1.26529 -0.275776 0)
(1.3147 -0.335545 0)
(1.38512 -0.403036 0)
(1.48041 -0.466855 0)
(1.57936 -0.494237 0)
(1.65359 -0.469301 0)
(1.70578 -0.416138 0)
(1.7013 -0.293571 0)
(1.65442 -0.117773 0)
(1.62609 0.0421941 0)
(1.64401 0.180021 0)
(1.67507 0.3107 0)
(1.68228 0.41451 0)
(1.66045 0.477062 0)
(1.6088 0.488254 0)
(1.54648 0.464055 0)
(1.47785 0.415268 0)
(1.40913 0.353459 0)
(1.34746 0.288093 0)
(1.297 0.227394 0)
(1.25745 0.175358 0)
(1.22731 0.132875 0)
(1.2048 0.0992648 0)
(1.18818 0.0732166 0)
(1.17596 0.0533265 0)
(1.16697 0.0389108 0)
(1.16071 0.0284368 0)
(1.15607 0.0205606 0)
(1.15273 0.0148303 0)
(1.15029 0.0106832 0)
(1.14847 0.00767656 0)
(1.14714 0.00551841 0)
(1.14615 0.00396156 0)
(1.14543 0.00283449 0)
(1.1449 0.00201984 0)
(1.14452 0.00143313 0)
(1.14423 0.00101203 0)
(1.14403 0.000710745 0)
(1.14387 0.000496331 0)
(1.14376 0.000344838 0)
(1.14368 0.000238755 0)
(1.14362 0.000165484 0)
(1.14357 0.00011566 0)
(1.14354 8.33353e-05 0)
(1.14352 6.27976e-05 0)
(1.1435 5.37639e-05 0)
(1.14348 4.79426e-05 0)
(1.00107 0.0111027 0)
(1.00738 0.0325662 0)
(1.02103 0.050763 0)
(1.03933 0.0645689 0)
(1.05953 0.0740821 0)
(1.08 0.079801 0)
(1.09974 0.0822512 0)
(1.11794 0.0817422 0)
(1.13368 0.078687 0)
(1.14666 0.0736165 0)
(1.15695 0.0667627 0)
(1.16467 0.0583418 0)
(1.1696 0.0492479 0)
(1.17272 0.0390508 0)
(1.17345 0.0278755 0)
(1.17317 0.0166182 0)
(1.17223 0.00579215 0)
(1.17064 -0.00507903 0)
(1.16882 -0.0163024 0)
(1.16694 -0.0282878 0)
(1.16516 -0.0414055 0)
(1.16376 -0.0562705 0)
(1.16321 -0.0743121 0)
(1.16351 -0.096313 0)
(1.16518 -0.122979 0)
(1.1692 -0.156123 0)
(1.17689 -0.197483 0)
(1.19031 -0.248964 0)
(1.21255 -0.312665 0)
(1.24777 -0.390517 0)
(1.30303 -0.483893 0)
(1.3713 -0.55533 0)
(1.41897 -0.548146 0)
(1.30404 -0.458808 0)
(1.15734 -0.317763 0)
(0.951416 -0.108363 0)
(0.750899 -0.00436362 2.87142e-18)
(0.742663 0.0239 -1.60667e-18)
(0.842904 0.0830542 1.25101e-19)
(0.929139 0.151571 0)
(1.12702 0.325694 0)
(1.28126 0.451112 0)
(1.34856 0.499555 0)
(1.36213 0.497255 0)
(1.35267 0.466279 0)
(1.32595 0.407408 0)
(1.29284 0.337239 0)
(1.26174 0.267447 0)
(1.23658 0.206328 0)
(1.21703 0.155941 0)
(1.20228 0.116161 0)
(1.19141 0.0856052 0)
(1.1835 0.0625941 0)
(1.1778 0.0455807 0)
(1.17373 0.0328448 0)
(1.17077 0.0235848 0)
(1.16885 0.0171588 0)
(1.16748 0.0125464 0)
(1.16645 0.00911524 0)
(1.16568 0.00659008 0)
(1.16508 0.00473131 0)
(1.16462 0.00337983 0)
(1.16429 0.00240942 0)
(1.16404 0.00171515 0)
(1.16385 0.00121885 0)
(1.16371 0.000863604 0)
(1.16361 0.000609745 0)
(1.16354 0.000429032 0)
(1.16348 0.000301345 0)
(1.16344 0.000211978 0)
(1.1634 0.000150123 0)
(1.16338 0.000108825 0)
(1.16336 8.1427e-05 0)
(1.16335 6.77961e-05 0)
(1.16334 5.74565e-05 0)
(1.00075 0.00798798 0)
(1.00519 0.0235994 0)
(1.01505 0.0373169 0)
(1.02875 0.0481884 0)
(1.04459 0.0561343 0)
(1.06146 0.0614158 0)
(1.07853 0.0643001 0)
(1.09513 0.0650066 0)
(1.11055 0.0637509 0)
(1.1244 0.0607937 0)
(1.13639 0.0562505 0)
(1.14632 0.0502583 0)
(1.15406 0.0430732 0)
(1.15991 0.0348255 0)
(1.16374 0.0258967 0)
(1.16575 0.0163548 0)
(1.16623 0.00649258 0)
(1.16552 -0.00365974 0)
(1.16385 -0.0143447 0)
(1.16132 -0.0259319 0)
(1.15804 -0.0388724 0)
(1.15418 -0.0538163 0)
(1.14984 -0.0718185 0)
(1.14501 -0.0940712 0)
(1.13992 -0.12192 1.33331e-32)
(1.13515 -0.157138 -1.32401e-32)
(1.13155 -0.201966 0)
(1.13043 -0.259145 0)
(1.13384 -0.331924 0)
(1.14461 -0.423321 0)
(1.16474 -0.531686 0)
(1.15861 -0.571238 0)
(1.06812 -0.466162 1.39032e-18)
(0.814596 -0.175492 0)
(0 0 0)
(0 0 0)
(0 0 0)
(0 0 0)
(0 0 0)
(0 0 0)
(0.649839 0.0950503 0)
(0.821559 0.264422 0)
(1.00634 0.407872 0)
(1.10133 0.458075 0)
(1.15194 0.452792 0)
(1.17957 0.414451 0)
(1.18801 0.352737 0)
(1.18745 0.284051 0)
(1.18434 0.220479 0)
(1.18109 0.167273 0)
(1.1783 0.1248 0)
(1.17616 0.0919396 0)
(1.1746 0.0670313 0)
(1.17354 0.048736 0)
(1.17279 0.0352688 0)
(1.17234 0.0253055 0)
(1.17202 0.0181687 0)
(1.17184 0.0130015 0)
(1.17177 0.0094118 0)
(1.17172 0.00690386 0)
(1.17167 0.00503426 0)
(1.17162 0.00365328 0)
(1.17158 0.00263171 0)
(1.17154 0.00188334 0)
(1.1715 0.00134271 0)
(1.17147 0.000951912 0)
(1.17144 0.000673496 0)
(1.17141 0.000475726 0)
(1.17139 0.000335984 0)
(1.17138 0.000237886 0)
(1.17137 0.000169457 0)
(1.17136 0.00012315 0)
(1.17135 9.17259e-05 0)
(1.17135 7.50612e-05 0)
(1.17134 6.16292e-05 0)
(1.00057 0.00573008 0)
(1.00393 0.0169771 0)
(1.01149 0.0270794 0)
(1.02224 0.0353452 0)
(1.03503 0.0416049 0)
(1.04905 0.0459781 0)
(1.0637 0.0486513 0)
(1.07847 0.0497804 0)
(1.09277 0.0494697 0)
(1.10618 0.0478102 0)
(1.11837 0.0448511 0)
(1.12907 0.0406539 0)
(1.13809 0.0353587 0)
(1.14534 0.0290869 0)
(1.15074 0.0219872 0)
(1.15427 0.01422 0)
(1.15599 0.00597058 0)
(1.15601 -0.00276084 0)
(1.15443 -0.0121526 0)
(1.1513 -0.0225131 0)
(1.1466 -0.0342787 0)
(1.14028 -0.0481042 0)
(1.13221 -0.0649633 0)
(1.12217 -0.086057 0)
(1.10997 -0.112851 0)
(1.09547 -0.147294 0)
(1.07862 -0.191899 0)
(1.05933 -0.249666 0)
(1.03738 -0.32407 0)
(1.01418 -0.415669 0)
(0.967018 -0.502687 0)
(0.869437 -0.440708 8.94334e-19)
(0.671189 -0.182628 -5.45711e-18)
(0 0 0)
(0 0 0)
(0 0 0)
(0 0 0)
(0 0 0)
(0 0 0)
(0 0 0)
(0 0 0)
(0.56887 0.076095 0)
(0.70236 0.227378 0)
(0.853646 0.350324 0)
(0.944758 0.387278 0)
(1.01232 0.373379 0)
(1.06099 0.329032 0)
(1.09387 0.270774 0)
(1.11633 0.212762 0)
(1.1322 0.162314 0)
(1.14362 0.121354 0)
(1.15191 0.0894283 0)
(1.15794 0.065221 0)
(1.16237 0.0472847 0)
(1.16566 0.0341234 0)
(1.16805 0.0245258 0)
(1.16975 0.0176406 0)
(1.17099 0.0127064 0)
(1.17191 0.00916824 0)
(1.17259 0.00663561 0)
(1.17311 0.00479481 0)
(1.1735 0.00343833 0)
(1.17376 0.00246793 0)
(1.17393 0.00179643 0)
(1.17406 0.0012992 0)
(1.17414 0.000935335 0)
(1.1742 0.00066941 0)
(1.17424 0.000476057 0)
(1.17427 0.000338491 0)
(1.17428 0.000241072 0)
(1.17429 0.000172047 0)
(1.1743 0.00012477 0)
(1.17431 9.25823e-05 0)
(1.17431 7.50462e-05 0)
(1.17432 5.97338e-05 0)
(1.00046 0.00396961 0)
(1.00318 0.0117728 0)
(1.00931 0.0188787 0)
(1.01817 0.0248238 0)
(1.02894 0.0294454 0)
(1.041 0.0327804 0)
(1.05386 0.0349333 0)
(1.06709 0.0360182 0)
(1.08029 0.0361099 0)
(1.09302 0.0352294 0)
(1.10496 0.0333757 0)
(1.11581 0.0305598 0)
(1.1253 0.0268345 0)
(1.1332 0.022267 0)
(1.13937 0.0169752 0)
(1.14369 0.0110794 0)
(1.14608 0.00474357 0)
(1.14648 -0.00213903 0)
(1.14483 -0.00966705 0)
(1.14106 -0.018103 0)
(1.135 -0.0278306 0)
(1.1264 -0.0394211 0)
(1.11487 -0.0537092 0)
(1.09983 -0.0717969 0)
(1.08056 -0.0950978 1.75436e-33)
(1.0561 -0.125453 -1.75235e-33)
(1.0253 -0.165176 0)
(0.986241 -0.216771 0)
(0.937426 -0.282599 0)
(0.871151 -0.357715 0)
(0.770706 -0.395784 0)
(0.641327 -0.241351 0)
(0 0 0)
(0 0 0)
(0 0 0)
(0 0 0)
(0 0 0)
(0 0 0)
(0 0 0)
(0 0 0)
(0 0 0)
(0 0 0)
(0.550103 0.0874374 0)
(0.672655 0.225038 0)
(0.775039 0.290821 0)
(0.864682 0.298685 0)
(0.941165 0.271994 0)
(1.00135 0.228829 0)
(1.0473 0.182369 0)
(1.08176 0.140208 0)
(1.10728 0.105211 0)
(1.12599 0.0776381 0)
(1.13962 0.0566279 0)
(1.14953 0.041003 0)
(1.15672 0.0295397 0)
(1.16191 0.0212093 0)
(1.16565 0.015226 0)
(1.16834 0.0109379 0)
(1.17028 0.00787752 0)
(1.1717 0.00569703 0)
(1.17273 0.00412715 0)
(1.17349 0.00298431 0)
(1.17402 0.00215397 0)
(1.17441 0.00155732 0)
(1.17468 0.00111877 0)
(1.17489 0.000797905 0)
(1.17503 0.00056967 0)
(1.17512 0.000410129 0)
(1.17519 0.000293946 0)
(1.17524 0.000210857 0)
(1.17527 0.000151579 0)
(1.1753 0.000110554 0)
(1.17531 8.21417e-05 0)
(1.17533 6.59495e-05 0)
(1.17534 5.14281e-05 0)
(1.0004 0.0025064 0)
(1.00273 0.00743533 0)
(1.008 0.0119629 0)
(1.0157 0.0158074 0)
(1.02519 0.0188494 0)
(1.03598 0.0210915 0)
(1.04766 0.0225873 0)
(1.05984 0.0234014 0)
(1.07218 0.0235887 0)
(1.08434 0.023156 0)
(1.09596 0.0220802 0)
(1.10674 0.0203498 0)
(1.11637 0.0179796 0)
(1.12457 0.0150014 0)
(1.13108 0.0114848 0)
(1.13575 0.00748297 0)
(1.13838 0.00319496 0)
(1.13892 -0.00153585 0)
(1.1371 -0.00678156 0)
(1.13271 -0.012728 0)
(1.12549 -0.019672 0)
(1.11499 -0.028037 0)
(1.10055 -0.038447 0)
(1.08124 -0.0517574 0)
(1.05578 -0.0690829 0)
(1.02241 -0.0918518 0)
(0.978875 -0.121762 0)
(0.921698 -0.160369 0)
(0.848686 -0.208362 0)
(0.744312 -0.259697 0)
(0.621235 -0.258267 0)
(0.503535 -0.0580806 0)
(0 0 0)
(0 0 0)
(0 0 0)
(0 0 0)
(0 0 0)
(0 0 0)
(0 0 0)
(0 0 0)
(0 0 0)
(0 0 0)
(0.494309 0.0257301 0)
(0.553918 0.116671 0)
(0.65179 0.186556 0)
(0.753386 0.205482 0)
(0.847453 0.192665 0)
(0.92642 0.164705 0)
(0.989962 0.132676 0)
(1.03921 0.102727 0)
(1.07631 0.0774005 0)
(1.10374 0.0572288 0)
(1.12378 0.0417668 0)
(1.1383 0.0302251 0)
(1.14879 0.0217542 0)
(1.15633 0.0156081 0)
(1.16174 0.0111925 0)
(1.16563 0.0080333 0)
(1.16843 0.00577967 0)
(1.17045 0.00417206 0)
(1.17192 0.00301637 0)
(1.17298 0.00217961 0)
(1.17375 0.00157492 0)
(1.1743 0.00114044 0)
(1.1747 0.000824305 0)
(1.17498 0.000592843 0)
(1.17519 0.000425342 0)
(1.17533 0.000305436 0)
(1.17544 0.000217327 0)
(1.17551 0.000155222 0)
(1.17556 0.000111406 0)
(1.1756 8.12884e-05 0)
(1.17563 6.03282e-05 0)
(1.17565 4.77695e-05 0)
(1.17567 3.72562e-05 0)
(1.00036 0.00121432 0)
(1.00248 0.00360067 0)
(1.00729 0.00580524 0)
(1.01435 0.00769469 0)
(1.02314 0.0092045 0)
(1.03322 0.0103302 0)
(1.04423 0.0110948 0)
(1.05581 0.0115263 0)
(1.06764 0.0116528 0)
(1.07943 0.0114781 0)
(1.09082 0.0109848 0)
(1.10151 0.0101613 0)
(1.11118 0.00901069 0)
(1.1195 0.0075429 0)
(1.12617 0.00578523 0)
(1.13099 0.00373198 0)
(1.13362 0.00152504 0)
(1.1341 -0.000804943 0)
(1.13214 -0.00349404 0)
(1.12732 -0.0065687 0)
(1.11931 -0.0101894 0)
(1.10754 -0.0145799 0)
(1.09115 -0.0200759 0)
(1.06892 -0.0271453 0)
(1.03916 -0.0364 7.32598e-33)
(0.99953 -0.0486114 -7.37771e-33)
(0.946967 -0.0646395 0)
(0.877107 -0.0851809 0)
(0.787093 -0.11024 0)
(0.662686 -0.134788 0)
(0.552906 -0.12359 1.30494e-16)
(0 0 0)
(0 0 0)
(0 0 0)
(0 0 0)
(0 0 0)
(0 0 0)
(0 0 0)
(0 0 0)
(0 0 0)
(0 0 0)
(0 0 0)
(0.48997 0.00289077 2.79294e-18)
(0.510053 0.0437041 1.17316e-17)
(0.583888 0.0889503 0)
(0.68449 0.103714 0)
(0.788808 0.0996873 0)
(0.87844 0.0861676 0)
(0.952824 0.0698049 0)
(1.01128 0.0542567 0)
(1.0558 0.0409703 0)
(1.08892 0.0303315 0)
(1.11318 0.0221512 0)
(1.13078 0.0160293 0)
(1.14345 0.011532 0)
(1.15255 0.00827037 0)
(1.15907 0.00592705 0)
(1.16375 0.00425169 0)
(1.16711 0.00305676 0)
(1.16953 0.00220418 0)
(1.17127 0.00159242 0)
(1.17254 0.00115071 0)
(1.17345 0.000831776 0)
(1.17411 0.000602156 0)
(1.17459 0.000435233 0)
(1.17493 0.000313537 0)
(1.17518 0.000225547 0)
(1.17535 0.000162387 0)
(1.17548 0.000116572 0)
(1.17557 8.33299e-05 0)
(1.17563 5.97685e-05 0)
(1.17568 4.3344e-05 0)
(1.17572 3.19519e-05 0)
(1.17574 2.43769e-05 0)
(1.17577 1.8272e-05 0)
(1.00035 3.32459e-06 0)
(1.00237 3.57729e-06 0)
(1.00705 5.01295e-06 0)
(1.01392 6.21081e-06 0)
(1.02248 7.37018e-06 0)
(1.03233 8.27825e-06 0)
(1.04313 8.83453e-06 0)
(1.05452 8.86497e-06 0)
(1.06618 8.29271e-06 0)
(1.07784 7.02978e-06 0)
(1.08915 5.1634e-06 0)
(1.09981 2.81981e-06 0)
(1.10948 2.85466e-07 0)
(1.11785 -2.2022e-06 0)
(1.12458 -4.3384e-06 0)
(1.12946 -5.98716e-06 0)
(1.13216 -6.91587e-06 0)
(1.13236 -6.98269e-06 0)
(1.13038 -6.64063e-06 0)
(1.12544 -5.67561e-06 0)
(1.11717 -4.037e-06 0)
(1.10495 -1.77811e-06 0)
(1.08787 1.22411e-06 0)
(1.06461 4.89485e-06 0)
(1.03333 9.08924e-06 0)
(0.991477 1.13151e-05 0)
(0.935743 1.02888e-05 0)
(0.861476 -8.12612e-06 0)
(0.765872 -2.53289e-05 0)
(0.631451 -4.52684e-05 0)
(0.533959 -3.85601e-05 0)
(0 0 0)
(0 0 0)
(0 0 0)
(0 0 0)
(0 0 0)
(0 0 0)
(0 0 0)
(0 0 0)
(0 0 0)
(0 0 0)
(0 0 0)
(0 0 0)
(0.499806 0.000136277 0)
(0.562564 1.69325e-06 0)
(0.660918 0.000116749 0)
(0.768473 7.82782e-05 0)
(0.861544 3.80573e-05 0)
(0.940101 2.34731e-05 0)
(1.00167 1.72066e-05 0)
(1.04868 1.14654e-05 0)
(1.08377 6.17903e-06 0)
(1.10949 3.3668e-06 0)
(1.12814 1.64961e-06 0)
(1.14158 7.88469e-07 0)
(1.15123 5.23641e-07 0)
(1.15813 5.75354e-07 0)
(1.16308 7.61545e-07 0)
(1.16664 9.66692e-07 0)
(1.16919 1.13015e-06 0)
(1.17104 1.22008e-06 0)
(1.17237 1.23473e-06 0)
(1.17333 1.18645e-06 0)
(1.17403 1.08553e-06 0)
(1.17453 9.44663e-07 0)
(1.1749 7.70571e-07 0)
(1.17516 5.67028e-07 0)
(1.17535 3.40938e-07 0)
(1.17548 9.12664e-08 0)
(1.17558 -1.64607e-07 0)
(1.17565 -4.30204e-07 0)
(1.1757 -6.99812e-07 0)
(1.17573 -9.88531e-07 0)
(1.17576 -1.26186e-06 0)
(1.17579 -1.64466e-06 0)
(1.00036 -0.00120769 0)
(1.00248 -0.00359347 0)
(1.00729 -0.00579518 0)
(1.01435 -0.00768229 0)
(1.02314 -0.0091898 0)
(1.03322 -0.0103137 0)
(1.04423 -0.0110772 0)
(1.05581 -0.0115088 0)
(1.06764 -0.0116365 0)
(1.07943 -0.0114643 0)
(1.09082 -0.0109747 0)
(1.10151 -0.0101558 0)
(1.11118 -0.00901021 0)
(1.11951 -0.00754731 0)
(1.12618 -0.00579386 0)
(1.131 -0.00374385 0)
(1.13363 -0.00153884 0)
(1.1341 0.000790704 0)
(1.13214 0.00348052 0)
(1.12733 0.00655709 0)
(1.11932 0.0101809 0)
(1.10754 0.0145757 0)
(1.09115 0.0200773 0)
(1.06893 0.0271537 0)
(1.03917 0.0364161 0)
(0.999548 0.0486329 0)
(0.946986 0.0646559 0)
(0.877141 0.0851806 0)
(0.787109 0.11018 0)
(0.662723 0.134695 0)
(0.552891 0.123552 -1.305e-16)
(0 0 0)
(0 0 0)
(0 0 0)
(0 0 0)
(0 0 0)
(0 0 0)
(0 0 0)
(0 0 0)
(0 0 0)
(0 0 0)
(0 0 0)
(0.487623 -0.00403658 -3.20895e-18)
(0.51001 -0.044302 -1.18303e-17)
(0.583176 -0.088947 0)
(0.684349 -0.103621 0)
(0.788709 -0.0995999 0)
(0.878361 -0.0861044 0)
(0.952801 -0.0697652 0)
(1.01127 -0.0542314 0)
(1.05579 -0.0409529 0)
(1.08892 -0.03032 0)
(1.11319 -0.0221454 0)
(1.13078 -0.0160264 0)
(1.14345 -0.0115305 0)
(1.15255 -0.00826921 0)
(1.15907 -0.00592577 0)
(1.16375 -0.00425002 0)
(1.16711 -0.00305474 0)
(1.16953 -0.00220184 0)
(1.17127 -0.00158995 0)
(1.17254 -0.00114821 0)
(1.17345 -0.000829404 0)
(1.17411 -0.000599977 0)
(1.17459 -0.000433366 0)
(1.17493 -0.000312012 0)
(1.17517 -0.00022444 0)
(1.17535 -0.000161725 0)
(1.17548 -0.00011641 0)
(1.17557 -8.36714e-05 0)
(1.17563 -6.06381e-05 0)
(1.17568 -4.47401e-05 0)
(1.17572 -3.3921e-05 0)
(1.17574 -2.69324e-05 0)
(1.17577 -2.15913e-05 0)
(1.0004 -0.00249991 0)
(1.00273 -0.00742825 0)
(1.008 -0.011953 0)
(1.0157 -0.0157952 0)
(1.02519 -0.018835 0)
(1.03598 -0.0210754 0)
(1.04766 -0.0225702 0)
(1.05984 -0.0233844 0)
(1.07218 -0.0235731 0)
(1.08434 -0.0231429 0)
(1.09596 -0.0220708 0)
(1.10675 -0.0203448 0)
(1.11638 -0.0179794 0)
(1.12458 -0.0150058 0)
(1.13109 -0.0114933 0)
(1.13576 -0.00749469 0)
(1.13839 -0.00320876 0)
(1.13893 0.00152157 0)
(1.1371 0.00676775 0)
(1.13271 0.0127158 0)
(1.12549 0.0196624 0)
(1.115 0.028031 0)
(1.10056 0.0384454 0)
(1.08126 0.0517612 0)
(1.0558 0.0690923 0)
(1.02244 0.0918649 0)
(0.978922 0.121767 0)
(0.921756 0.160357 0)
(0.848767 0.208298 0)
(0.744261 0.259619 0)
(0.621156 0.258094 0)
(0.506913 0.0567422 0)
(0 0 0)
(0 0 0)
(0 0 0)
(0 0 0)
(0 0 0)
(0 0 0)
(0 0 0)
(0 0 0)
(0 0 0)
(0 0 0)
(0.493551 -0.0254127 0)
(0.55399 -0.116643 0)
(0.651728 -0.186577 0)
(0.753294 -0.205503 0)
(0.847407 -0.192663 0)
(0.926393 -0.164678 0)
(0.98995 -0.132658 0)
(1.03921 -0.102712 0)
(1.07631 -0.0773899 0)
(1.10374 -0.0572218 0)
(1.12378 -0.0417624 0)
(1.13831 -0.0302224 0)
(1.14879 -0.0217522 0)
(1.15633 -0.0156064 0)
(1.16175 -0.0111906 0)
(1.16563 -0.00803116 0)
(1.16843 -0.00577729 0)
(1.17045 -0.00416951 0)
(1.17192 -0.00301376 0)
(1.17298 -0.00217705 0)
(1.17375 -0.00157251 0)
(1.1743 -0.00113828 0)
(1.1747 -0.000822461 0)
(1.17498 -0.000591391 0)
(1.17519 -0.00042429 0)
(1.17533 -0.00030484 0)
(1.17543 -0.000217221 0)
(1.17551 -0.000155609 0)
(1.17556 -0.000112291 0)
(1.1756 -8.27111e-05 0)
(1.17563 -6.22944e-05 0)
(1.17565 -5.02899e-05 0)
(1.17567 -4.04855e-05 0)
(1.00046 -0.00396338 0)
(1.00318 -0.011766 0)
(1.00931 -0.0188692 0)
(1.01817 -0.024812 0)
(1.02894 -0.0294315 0)
(1.041 -0.0327649 0)
(1.05386 -0.034917 0)
(1.06709 -0.0360022 0)
(1.08029 -0.0360953 0)
(1.09303 -0.0352173 0)
(1.10497 -0.033367 0)
(1.11582 -0.0305553 0)
(1.1253 -0.0268345 0)
(1.13321 -0.0222715 0)
(1.13938 -0.0169836 0)
(1.1437 -0.011091 0)
(1.14608 -0.00475696 0)
(1.14649 0.00212481 0)
(1.14484 0.00965304 0)
(1.14107 0.0180901 0)
(1.13501 0.0278197 0)
(1.12641 0.0394128 0)
(1.11488 0.0537037 0)
(1.09985 0.0717942 0)
(1.08059 0.0950973 0)
(1.05614 0.125451 0)
(1.02535 0.165166 0)
(0.986303 0.216747 0)
(0.937502 0.282554 0)
(0.87118 0.35768 0)
(0.770682 0.395843 0)
(0.641435 0.241567 0)
(0 0 0)
(0 0 0)
(0 0 0)
(0 0 0)
(0 0 0)
(0 0 0)
(0 0 0)
(0 0 0)
(0 0 0)
(0 0 0)
(0.55004 -0.0872375 0)
(0.67274 -0.225074 0)
(0.774965 -0.290749 0)
(0.864713 -0.298675 0)
(0.941159 -0.271998 0)
(1.00136 -0.228813 0)
(1.04731 -0.182358 0)
(1.08177 -0.140197 0)
(1.10729 -0.105201 0)
(1.12599 -0.0776304 0)
(1.13963 -0.0566221 0)
(1.14954 -0.0409987 0)
(1.15673 -0.0295361 0)
(1.16192 -0.0212062 0)
(1.16565 -0.015223 0)
(1.16834 -0.0109349 0)
(1.17028 -0.00787452 0)
(1.1717 -0.00569411 0)
(1.17273 -0.0041243 0)
(1.17349 -0.00298167 0)
(1.17402 -0.00215151 0)
(1.17441 -0.00155516 0)
(1.17468 -0.001117 0)
(1.17489 -0.000796547 0)
(1.17503 -0.000568702 0)
(1.17512 -0.000409637 0)
(1.17519 -0.000293912 0)
(1.17524 -0.000211305 0)
(1.17527 -0.000152511 0)
(1.1753 -0.000111977 0)
(1.17531 -8.4076e-05 0)
(1.17533 -6.84095e-05 0)
(1.17534 -5.4556e-05 0)
(1.00057 -0.00572424 0)
(1.00394 -0.0169707 0)
(1.01149 -0.0270705 0)
(1.02224 -0.0353342 0)
(1.03503 -0.041592 0)
(1.04905 -0.0459637 0)
(1.06371 -0.0486362 0)
(1.07848 -0.0497657 0)
(1.09278 -0.0494563 0)
(1.10619 -0.0477992 0)
(1.11838 -0.0448433 0)
(1.12908 -0.04065 0)
(1.1381 -0.0353589 0)
(1.14535 -0.0290914 0)
(1.15075 -0.0219953 0)
(1.15428 -0.0142312 0)
(1.156 -0.00598351 0)
(1.15602 0.00274698 0)
(1.15444 0.0121387 0)
(1.15131 0.0224999 0)
(1.14661 0.034267 0)
(1.14029 0.0480941 0)
(1.13222 0.0649545 0)
(1.12219 0.086049 0)
(1.10999 0.112842 0)
(1.0955 0.147281 0)
(1.07866 0.191878 0)
(1.05936 0.249631 0)
(1.03746 0.324044 0)
(1.01412 0.415655 0)
(0.967152 0.502554 0)
(0.869537 0.440728 -8.94547e-19)
(0.67113 0.182693 5.45561e-18)
(0 0 0)
(0 0 0)
(0 0 0)
(0 0 0)
(0 0 0)
(0 0 0)
(0 0 0)
(0 0 0)
(0.568875 -0.0760486 0)
(0.702432 -0.227352 0)
(0.85358 -0.350248 0)
(0.944838 -0.38727 0)
(1.01233 -0.373398 0)
(1.06101 -0.329025 0)
(1.09389 -0.270755 0)
(1.11634 -0.212746 0)
(1.13221 -0.162301 0)
(1.14363 -0.121342 0)
(1.15192 -0.0894186 0)
(1.15795 -0.0652133 0)
(1.16238 -0.0472783 0)
(1.16567 -0.0341179 0)
(1.16805 -0.0245209 0)
(1.16975 -0.0176362 0)
(1.171 -0.0127024 0)
(1.17191 -0.00916459 0)
(1.17259 -0.00663222 0)
(1.1731 -0.00479175 0)
(1.1735 -0.00343556 0)
(1.17376 -0.00246545 0)
(1.17393 -0.00179431 0)
(1.17406 -0.00129748 0)
(1.17414 -0.000934043 0)
(1.1742 -0.000668608 0)
(1.17424 -0.000475667 0)
(1.17426 -0.000338552 0)
(1.17428 -0.00024158 0)
(1.17429 -0.000173021 0)
(1.1743 -0.000126206 0)
(1.17431 -9.44786e-05 0)
(1.17431 -7.74177e-05 0)
(1.17432 -6.27198e-05 0)
(1.00075 -0.00798267 0)
(1.00519 -0.0235936 0)
(1.01506 -0.0373089 0)
(1.02875 -0.0481785 0)
(1.04459 -0.0561226 0)
(1.06146 -0.0614028 0)
(1.07854 -0.0642866 0)
(1.09514 -0.0649934 0)
(1.11056 -0.0637391 0)
(1.12441 -0.060784 0)
(1.1364 -0.0562437 0)
(1.14633 -0.0502551 0)
(1.15408 -0.0430739 0)
(1.15992 -0.03483 0)
(1.16376 -0.0259045 0)
(1.16577 -0.0163652 0)
(1.16624 -0.0065048 0)
(1.16553 0.00364661 0)
(1.16386 0.0143314 0)
(1.16133 0.0259191 0)
(1.15805 0.0388606 0)
(1.15418 0.0538055 0)
(1.14985 0.0718082 0)
(1.14502 0.0940605 0)
(1.13993 0.121907 0)
(1.13516 0.157121 0)
(1.13156 0.201941 0)
(1.13045 0.259109 0)
(1.13383 0.331903 0)
(1.14468 0.423256 0)
(1.16467 0.531744 0)
(1.15867 0.571309 0)
(1.06838 0.466176 -1.39065e-18)
(0.814509 0.175404 0)
(0 0 0)
(0 0 0)
(0 0 0)
(0 0 0)
(0 0 0)
(0 0 0)
(0.649738 -0.0951005 0)
(0.821475 -0.264353 1.60771e-18)
(1.00642 -0.407929 0)
(1.10133 -0.458079 0)
(1.15198 -0.4528 0)
(1.17959 -0.414435 0)
(1.18802 -0.352729 0)
(1.18746 -0.284035 0)
(1.18435 -0.220463 0)
(1.18109 -0.167258 0)
(1.17831 -0.124788 0)
(1.17617 -0.0919287 0)
(1.17461 -0.0670218 0)
(1.17354 -0.0487276 0)
(1.1728 -0.0352613 0)
(1.17235 -0.0252989 0)
(1.17202 -0.018163 0)
(1.17183 -0.0129966 0)
(1.17177 -0.00940757 0)
(1.17172 -0.00690015 0)
(1.17167 -0.00503103 0)
(1.17162 -0.00365045 0)
(1.17158 -0.0026293 0)
(1.17154 -0.0018813 0)
(1.1715 -0.00134109 0)
(1.17147 -0.000950733 0)
(1.17144 -0.000672772 0)
(1.17141 -0.000475444 0)
(1.17139 -0.000336131 0)
(1.17138 -0.000238463 0)
(1.17137 -0.000170454 0)
(1.17136 -0.000124579 0)
(1.17135 -9.35646e-05 0)
(1.17135 -7.73274e-05 0)
(1.17134 -6.44135e-05 0)
(1.00107 -0.011098 0)
(1.00738 -0.032561 0)
(1.02103 -0.0507559 0)
(1.03933 -0.0645601 0)
(1.05953 -0.0740719 0)
(1.08001 -0.0797898 0)
(1.09975 -0.0822396 0)
(1.11795 -0.081731 0)
(1.13369 -0.0786769 0)
(1.14667 -0.0736084 0)
(1.15696 -0.066757 0)
(1.16469 -0.0583394 0)
(1.16962 -0.049249 0)
(1.17274 -0.0390551 0)
(1.17346 -0.0278828 0)
(1.17318 -0.0166276 0)
(1.17224 -0.00580292 0)
(1.17065 0.00506751 0)
(1.16883 0.0162905 0)
(1.16694 0.0282762 0)
(1.16517 0.0413949 0)
(1.16376 0.0562601 0)
(1.16322 0.0743013 0)
(1.16352 0.0963022 0)
(1.16519 0.122966 0)
(1.1692 0.156106 0)
(1.17689 0.197461 0)
(1.1903 0.248936 0)
(1.21254 0.312636 0)
(1.24772 0.390492 0)
(1.30304 0.483893 0)
(1.37123 0.555287 0)
(1.41882 0.547998 0)
(1.30468 0.458896 0)
(1.15685 0.317828 0)
(0.951321 0.108369 0)
(0.750819 0.00444911 -2.82583e-18)
(0.742663 -0.0238881 3.23451e-18)
(0.842884 -0.0830631 5.07661e-18)
(0.929114 -0.151593 0)
(1.12707 -0.325725 0)
(1.28118 -0.451018 0)
(1.34857 -0.499598 0)
(1.36212 -0.497257 0)
(1.35266 -0.466277 0)
(1.32596 -0.407393 0)
(1.29284 -0.337225 0)
(1.26174 -0.26743 0)
(1.23658 -0.206311 0)
(1.21704 -0.155926 0)
(1.20228 -0.116148 0)
(1.19142 -0.0855931 0)
(1.18351 -0.0625829 0)
(1.1778 -0.0455706 0)
(1.17373 -0.0328361 0)
(1.17077 -0.0235773 0)
(1.16885 -0.0171524 0)
(1.16748 -0.0125411 0)
(1.16645 -0.00911066 0)
(1.16568 -0.00658624 0)
(1.16508 -0.00472803 0)
(1.16462 -0.00337705 0)
(1.16429 -0.00240707 0)
(1.16404 -0.00171322 0)
(1.16385 -0.00121734 0)
(1.16371 -0.000862545 0)
(1.16361 -0.000609117 0)
(1.16353 -0.000428847 0)
(1.16348 -0.000301562 0)
(1.16344 -0.000212605 0)
(1.1634 -0.000151124 0)
(1.16338 -0.000110219 0)
(1.16336 -8.31636e-05 0)
(1.16335 -6.99176e-05 0)
(1.16334 -5.99651e-05 0)
(1.00169 -0.0157798 0)
(1.01145 -0.0454947 0)
(1.03149 -0.0693198 0)
(1.05659 -0.0860891 0)
(1.08213 -0.0965231 0)
(1.10601 -0.101597 0)
(1.12686 -0.102205 0)
(1.14408 -0.0988886 0)
(1.15721 -0.0924735 0)
(1.16603 -0.0843946 0)
(1.17165 -0.0743507 0)
(1.17484 -0.0627259 0)
(1.17481 -0.0505444 0)
(1.17353 -0.0385143 0)
(1.17114 -0.0265771 0)
(1.16833 -0.0151279 0)
(1.16547 -0.00402004 0)
(1.16294 0.00692026 0)
(1.16108 0.0179912 0)
(1.16015 0.0296147 0)
(1.16031 0.0420718 0)
(1.16177 0.055614 0)
(1.16439 0.0719078 0)
(1.16938 0.0921782 0)
(1.17731 0.116465 -6.40648e-33)
(1.1891 0.145865 6.34566e-33)
(1.20611 0.181506 0)
(1.23045 0.224504 0)
(1.26525 0.275761 0)
(1.31466 0.335523 0)
(1.38506 0.403026 0)
(1.48044 0.466871 0)
(1.57932 0.494205 0)
(1.65319 0.469464 0)
(1.70585 0.416036 0)
(1.70141 0.293513 0)
(1.65444 0.117753 0)
(1.62605 -0.0421894 0)
(1.64398 -0.179999 0)
(1.67504 -0.310678 0)
(1.68223 -0.41457 0)
(1.66044 -0.476931 0)
(1.6088 -0.488298 0)
(1.54648 -0.464074 0)
(1.47784 -0.415264 0)
(1.40912 -0.353444 0)
(1.34745 -0.288077 0)
(1.297 -0.227379 0)
(1.25744 -0.175343 0)
(1.2273 -0.132861 0)
(1.2048 -0.0992508 0)
(1.18818 -0.0732033 0)
(1.17595 -0.0533147 0)
(1.16697 -0.0389002 0)
(1.1607 -0.0284278 0)
(1.15606 -0.0205529 0)
(1.15273 -0.014824 0)
(1.15029 -0.0106779 0)
(1.14847 -0.00767228 0)
(1.14713 -0.00551477 0)
(1.14615 -0.00395855 0)
(1.14543 -0.00283192 0)
(1.1449 -0.00201773 0)
(1.14452 -0.00143138 0)
(1.14423 -0.00101071 0)
(1.14403 -0.000709811 0)
(1.14387 -0.000495828 0)
(1.14376 -0.000344719 0)
(1.14368 -0.000239032 0)
(1.14362 -0.000166118 0)
(1.14357 -0.000116629 0)
(1.14354 -8.46381e-05 0)
(1.14352 -6.43792e-05 0)
(1.1435 -5.56178e-05 0)
(1.14348 -5.01287e-05 0)
(1.00293 -0.0233434 0)
(1.01938 -0.0650071 0)
(1.04986 -0.0953995 0)
(1.08324 -0.114375 0)
(1.11164 -0.123373 0)
(1.13424 -0.124441 0)
(1.14991 -0.120439 0)
(1.1598 -0.112008 0)
(1.16619 -0.100084 0)
(1.16642 -0.0876904 0)
(1.16409 -0.0753545 0)
(1.15944 -0.0622059 0)
(1.15319 -0.0486861 0)
(1.14638 -0.0354632 0)
(1.13964 -0.0226841 0)
(1.13381 -0.0109982 0)
(1.12934 -0.000449454 0)
(1.12648 0.00934491 0)
(1.12537 0.0190012 0)
(1.12613 0.0290204 0)
(1.1289 0.039816 0)
(1.13377 0.0520595 0)
(1.14078 0.0667458 0)
(1.15111 0.0835599 0)
(1.16437 0.103341 0)
(1.18296 0.127701 0)
(1.20758 0.156725 0)
(1.24008 0.190631 0)
(1.28301 0.229365 0)
(1.33956 0.272079 0)
(1.41373 0.316553 0)
(1.50993 0.356238 0)
(1.62215 0.378175 0)
(1.73553 0.368616 0)
(1.83934 0.328084 0)
(1.91955 0.229521 0)
(1.97587 0.0919768 0)
(1.97969 -0.0420559 0)
(1.96425 -0.161386 0)
(1.93154 -0.264387 0)
(1.87534 -0.342459 0)
(1.7891 -0.387097 0)
(1.69125 -0.393798 0)
(1.59124 -0.371499 0)
(1.49555 -0.329803 0)
(1.40945 -0.27887 0)
(1.33709 -0.226175 0)
(1.27867 -0.177947 0)
(1.2329 -0.136788 0)
(1.19782 -0.103361 0)
(1.1714 -0.0770814 0)
(1.15172 -0.0568321 0)
(1.13731 -0.0415317 0)
(1.12683 -0.0302126 0)
(1.11915 -0.0219188 0)
(1.11353 -0.0158113 0)
(1.10947 -0.0114002 0)
(1.10651 -0.00821493 0)
(1.10433 -0.0059011 0)
(1.10275 -0.00422636 0)
(1.10159 -0.00301374 0)
(1.10074 -0.00213691 0)
(1.10012 -0.0015062 0)
(1.09967 -0.00105513 0)
(1.09935 -0.000734228 0)
(1.09911 -0.00050717 0)
(1.09893 -0.00034755 0)
(1.09881 -0.000236371 0)
(1.09872 -0.000159836 0)
(1.09865 -0.000108168 0)
(1.0986 -7.41436e-05 0)
(1.09857 -5.32708e-05 0)
(1.09854 -4.12266e-05 0)
(1.09852 -3.74468e-05 0)
(1.0985 -3.69324e-05 0)
(1.00546 -0.0376779 0)
(1.0348 -0.0954695 0)
(1.07819 -0.131078 0)
(1.11187 -0.145749 0)
(1.13091 -0.146783 0)
(1.14372 -0.139271 0)
(1.14509 -0.127797 0)
(1.14035 -0.114845 0)
(1.13054 -0.100118 0)
(1.11728 -0.083841 0)
(1.10216 -0.067392 0)
(1.08673 -0.0518018 0)
(1.07256 -0.0377481 0)
(1.0604 -0.0253141 0)
(1.05072 -0.0143971 0)
(1.04381 -0.00492651 0)
(1.03964 0.00332998 0)
(1.03805 0.0108463 0)
(1.0389 0.0183426 0)
(1.04225 0.026068 0)
(1.04818 0.0344317 0)
(1.05681 0.043939 0)
(1.06852 0.0551632 0)
(1.08407 0.0685012 0)
(1.10368 0.0843684 0)
(1.1285 0.102986 0)
(1.15977 0.124638 0)
(1.19902 0.149303 0)
(1.248 0.176442 0)
(1.3087 0.204749 0)
(1.38312 0.231803 0)
(1.47298 0.253208 0)
(1.57658 0.26121 0)
(1.68639 0.248039 0)
(1.79217 0.209842 0)
(1.88069 0.14254 0)
(1.94329 0.0515359 0)
(1.96079 -0.0445057 0)
(1.94363 -0.136407 0)
(1.89914 -0.215896 0)
(1.82786 -0.270679 0)
(1.72918 -0.294428 0)
(1.62052 -0.291506 0)
(1.51124 -0.268712 0)
(1.40943 -0.234233 0)
(1.3205 -0.19545 0)
(1.24649 -0.157458 0)
(1.18722 -0.123372 0)
(1.1411 -0.0945958 0)
(1.10593 -0.0713507 0)
(1.07949 -0.0531357 0)
(1.05984 -0.0391366 0)
(1.04541 -0.0285727 0)
(1.03489 -0.0207692 0)
(1.02718 -0.0150406 0)
(1.02154 -0.010828 0)
(1.01745 -0.00776843 0)
(1.01448 -0.00555622 0)
(1.01231 -0.00395523 0)
(1.01074 -0.00280136 0)
(1.00959 -0.00197238 0)
(1.00876 -0.00137842 0)
(1.00816 -0.000955279 0)
(1.00773 -0.00065567 0)
(1.00742 -0.000445168 0)
(1.0072 -0.000298332 0)
(1.00704 -0.000197007 0)
(1.00692 -0.000127907 0)
(1.00684 -8.17571e-05 0)
(1.00678 -5.17966e-05 0)
(1.00674 -3.3329e-05 0)
(1.00671 -2.32309e-05 0)
(1.00669 -1.89158e-05 0)
(1.00668 -1.95718e-05 0)
(1.00666 -2.31648e-05 0)
(1.01268 -0.0739847 0)
(1.05984 -0.148373 0)
(1.0968 -0.166647 0)
(1.10916 -0.163657 0)
(1.10286 -0.154653 0)
(1.08555 -0.139312 0)
(1.05969 -0.11871 0)
(1.02821 -0.0968386 0)
(0.995249 -0.0767096 0)
(0.96462 -0.0594312 0)
(0.937811 -0.0447632 0)
(0.915517 -0.0323354 0)
(0.897917 -0.0218674 0)
(0.884802 -0.0130948 0)
(0.875853 -0.0057673 0)
(0.870718 0.000282543 0)
(0.868929 0.00530701 0)
(0.869961 0.0101129 0)
(0.87373 0.0148552 0)
(0.880179 0.0197933 0)
(0.889391 0.0252711 0)
(0.901598 0.0316396 0)
(0.917234 0.0392472 0)
(0.936917 0.0483463 0)
(0.961322 0.0591085 0)
(0.991313 0.0716625 0)
(1.02792 0.0860592 0)
(1.07227 0.102094 0)
(1.12549 0.119159 0)
(1.18855 0.136081 0)
(1.26201 0.15091 0)
(1.34558 0.160662 0)
(1.43696 0.160979 0)
(1.53095 0.147348 0)
(1.61954 0.11721 0)
(1.6933 0.0691471 0)
(1.73981 0.0102723 0)
(1.75219 -0.0471254 0)
(1.73115 -0.102764 0)
(1.67734 -0.148542 0)
(1.59633 -0.177263 0)
(1.49793 -0.186456 0)
(1.3929 -0.179738 0)
(1.29002 -0.162294 0)
(1.19693 -0.139483 0)
(1.11683 -0.115259 0)
(1.05085 -0.0922529 0)
(0.998343 -0.0719499 0)
(0.957625 -0.0549765 0)
(0.926647 -0.0413434 0)
(0.903401 -0.0306927 0)
(0.88615 -0.0225303 0)
(0.873475 -0.016387 0)
(0.864213 -0.0118439 0)
(0.857456 -0.00851298 0)
(0.852542 -0.00607717 0)
(0.848984 -0.00431285 0)
(0.846412 -0.0030432 0)
(0.844554 -0.00213213 0)
(0.843218 -0.00148188 0)
(0.842259 -0.00101995 0)
(0.841575 -0.000693413 0)
(0.841088 -0.000464191 0)
(0.840744 -0.000304901 0)
(0.840502 -0.00019548 0)
(0.840333 -0.000121503 0)
(0.840215 -7.22557e-05 0)
(0.840135 -4.02845e-05 0)
(0.840079 -2.02317e-05 0)
(0.840042 -8.51846e-06 0)
(0.840016 -2.56067e-06 0)
(0.839998 -8.3457e-07 0)
(0.839984 -2.05099e-06 0)
(0.839974 -5.61233e-06 0)
(0.839959 -1.14011e-05 0)
(1.01388 -0.12225 0)
(1.051 -0.18764 0)
(1.03806 -0.17879 0)
(0.989014 -0.157794 0)
(0.924901 -0.128983 0)
(0.857462 -0.0973497 0)
(0.797223 -0.0709326 0)
(0.745184 -0.0510384 0)
(0.702375 -0.0365241 0)
(0.668528 -0.0258928 0)
(0.642564 -0.0178979 0)
(0.623384 -0.0117339 0)
(0.609932 -0.00691057 0)
(0.601231 -0.00308501 0)
(0.596497 -6.52864e-05 0)
(0.595061 0.00223103 0)
(0.596197 0.00442134 0)
(0.59977 0.00651197 0)
(0.605602 0.0086348 0)
(0.613713 0.0109672 0)
(0.624275 0.0136724 0)
(0.637617 0.01691 0)
(0.654226 0.0208329 0)
(0.674732 0.0255546 0)
(0.699866 0.0311661 0)
(0.730437 0.0377098 0)
(0.767294 0.0451437 0)
(0.811253 0.0532758 0)
(0.862972 0.0616802 0)
(0.922745 0.0696036 0)
(0.990212 0.0758723 0)
(1.06393 0.0788298 0)
(1.14097 0.0762879 0)
(1.21641 0.0661215 0)
(1.28273 0.0473172 0)
(1.33194 0.0204273 0)
(1.35466 -0.008325 0)
(1.35083 -0.0368924 0)
(1.31821 -0.0630079 0)
(1.25927 -0.0818853 0)
(1.1807 -0.0909834 0)
(1.09187 -0.0905193 0)
(1.00156 -0.0832711 0)
(0.917844 -0.0726221 0)
(0.844242 -0.0609421 0)
(0.782271 -0.0495415 0)
(0.731969 -0.0392036 0)
(0.692292 -0.0303272 0)
(0.661692 -0.0230229 0)
(0.638502 -0.017206 0)
(0.621162 -0.0126838 0)
(0.608343 -0.00923259 0)
(0.598959 -0.00664603 0)
(0.592138 -0.0047402 0)
(0.587204 -0.00335067 0)
(0.583653 -0.00234399 0)
(0.581114 -0.0016224 0)
(0.579306 -0.00110954 0)
(0.578025 -0.000747783 0)
(0.577125 -0.000495034 0)
(0.576496 -0.00032004 0)
(0.57606 -0.000200043 0)
(0.575762 -0.000118877 0)
(0.575561 -6.50695e-05 0)
(0.575427 -3.03654e-05 0)
(0.575339 -8.89257e-06 0)
(0.575284 3.62798e-06 0)
(0.575249 1.02524e-05 0)
(0.575229 1.2961e-05 0)
(0.575217 1.31238e-05 0)
(0.575211 1.1739e-05 0)
(0.575208 9.27228e-06 0)
(0.575205 5.80725e-06 0)
(0.575203 1.69816e-06 0)
(0.575195 -3.66352e-06 0)
(0.792645 -0.0207494 0)
(0.749514 -0.0857653 0)
(0.648206 -0.0835148 0)
(0.51529 -0.0487287 0)
(0.419179 -0.0246566 0)
(0.35621 -0.0133443 0)
(0.312488 -0.00728262 0)
(0.281387 -0.00385728 0)
(0.259571 -0.00199947 0)
(0.244353 -0.00101498 0)
(0.233784 -0.000450472 0)
(0.226679 -9.29102e-05 0)
(0.222252 0.000163161 0)
(0.219966 0.000367641 0)
(0.219437 0.000551689 0)
(0.220152 0.000757694 0)
(0.222018 0.000956726 0)
(0.225008 0.00116799 0)
(0.229087 0.00142605 0)
(0.23434 0.0017447 0)
(0.240937 0.00214015 0)
(0.249133 0.00263358 0)
(0.259271 0.00324794 0)
(0.271777 0.00400038 0)
(0.287138 0.00490608 0)
(0.305884 0.00596519 0)
(0.328551 0.00715838 0)
(0.355619 0.00843197 0)
(0.387402 0.00967729 0)
(0.423876 0.0107098 0)
(0.464451 0.0112566 0)
(0.507676 0.0109492 0)
(0.551101 0.00936552 0)
(0.59083 0.00630931 0)
(0.62254 0.00214284 0)
(0.640004 -0.00267891 0)
(0.641145 -0.00734183 0)
(0.627507 -0.01185 0)
(0.597997 -0.0145478 0)
(0.556261 -0.0153338 0)
(0.507753 -0.0145428 0)
(0.457741 -0.0126281 0)
(0.410787 -0.0104126 0)
(0.369236 -0.00840101 0)
(0.333871 -0.00664644 0)
(0.304754 -0.00514038 0)
(0.281458 -0.00389091 0)
(0.263266 -0.00288444 0)
(0.249352 -0.00209365 0)
(0.238898 -0.00148651 0)
(0.231164 -0.00102964 0)
(0.225525 -0.000692548 0)
(0.221468 -0.000450004 0)
(0.218584 -0.000280134 0)
(0.216556 -0.000163631 0)
(0.215147 -8.52856e-05 0)
(0.214181 -3.45626e-05 0)
(0.213528 -3.38726e-06 0)
(0.213096 1.48391e-05 0)
(0.212816 2.44854e-05 0)
(0.21264 2.85812e-05 0)
(0.212535 2.93061e-05 0)
(0.212477 2.79615e-05 0)
(0.21245 2.55378e-05 0)
(0.212442 2.25952e-05 0)
(0.212445 1.97827e-05 0)
(0.212454 1.67506e-05 0)
(0.212467 1.40253e-05 0)
(0.21248 1.1434e-05 0)
(0.212492 9.14234e-06 0)
(0.212502 7.02148e-06 0)
(0.212511 5.17379e-06 0)
(0.212517 3.46415e-06 0)
(0.212521 1.96429e-06 0)
(0.212519 -9.36753e-08 0)
)
;

boundaryField
{
    ibCylinder
    {
        type            movingImmersedBoundaryVelocity;
        patchType       immersedBoundary;
        setDeadValue    true;
        deadValue       (0 0 0);
        value           nonuniform List<vector> 0();
    }
    in
    {
        type            fixedValue;
        value           uniform (1 0 0);
    }
    out
    {
        type            inletOutlet;
        inletValue      uniform (0 0 0);
        value           nonuniform List<vector> 
25
(
(0.212522 2.29551e-08 0)
(0.575199 3.28464e-06 0)
(0.839962 1.05761e-05 0)
(1.00666 2.18362e-05 0)
(1.0985 3.51443e-05 0)
(1.14348 4.79426e-05 0)
(1.16334 5.74565e-05 0)
(1.17134 6.16292e-05 0)
(1.17432 5.97338e-05 0)
(1.17534 5.14281e-05 0)
(1.17567 3.72562e-05 0)
(1.17577 1.8272e-05 0)
(1.17579 -1.64466e-06 0)
(1.17577 -2.15913e-05 0)
(1.17567 -4.04855e-05 0)
(1.17534 -5.4556e-05 0)
(1.17432 -6.27198e-05 0)
(1.17134 -6.44135e-05 0)
(1.16334 -5.99651e-05 0)
(1.14348 -5.01287e-05 0)
(1.0985 -3.69324e-05 0)
(1.00666 -2.31648e-05 0)
(0.839959 -1.14011e-05 0)
(0.575195 -3.66352e-06 0)
(0.212519 -9.36753e-08 0)
)
;
    }
    top
    {
        type            fixedValue;
        value           uniform (0 0 0);
    }
    bottom
    {
        type            fixedValue;
        value           uniform (0 0 0);
    }
    frontAndBack
    {
        type            empty;
    }
}


// ************************************************************************* //
