/*--------------------------------*- C++ -*----------------------------------*\
| =========                 |                                                 |
| \\      /  F ield         | OpenFOAM: The Open Source CFD Toolbox           |
|  \\    /   O peration     | Version:  2206                                  |
|   \\  /    A nd           | Website:  www.openfoam.com                      |
|    \\/     M anipulation  |                                                 |
\*---------------------------------------------------------------------------*/
FoamFile
{
    version     2.0;
    format      ascii;
    arch        "LSB;label=32;scalar=64";
    class       surfaceVectorField;
    location    "0.5";
    object      Uf;
}
// * * * * * * * * * * * * * * * * * * * * * * * * * * * * * * * * * * * * * //

dimensions      [0 1 -1 0 0 0 0];

internalField   nonuniform List<vector> 
3650
(
(0.859788 0.0532576 0)
(0.903262 0.140212 0)
(0.701361 0.0846404 0)
(0.900258 0.158427 0)
(0.567293 0.0661221 0)
(0.843133 0.134069 0)
(0.463794 0.0366929 0)
(0.752149 0.103499 0)
(0.387757 0.0190006 0)
(0.672037 0.0760379 0)
(0.333954 0.0103137 0)
(0.606831 0.0538029 0)
(0.29628 0.00557014 0)
(0.55485 0.0376746 0)
(0.270048 0.00292857 0)
(0.513279 0.026232 0)
(0.251739 0.00150745 0)
(0.480966 0.0183093 0)
(0.238931 0.000732984 0)
(0.456433 0.0128078 0)
(0.230132 0.000271987 0)
(0.438167 0.00879916 0)
(0.22439 -3.47911e-05 0)
(0.425024 0.00574249 0)
(0.221044 -0.000265036 0)
(0.416086 0.0033464 0)
(0.219622 -0.000459274 0)
(0.410593 0.00142247 0)
(0.219736 -0.000654258 0)
(0.407962 -0.000113933 0)
(0.221034 -0.00085668 0)
(0.407602 -0.00129817 0)
(0.223463 -0.00106174 0)
(0.409103 -0.00242889 0)
(0.226985 -0.00129634 0)
(0.412385 -0.00352213 0)
(0.231641 -0.00158469 0)
(0.417341 -0.00465561 0)
(0.237553 -0.00194176 0)
(0.424024 -0.00591198 0)
(0.24493 -0.0023863 0)
(0.432604 -0.00737647 0)
(0.254068 -0.00294035 0)
(0.443374 -0.00913891 0)
(0.265356 -0.00362398 0)
(0.456749 -0.0112874 0)
(0.27925 -0.00445328 0)
(0.473256 -0.0138938 0)
(0.296262 -0.00543586 0)
(0.493506 -0.0170112 0)
(0.316925 -0.00656202 0)
(0.518166 -0.0206639 0)
(0.341757 -0.00779534 0)
(0.54793 -0.0248305 0)
(0.371163 -0.0090547 0)
(0.583445 -0.0294078 0)
(0.405311 -0.0101934 0)
(0.625198 -0.0341474 0)
(0.443916 -0.0109831 0)
(0.673322 -0.0386054 0)
(0.486003 -0.0111033 0)
(0.727343 -0.0420888 0)
(0.529614 -0.0101584 0)
(0.785816 -0.0436123 0)
(0.57151 -0.00783915 0)
(0.846049 -0.0418965 0)
(0.60733 -0.00422818 0)
(0.903636 -0.0358207 0)
(0.632258 0.000265961 0)
(0.952657 -0.0249281 0)
(0.641901 0.00500894 0)
(0.985998 -0.00964396 0)
(0.635442 0.00959512 0)
(0.997927 0.00645928 0)
(0.613262 0.0131984 0)
(0.98919 0.022179 0)
(0.577347 0.0149405 0)
(0.958127 0.0359169 0)
(0.531991 0.0149384 0)
(0.907789 0.0453552 0)
(0.482475 0.013586 0)
(0.844251 0.0495194 0)
(0.43391 0.0115211 0)
(0.774835 0.0485645 0)
(0.389667 0.00940739 0)
(0.706203 0.0442455 0)
(0.351216 0.00752428 0)
(0.643569 0.0384499 0)
(0.319001 0.00589411 0)
(0.589085 0.0322163 0)
(0.292829 0.0045164 0)
(0.54354 0.0261712 0)
(0.272124 0.00338847 0)
(0.506739 0.0207056 0)
(0.256112 0.00248988 0)
(0.477802 0.0160122 0)
(0.243969 0.00179095 0)
(0.455543 0.0121435 0)
(0.234912 0.00125889 0)
(0.438718 0.00905697 0)
(0.228257 0.000861819 0)
(0.426179 0.00665556 0)
(0.223434 0.000571886 0)
(0.416948 0.00482275 0)
(0.219984 0.000365571 0)
(0.410226 0.00345009 0)
(0.217544 0.00022228 0)
(0.405371 0.00244075 0)
(0.215836 0.000124758 0)
(0.401888 0.00170793 0)
(0.214656 6.01344e-05 0)
(0.399407 0.00118004 0)
(0.213852 1.91216e-05 0)
(0.397653 0.000804016 0)
(0.213313 -5.61749e-06 0)
(0.396422 0.000538953 0)
(0.212959 -1.95692e-05 0)
(0.395566 0.000353996 0)
(0.212732 -2.64433e-05 0)
(0.394975 0.000226475 0)
(0.212592 -2.88536e-05 0)
(0.394572 0.000139654 0)
(0.212511 -2.85442e-05 0)
(0.394301 8.12296e-05 0)
(0.212468 -2.66636e-05 0)
(0.394123 4.2691e-05 0)
(0.21245 -2.39886e-05 0)
(0.394008 1.79091e-05 0)
(0.212448 -2.11292e-05 0)
(0.393937 2.69621e-06 0)
(0.212454 -1.82221e-05 0)
(0.393895 -6.18851e-06 0)
(0.212465 -1.53481e-05 0)
(0.393872 -1.06514e-05 0)
(0.212477 -1.26873e-05 0)
(0.393861 -1.24541e-05 0)
(0.212489 -1.02419e-05 0)
(0.393857 -1.23692e-05 0)
(0.212501 -8.03842e-06 0)
(0.393857 -1.12331e-05 0)
(0.21251 -6.06714e-06 0)
(0.39386 -9.43329e-06 0)
(0.212517 -4.3073e-06 0)
(0.393862 -7.34177e-06 0)
(0.212522 -2.71526e-06 0)
(0.393864 -4.80391e-06 0)
(0.212524 -9.7267e-07 0)
(0.393865 -2.0649e-06 0)
(0.393861 1.6492e-06 0)
(1.05168 0.154946 0)
(1.01328 0.0885339 0)
(1.04733 0.183216 0)
(1.05542 0.162773 0)
(1.01046 0.168293 0)
(1.06743 0.170943 0)
(0.955297 0.14339 0)
(1.04908 0.158659 0)
(0.891073 0.113168 0)
(1.01387 0.140262 0)
(0.827344 0.0841425 0)
(0.971499 0.117532 0)
(0.770774 0.0609866 0)
(0.928447 0.0942443 0)
(0.723467 0.0437821 0)
(0.886687 0.0735391 0)
(0.685295 0.031209 0)
(0.848801 0.0564815 0)
(0.655424 0.0218957 0)
(0.816562 0.042679 0)
(0.632874 0.0148159 0)
(0.790175 0.03135 0)
(0.616575 0.00932209 0)
(0.769439 0.0220417 0)
(0.605507 0.00499755 0)
(0.753913 0.0144146 0)
(0.59879 0.00157496 0)
(0.743006 0.00813964 0)
(0.595698 -0.00108288 0)
(0.736166 0.00297822 0)
(0.595584 -0.00332603 0)
(0.732883 -0.00118337 0)
(0.597938 -0.00546635 0)
(0.732558 -0.00478318 0)
(0.602626 -0.00757282 0)
(0.734862 -0.00820989 0)
(0.609592 -0.00980025 0)
(0.739664 -0.0116218 0)
(0.61892 -0.0123189 0)
(0.746946 -0.0152405 0)
(0.630857 -0.0152904 0)
(0.756836 -0.0193133 0)
(0.645809 -0.0188708 0)
(0.769612 -0.024091 0)
(0.66434 -0.0231935 0)
(0.785737 -0.0298179 0)
(0.687125 -0.0283607 0)
(0.805835 -0.0366782 0)
(0.714942 -0.034439 0)
(0.830607 -0.044829 0)
(0.748621 -0.0414282 0)
(0.860891 -0.0543418 0)
(0.788996 -0.0492113 0)
(0.897627 -0.0652059 0)
(0.83682 -0.0574793 0)
(0.941785 -0.0772312 0)
(0.892583 -0.0656424 0)
(0.994257 -0.089911 0)
(0.956272 -0.072738 0)
(1.05567 -0.102294 0)
(1.02702 -0.0773516 0)
(1.12614 -0.112843 0)
(1.10269 -0.0775604 0)
(1.20478 -0.119281 0)
(1.1792 -0.0712078 0)
(1.28899 -0.118398 0)
(1.25022 -0.056725 0)
(1.37371 -0.106847 0)
(1.30818 -0.0338781 0)
(1.45117 -0.082885 0)
(1.34465 -0.00605449 0)
(1.51266 -0.0461105 0)
(1.35353 0.0226077 0)
(1.54727 -0.00242696 0)
(1.33483 0.0499505 0)
(1.55154 0.0408789 0)
(1.28884 0.0724469 0)
(1.52471 0.0819107 0)
(1.21989 0.0864341 0)
(1.46834 0.114305 0)
(1.13594 0.0907515 0)
(1.38854 0.133471 0)
(1.04645 0.0868959 0)
(1.29494 0.13805 0)
(0.959556 0.0779471 0)
(1.19727 0.131144 0)
(0.880852 0.0667833 0)
(1.10397 0.117154 0)
(0.813049 0.0552443 0)
(1.02062 0.10002 0)
(0.756929 0.0443759 0)
(0.949585 0.0822913 0)
(0.711957 0.0347692 0)
(0.891443 0.0656772 0)
(0.676841 0.026679 0)
(0.845348 0.0511283 0)
(0.649974 0.0201183 0)
(0.809686 0.0390116 0)
(0.629736 0.0149485 0)
(0.782599 0.0292947 0)
(0.614682 0.0109614 0)
(0.762303 0.0217105 0)
(0.603601 0.00794209 0)
(0.747265 0.0159034 0)
(0.595516 0.00569543 0)
(0.736232 0.0115358 0)
(0.589651 0.00404734 0)
(0.728188 0.00830606 0)
(0.585417 0.00284888 0)
(0.72234 0.00594165 0)
(0.582378 0.0019844 0)
(0.718106 0.00421845 0)
(0.580209 0.00136688 0)
(0.715056 0.00297341 0)
(0.578668 0.00092936 0)
(0.712865 0.00208042 0)
(0.577579 0.000621993 0)
(0.711295 0.00144295 0)
(0.576814 0.00040808 0)
(0.710176 0.000990633 0)
(0.576282 0.000260565 0)
(0.709381 0.000671657 0)
(0.575915 0.000159951 0)
(0.70882 0.000448009 0)
(0.575666 9.24041e-05 0)
(0.708427 0.00029255 0)
(0.575498 4.80679e-05 0)
(0.708154 0.000185718 0)
(0.575387 1.98893e-05 0)
(0.707966 0.000113443 0)
(0.575315 2.80328e-06 0)
(0.707838 6.54999e-05 0)
(0.57527 -6.84962e-06 0)
(0.707751 3.44917e-05 0)
(0.575243 -1.15765e-05 0)
(0.707694 1.50403e-05 0)
(0.575227 -1.30586e-05 0)
(0.707656 3.54601e-06 0)
(0.575218 -1.24902e-05 0)
(0.707632 -2.53528e-06 0)
(0.575213 -1.06066e-05 0)
(0.707616 -4.88795e-06 0)
(0.575211 -7.68616e-06 0)
(0.707605 -4.56736e-06 0)
(0.575208 -3.95551e-06 0)
(0.707597 -2.26335e-06 0)
(0.575204 6.71644e-07 0)
(0.707591 1.48024e-06 0)
(0.70758 6.97295e-06 0)
(1.03945 0.111181 0)
(1.00907 0.0490803 0)
(1.08191 0.157513 0)
(1.04732 0.120316 0)
(1.10288 0.165155 0)
(1.08749 0.149975 0)
(1.10551 0.159158 0)
(1.11051 0.156025 0)
(1.0943 0.146986 0)
(1.11688 0.151471 0)
(1.07252 0.129014 0)
(1.11463 0.139318 0)
(1.04376 0.107777 0)
(1.10238 0.123001 0)
(1.01157 0.0867763 0)
(1.08427 0.105729 0)
(0.979803 0.0680719 0)
(1.06288 0.0882515 0)
(0.951092 0.0520979 0)
(1.04094 0.07139 0)
(0.926574 0.0385492 0)
(1.01997 0.0558689 0)
(0.906649 0.0271005 0)
(1.00111 0.041967 0)
(0.891291 0.0174797 0)
(0.985223 0.029773 0)
(0.880256 0.00942934 0)
(0.972586 0.019175 0)
(0.873208 0.00274065 0)
(0.963276 0.0100264 0)
(0.869772 -0.00279634 0)
(0.957254 0.00225251 0)
(0.869411 -0.00771143 0)
(0.954275 -0.00442258 0)
(0.871798 -0.0124853 0)
(0.953999 -0.0105963 0)
(0.876899 -0.0173252 0)
(0.956314 -0.0167238 0)
(0.884727 -0.0225329 0)
(0.961218 -0.0230684 0)
(0.895426 -0.028456 0)
(0.968788 -0.0300118 0)
(0.909324 -0.0354443 0)
(0.979212 -0.0379897 0)
(0.926969 -0.0437981 0)
(0.99289 -0.0474622 0)
(0.948978 -0.0537295 0)
(1.01051 -0.0586873 0)
(0.976138 -0.0653885 0)
(1.03252 -0.0719881 4.00545e-34)
(1.0094 -0.0788646 0)
(1.05993 -0.0876016 -3.9642e-34)
(1.04984 -0.0940806 0)
(1.09387 -0.105646 0)
(1.09859 -0.11063 0)
(1.13567 -0.125988 0)
(1.15673 -0.127622 0)
(1.18678 -0.14805 0)
(1.22504 -0.143496 0)
(1.24866 -0.170605 0)
(1.3037 -0.155787 0)
(1.3226 -0.191496 0)
(1.39151 -0.160823 0)
(1.40932 -0.207096 0)
(1.48458 -0.154168 0)
(1.50681 -0.211463 0)
(1.57594 -0.132287 0)
(1.60869 -0.198208 0)
(1.65743 -0.0931881 0)
(1.70588 -0.164373 0)
(1.71792 -0.039713 0)
(1.78703 -0.106607 0)
(1.7467 0.018428 0)
(1.84159 -0.0312037 0)
(1.74191 0.0749451 0)
(1.85653 0.0456724 0)
(1.70427 0.125655 0)
(1.83742 0.119549 0)
(1.63639 0.162903 0)
(1.78827 0.182186 0)
(1.5465 0.181858 0)
(1.71212 0.223361 0)
(1.44513 0.183095 0)
(1.61359 0.239425 0)
(1.34139 0.171015 0)
(1.50674 0.234885 0)
(1.24343 0.150889 0)
(1.40066 0.215107 0)
(1.15678 0.127375 0)
(1.30322 0.186675 0)
(1.08374 0.103762 0)
(1.2187 0.155328 0)
(1.0245 0.082109 0)
(1.1487 0.124916 0)
(0.977897 0.0634715 0)
(1.09281 0.0977351 0)
(0.94206 0.0481682 0)
(1.04939 0.074849 0)
(0.914961 0.036026 0)
(1.01631 0.0563938 0)
(0.894727 0.0266187 0)
(0.991469 0.0419452 0)
(0.879778 0.0194649 0)
(0.973014 0.0308519 0)
(0.868823 0.0141207 0)
(0.95946 0.0224915 0)
(0.860821 0.0101827 0)
(0.949562 0.0163073 0)
(0.854991 0.00729858 0)
(0.942326 0.0117726 0)
(0.850761 0.00519782 0)
(0.93705 0.00844841 0)
(0.847699 0.00368023 0)
(0.933226 0.00603532 0)
(0.845485 0.00258941 0)
(0.930452 0.00429405 0)
(0.843889 0.00180844 0)
(0.928438 0.00303894 0)
(0.842742 0.00125216 0)
(0.92698 0.0021379 0)
(0.84192 0.000857797 0)
(0.925928 0.00149342 0)
(0.841334 0.000579788 0)
(0.92517 0.00103388 0)
(0.840918 0.000385381 0)
(0.924626 0.000708135 0)
(0.840625 0.000250846 0)
(0.924238 0.000478937 0)
(0.840419 0.00015896 0)
(0.923961 0.000319138 0)
(0.840276 9.71636e-05 0)
(0.923765 0.000208825 0)
(0.840177 5.63791e-05 0)
(0.923627 0.000133597 0)
(0.840109 3.01976e-05 0)
(0.923529 8.30818e-05 0)
(0.840062 1.4165e-05 0)
(0.923462 4.99966e-05 0)
(0.840031 5.20528e-06 0)
(0.923414 2.91716e-05 0)
(0.840009 1.26767e-06 0)
(0.923381 1.69803e-05 0)
(0.839993 9.22587e-07 0)
(0.923357 1.10682e-05 0)
(0.839981 3.22312e-06 0)
(0.923339 9.5354e-06 0)
(0.839971 7.76399e-06 0)
(0.923327 1.16297e-05 0)
(0.92331 1.62174e-05 0)
(1.01968 0.0665763 0)
(1.0042 0.0293988 0)
(1.05936 0.113278 0)
(1.02709 0.080638 0)
(1.09563 0.138418 0)
(1.06402 0.113703 0)
(1.12121 0.146271 0)
(1.09755 0.130446 0)
(1.13724 0.143032 0)
(1.12127 0.135442 0)
(1.14431 0.133539 0)
(1.13897 0.13225 0)
(1.14291 0.121326 0)
(1.14749 0.124398 0)
(1.13528 0.107486 0)
(1.15006 0.113362 0)
(1.12373 0.0919829 0)
(1.14835 0.0997979 0)
(1.10969 0.0756185 0)
(1.14183 0.0854302 0)
(1.0944 0.0595973 0)
(1.13311 0.0711586 0)
(1.07958 0.0447739 0)
(1.12307 0.0567913 0)
(1.06641 0.0315287 0)
(1.11286 0.0429432 0)
(1.05548 0.0198522 0)
(1.10337 0.0301016 0)
(1.04721 0.00965784 0)
(1.09517 0.0183009 0)
(1.04166 0.00079404 0)
(1.0888 0.00779507 0)
(1.0388 -0.00709239 0)
(1.08448 -0.00156134 0)
(1.03844 -0.0145986 0)
(1.08226 -0.0102283 0)
(1.04053 -0.0222093 0)
(1.08213 -0.0188199 0)
(1.04517 -0.0302535 0)
(1.08419 -0.0277045 0)
(1.05244 -0.0391888 0)
(1.08854 -0.0372828 0)
(1.06258 -0.0495546 0)
(1.0953 -0.0481273 0)
(1.07618 -0.0618362 0)
(1.10466 -0.0610679 0)
(1.09376 -0.0764395 4.00545e-34)
(1.11761 -0.0762623 0)
(1.11592 -0.093683 4.48836e-36)
(1.13404 -0.0941502 4.00545e-34)
(1.14389 -0.113819 -3.9642e-34)
(1.15575 -0.11557 -3.9642e-34)
(1.17909 -0.136978 0)
(1.1837 -0.140846 0)
(1.22315 -0.16288 0)
(1.21958 -0.170051 0)
(1.27796 -0.190599 0)
(1.26554 -0.202854 0)
(1.34553 -0.218278 0)
(1.32417 -0.238177 0)
(1.42779 -0.242509 0)
(1.39847 -0.27376 0)
(1.52504 -0.257207 0)
(1.4915 -0.304345 0)
(1.63231 -0.254616 0)
(1.59942 -0.318732 0)
(1.73999 -0.228953 0)
(1.71094 -0.305886 0)
(1.83856 -0.176213 0)
(1.81574 -0.262939 0)
(1.91353 -0.0970384 0)
(1.90014 -0.181576 0)
(1.95202 -0.00350619 0)
(1.95962 -0.0697011 0)
(1.95263 0.090464 0)
(1.97028 0.0450677 0)
(1.92164 0.176156 0)
(1.95397 0.150535 0)
(1.86224 0.243286 0)
(1.91536 0.241586 0)
(1.77733 0.28255 0)
(1.85163 0.308279 0)
(1.67456 0.292965 0)
(1.75916 0.342195 0)
(1.56586 0.280106 0)
(1.6559 0.343587 0)
(1.46037 0.251472 0)
(1.55126 0.320598 0)
(1.36497 0.214845 0)
(1.45252 0.282072 0)
(1.28349 0.176461 0)
(1.365 0.236805 0)
(1.21683 0.140424 0)
(1.29181 0.191576 0)
(1.16414 0.108994 0)
(1.23297 0.15043 0)
(1.12349 0.0829848 0)
(1.18702 0.115495 0)
(1.09268 0.0622548 0)
(1.1519 0.0872051 0)
(1.06963 0.046147 0)
(1.12546 0.064991 0)
(1.0526 0.0338643 0)
(1.1058 0.0478818 0)
(1.04014 0.0246792 0)
(1.09138 0.034956 0)
(1.03102 0.0179118 0)
(1.08087 0.0254247 0)
(1.02435 0.0129399 0)
(1.07317 0.0184479 0)
(1.0195 0.00930278 0)
(1.06754 0.0132994 0)
(1.01597 0.00666602 0)
(1.06347 0.00956341 0)
(1.0134 0.0047587 0)
(1.0605 0.00686551 0)
(1.01153 0.00338075 0)
(1.05833 0.00491003 0)
(1.01017 0.00238894 0)
(1.05674 0.00349828 0)
(1.00918 0.00167719 0)
(1.05559 0.00248089 0)
(1.00846 0.00116838 0)
(1.05475 0.00174867 0)
(1.00795 0.000806741 0)
(1.05414 0.00122416 0)
(1.00758 0.00055141 0)
(1.0537 0.000850582 0)
(1.00731 0.000372458 0)
(1.05338 0.000586102 0)
(1.00712 0.000248097 0)
(1.05315 0.000400017 0)
(1.00698 0.000162605 0)
(1.05299 0.000270086 0)
(1.00688 0.000104714 0)
(1.05287 0.000180282 0)
(1.00681 6.6413e-05 0)
(1.05278 0.000119114 0)
(1.00677 4.1985e-05 0)
(1.05272 7.83973e-05 0)
(1.00673 2.75174e-05 0)
(1.05267 5.21993e-05 0)
(1.0067 2.01544e-05 0)
(1.05264 3.67307e-05 0)
(1.00669 1.81825e-05 0)
(1.05262 2.85693e-05 0)
(1.00667 2.01411e-05 0)
(1.0526 2.69974e-05 0)
(1.05258 2.84254e-05 0)
(1.01041 0.0441786 0)
(1.00231 0.0189862 0)
(1.03606 0.0802081 0)
(1.01542 0.0549876 0)
(1.06732 0.104893 0)
(1.04067 0.0824473 0)
(1.09747 0.11888 0)
(1.06991 0.100295 0)
(1.1229 0.123914 0)
(1.09688 0.11001 0)
(1.14203 0.122447 0)
(1.12012 0.113119 0)
(1.15501 0.116231 0)
(1.13838 0.111418 0)
(1.16285 0.106052 0)
(1.15193 0.105526 0)
(1.16617 0.0938927 0)
(1.16169 0.0964807 0)
(1.16536 0.0815262 0)
(1.16621 0.0862394 0)
(1.16169 0.0687817 0)
(1.16785 0.0748218 0)
(1.15622 0.0554453 0)
(1.16712 0.0622674 0)
(1.14974 0.0420718 0)
(1.16398 0.0494247 0)
(1.14295 0.029069 0)
(1.15994 0.0368919 0)
(1.13669 0.0168353 0)
(1.15537 0.0245592 0)
(1.13153 0.00571725 0)
(1.15106 0.0129527 0)
(1.12785 -0.00445467 0)
(1.14739 0.00212383 0)
(1.12589 -0.0141802 0)
(1.1447 -0.00826931 0)
(1.12571 -0.0240179 0)
(1.14322 -0.018638 0)
(1.12747 -0.0344249 0)
(1.14313 -0.0294653 0)
(1.1313 -0.0459443 0)
(1.1446 -0.0411121 0)
(1.13724 -0.0594094 0)
(1.14777 -0.0540672 0)
(1.14576 -0.0751598 0)
(1.15258 -0.0695932 0)
(1.15758 -0.0934576 0)
(1.16026 -0.0880766 0)
(1.17353 -0.11553 0)
(1.17085 -0.110104 0)
(1.19497 -0.142223 0)
(1.18604 -0.137013 0)
(1.22343 -0.17369 0)
(1.20687 -0.169303 0)
(1.26104 -0.21001 0)
(1.23529 -0.207663 0)
(1.31068 -0.250728 0)
(1.27416 -0.252496 0)
(1.37596 -0.294327 0)
(1.32715 -0.303456 0)
(1.46117 -0.336407 0)
(1.39946 -0.358965 0)
(1.56655 -0.367185 0)
(1.49518 -0.40973 0)
(1.67974 -0.373345 0)
(1.60079 -0.431918 0)
(1.78864 -0.348331 0)
(1.69453 -0.414788 0)
(1.88363 -0.27884 0)
(1.77254 -0.357928 0)
(1.94891 -0.160771 0)
(1.81043 -0.246856 0)
(1.97659 -0.024939 0)
(1.81517 -0.0973821 0)
(1.97283 0.101735 0)
(1.80291 0.0488296 0)
(1.94826 0.212891 0)
(1.80414 0.175108 0)
(1.90162 0.303423 0)
(1.80331 0.28823 0)
(1.83063 0.364765 0)
(1.77883 0.379265 0)
(1.73927 0.390435 0)
(1.72479 0.433553 0)
(1.64107 0.382645 0)
(1.65003 0.441787 0)
(1.54353 0.350658 0)
(1.56887 0.418144 0)
(1.45272 0.304346 0)
(1.48671 0.372878 0)
(1.37349 0.252532 0)
(1.4093 0.316039 0)
(1.30799 0.202072 0)
(1.34228 0.257068 0)
(1.25586 0.157381 0)
(1.28785 0.202562 0)
(1.2154 0.120087 0)
(1.24518 0.155957 0)
(1.18461 0.0902346 0)
(1.21257 0.117996 0)
(1.16154 0.06697 0)
(1.18811 0.0880592 0)
(1.14449 0.0491941 0)
(1.16996 0.0649312 0)
(1.13209 0.0358827 0)
(1.15664 0.0473644 0)
(1.12299 0.0260746 0)
(1.14691 0.0345222 0)
(1.11631 0.0188725 0)
(1.13993 0.0251224 0)
(1.1115 0.0136119 0)
(1.1348 0.0181147 0)
(1.10799 0.00981253 0)
(1.1311 0.0130712 0)
(1.10542 0.00706205 0)
(1.1284 0.00943629 0)
(1.10354 0.00506707 0)
(1.12641 0.00678787 0)
(1.10217 0.00362285 0)
(1.12494 0.00487201 0)
(1.10116 0.0025777 0)
(1.12387 0.00348469 0)
(1.10043 0.00182355 0)
(1.12309 0.00248077 0)
(1.0999 0.00128231 0)
(1.12251 0.00175778 0)
(1.09951 0.000895969 0)
(1.1221 0.00123929 0)
(1.09923 0.000621634 0)
(1.12179 0.000869032 0)
(1.09902 0.000427938 0)
(1.12157 0.000605656 0)
(1.09887 0.000292185 0)
(1.1214 0.000419311 0)
(1.09876 0.000197986 0)
(1.12128 0.000288473 0)
(1.09868 0.00013356 0)
(1.1212 0.000197529 0)
(1.09863 9.04235e-05 0)
(1.12113 0.000135311 0)
(1.09859 6.27085e-05 0)
(1.12109 9.35848e-05 0)
(1.09856 4.60151e-05 0)
(1.12106 6.71111e-05 0)
(1.09853 3.79022e-05 0)
(1.12103 5.0936e-05 0)
(1.09852 3.55275e-05 0)
(1.12101 4.45975e-05 0)
(1.12099 4.14448e-05 0)
(1.00594 0.0306414 0)
(1.00138 0.0130499 0)
(1.02218 0.057413 0)
(1.00942 0.0387444 0)
(1.04462 0.0777114 0)
(1.02626 0.0600059 0)
(1.0695 0.0913142 0)
(1.04796 0.0754147 0)
(1.0941 0.0990689 0)
(1.07083 0.0854078 0)
(1.11643 0.10191 0)
(1.093 0.0907899 0)
(1.13553 0.100556 0)
(1.1133 0.0923239 0)
(1.15065 0.0956897 0)
(1.131 0.0904021 0)
(1.16156 0.0884415 0)
(1.14544 0.0855734 0)
(1.16886 0.0793779 0)
(1.15634 0.0789383 0)
(1.17315 0.0685409 0)
(1.16429 0.0705362 0)
(1.17478 0.056635 0)
(1.16975 0.060632 0)
(1.17418 0.0445264 0)
(1.1722 0.050027 0)
(1.17229 0.0325402 0)
(1.17312 0.0387863 0)
(1.1697 0.0208453 0)
(1.17229 0.027144 0)
(1.16686 0.0095657 0)
(1.17074 0.0157948 0)
(1.16415 -0.00145918 0)
(1.16884 0.00483067 0)
(1.16198 -0.0124654 0)
(1.16678 -0.00609797 0)
(1.16059 -0.0238127 0)
(1.16495 -0.0172496 0)
(1.16019 -0.0358524 0)
(1.16354 -0.0290668 0)
(1.16097 -0.0488512 0)
(1.16273 -0.0418875 0)
(1.16303 -0.0637694 0)
(1.16276 -0.0561251 0)
(1.16676 -0.0820525 0)
(1.1638 -0.0733295 0)
(1.17316 -0.104332 0)
(1.16645 -0.0944775 0)
(1.18302 -0.131177 0)
(1.17125 -0.119956 0)
(1.19727 -0.163701 0)
(1.17915 -0.151269 0)
(1.21778 -0.203024 0)
(1.19151 -0.189807 0)
(1.24714 -0.25015 0)
(1.21039 -0.237028 0)
(1.28903 -0.30566 0)
(1.23892 -0.29438 0)
(1.34845 -0.36929 0)
(1.28123 -0.362875 0)
(1.43226 -0.434945 0)
(1.34408 -0.442778 0)
(1.5312 -0.480546 0)
(1.42585 -0.508672 0)
(1.61863 -0.481769 0)
(1.49917 -0.519351 0)
(1.67446 -0.44272 0)
(1.47882 -0.470611 0)
(1.71555 -0.354855 0)
(1.43156 -0.39902 0)
(1.68144 -0.205672 0)
(1.32636 -0.212745 0)
(1.63502 -0.0377896 0)
(1.20266 -0.0509608 1.43571e-18)
(1.63647 0.111107 0)
(1.18438 0.0473727 -8.03336e-19)
(1.66044 0.24536 0)
(1.24346 0.151138 6.25507e-20)
(1.67519 0.362605 0)
(1.3021 0.273487 0)
(1.66978 0.445786 0)
(1.40465 0.384672 0)
(1.63277 0.482658 0)
(1.47086 0.470561 0)
(1.57711 0.476155 0)
(1.47868 0.497447 0)
(1.51266 0.439662 0)
(1.4543 0.4826 0)
(1.44363 0.384364 0)
(1.41526 0.441907 0)
(1.3785 0.320776 0)
(1.36754 0.381171 0)
(1.32247 0.257743 0)
(1.32015 0.31309 0)
(1.27742 0.201376 0)
(1.27937 0.247615 0)
(1.24248 0.154117 0)
(1.24701 0.190901 0)
(1.21609 0.11607 0)
(1.22217 0.144383 0)
(1.19649 0.0862407 0)
(1.20354 0.107656 0)
(1.18206 0.0632716 0)
(1.1898 0.0793665 0)
(1.17149 0.0461186 0)
(1.17973 0.0579372 0)
(1.16381 0.0336738 0)
(1.17238 0.0422001 0)
(1.15835 0.0244987 0)
(1.16722 0.0305837 0)
(1.15442 0.0176955 0)
(1.16342 0.0220458 0)
(1.15151 0.0127568 0)
(1.16079 0.0159765 0)
(1.14937 0.00917986 0)
(1.15889 0.0115761 0)
(1.1478 0.00659748 0)
(1.15746 0.00835748 0)
(1.14664 0.00473998 0)
(1.15641 0.00603246 0)
(1.14579 0.00339803 0)
(1.15562 0.00433621 0)
(1.14517 0.00242717 0)
(1.15503 0.00310366 0)
(1.14471 0.00172649 0)
(1.1546 0.00221411 0)
(1.14438 0.00122258 0)
(1.15428 0.00157386 0)
(1.14413 0.000861387 0)
(1.15404 0.00111466 0)
(1.14395 0.000603538 0)
(1.15387 0.000785844 0)
(1.14382 0.000420585 0)
(1.15374 0.000551545 0)
(1.14372 0.000291797 0)
(1.15365 0.00038552 0)
(1.14365 0.00020212 0)
(1.15358 0.000268822 0)
(1.1436 0.000140572 0)
(1.15353 0.000187728 0)
(1.14356 9.94977e-05 0)
(1.15349 0.000132111 0)
(1.14353 7.30665e-05 0)
(1.15346 9.55044e-05 0)
(1.14351 5.82807e-05 0)
(1.15344 7.17076e-05 0)
(1.14349 5.08533e-05 0)
(1.15343 6.05562e-05 0)
(1.15341 5.26298e-05 0)
(1.00373 0.0218344 0)
(1.00091 0.00932157 0)
(1.01457 0.0416646 0)
(1.00629 0.0279043 0)
(1.03058 0.057666 0)
(1.01804 0.0439925 0)
(1.04959 0.0693255 0)
(1.03404 0.056411 0)
(1.06982 0.0769416 0)
(1.05206 0.0651767 0)
(1.08991 0.0810261 0)
(1.07073 0.0706942 0)
(1.10888 0.0819967 0)
(1.08913 0.073353 0)
(1.12584 0.0802146 0)
(1.10653 0.0734452 0)
(1.14014 0.0761518 0)
(1.12212 0.071275 0)
(1.15181 0.0701896 0)
(1.13553 0.0672647 0)
(1.1608 0.0625522 0)
(1.14667 0.0615474 0)
(1.16716 0.0537949 0)
(1.15549 0.0542782 0)
(1.17113 0.0441493 0)
(1.16183 0.0460551 0)
(1.17305 0.0334632 0)
(1.16632 0.0368601 0)
(1.17333 0.0222469 0)
(1.1686 0.0268649 0)
(1.17267 0.0112052 0)
(1.16946 0.016459 0)
(1.1714 0.000356564 0)
(1.16923 0.00609741 0)
(1.16973 -0.0106907 0)
(1.16808 -0.00442476 0)
(1.16788 -0.0222951 0)
(1.16633 -0.0154006 0)
(1.16603 -0.0348467 0)
(1.16413 -0.0272143 0)
(1.1644 -0.048838 0)
(1.1616 -0.0402585 0)
(1.16344 -0.0652913 0)
(1.15897 -0.0551628 0)
(1.1633 -0.0853126 0)
(1.15653 -0.0731893 0)
(1.1642 -0.109646 0)
(1.15426 -0.0953759 0)
(1.16696 -0.139551 0)
(1.15255 -0.122722 6.66654e-33)
(1.17267 -0.176803 0)
(1.15217 -0.156976 -6.62006e-33)
(1.183 -0.223224 0)
(1.15422 -0.200137 0)
(1.20049 -0.280815 0)
(1.16037 -0.254521 0)
(1.22885 -0.351591 0)
(1.1732 -0.322738 0)
(1.27307 -0.437205 0)
(1.19619 -0.4071 0)
(1.33843 -0.519612 0)
(1.23388 -0.508136 0)
(1.39381 -0.551738 0)
(1.26495 -0.56405 0)
(1.3877 -0.503477 0)
(1.24355 -0.513237 6.9516e-19)
(1.21318 -0.388285 0)
(1.05932 -0.296096 0)
(1.09042 -0.213063 0)
(0.578672 0.366991 0)
(0.86386 -0.0563636 1.43571e-18)
(0.475708 0.20798 0)
(0.746626 0.00976817 6.32373e-19)
(0.375449 0.0841333 1.43571e-18)
(0.797379 0.0534771 -7.40785e-19)
(0.371331 0.0569761 -8.03336e-19)
(0.899524 0.117312 6.25507e-20)
(0.421452 0.0396829 6.25507e-20)
(1.02245 0.238633 0)
(0.46457 0.025332 0)
(1.20056 0.388403 0)
(0.888427 0.206568 0)
(1.3134 0.475334 0)
(1.05141 0.357713 0)
(1.35427 0.498405 0)
(1.17745 0.456577 0)
(1.35795 0.481767 0)
(1.23173 0.478923 0)
(1.3398 0.436843 0)
(1.2523 0.460055 0)
(1.30966 0.372323 0)
(1.25276 0.411315 0)
(1.27763 0.302343 0)
(1.24042 0.345114 0)
(1.24949 0.236887 0)
(1.2246 0.275757 0)
(1.227 0.181134 0)
(1.21046 0.213392 0)
(1.20975 0.136051 0)
(1.19906 0.161631 0)
(1.1969 0.100883 0)
(1.19029 0.120512 0)
(1.18749 0.0740997 0)
(1.18379 0.0887739 0)
(1.18065 0.0540874 0)
(1.17905 0.0647736 0)
(1.17573 0.0392127 0)
(1.17567 0.0471216 0)
(1.17224 0.0282148 0)
(1.17326 0.0340725 0)
(1.16982 0.0203718 0)
(1.17156 0.0244696 0)
(1.16814 0.0148526 0)
(1.17044 0.0176538 0)
(1.16696 0.0108308 0)
(1.16966 0.0127583 0)
(1.16607 0.00785266 0)
(1.16911 0.00924873 0)
(1.16537 0.0056607 0)
(1.1687 0.00672687 0)
(1.16485 0.00405557 0)
(1.16838 0.00486271 0)
(1.16445 0.00289463 0)
(1.16812 0.00349817 0)
(1.16416 0.00206228 0)
(1.16793 0.00250649 0)
(1.16394 0.001467 0)
(1.16779 0.00179133 0)
(1.16378 0.00104123 0)
(1.16768 0.00127641 0)
(1.16366 0.000736675 0)
(1.16759 0.000905492 0)
(1.16357 0.000519388 0)
(1.16753 0.000640477 0)
(1.16351 0.000365188 0)
(1.16747 0.000451647 0)
(1.16346 0.000256661 0)
(1.16744 0.000318142 0)
(1.16342 0.00018105 0)
(1.16741 0.000224535 0)
(1.16339 0.000129474 0)
(1.16739 0.000159448 0)
(1.16337 9.51258e-05 0)
(1.16737 0.000115695 0)
(1.16336 7.46116e-05 0)
(1.16736 8.63613e-05 0)
(1.16335 6.26263e-05 0)
(1.16735 7.13114e-05 0)
(1.16734 5.94769e-05 0)
(1.00259 0.0157937 0)
(1.00066 0.00672919 0)
(1.01032 0.0304582 0)
(1.00456 0.0201732 0)
(1.02217 0.0427527 0)
(1.01327 0.0321484 0)
(1.03681 0.0521614 0)
(1.0255 0.0417716 0)
(1.05309 0.0587751 0)
(1.03981 0.0488977 0)
(1.07004 0.062858 0)
(1.05525 0.0537357 0)
(1.08687 0.0646533 0)
(1.07112 0.0565243 0)
(1.10287 0.0643788 0)
(1.0868 0.0574489 0)
(1.11748 0.0622723 0)
(1.10166 0.0566646 0)
(1.1304 0.0585221 0)
(1.11529 0.0543435 0)
(1.14137 0.0532544 0)
(1.12738 0.0505815 0)
(1.15017 0.0466658 0)
(1.13769 0.0454734 0)
(1.15697 0.0389493 0)
(1.14608 0.0392536 0)
(1.16184 0.0303611 0)
(1.15263 0.0319937 0)
(1.16477 0.0211257 0)
(1.15724 0.0239379 0)
(1.16597 0.0114237 0)
(1.16001 0.0152584 0)
(1.16586 0.00141642 0)
(1.16111 0.00620335 0)
(1.16469 -0.00900222 0)
(1.16076 -0.00325162 0)
(1.16259 -0.0201383 0)
(1.15914 -0.0133051 0)
(1.15967 -0.0324022 0)
(1.15631 -0.0242933 0)
(1.15608 -0.0463444 0)
(1.15232 -0.0366632 0)
(1.152 -0.0628174 0)
(1.14723 -0.0510813 0)
(1.14739 -0.0829448 0)
(1.14103 -0.0685787 0)
(1.14234 -0.107996 6.66654e-33)
(1.13359 -0.0903272 0)
(1.13733 -0.139529 5.25321e-35)
(1.12494 -0.117716 6.66654e-33)
(1.133 -0.179552 -6.62006e-33)
(1.11531 -0.152643 -6.62006e-33)
(1.13038 -0.230555 0)
(1.10509 -0.197513 0)
(1.13109 -0.295535 0)
(1.09488 -0.255232 0)
(1.13758 -0.377622 0)
(1.08561 -0.329233 0)
(1.15233 -0.477503 0)
(1.07939 -0.421848 0)
(1.16309 -0.551462 0)
(1.06588 -0.5189 0)
(1.11176 -0.5187 6.9516e-19)
(1.01402 -0.512716 4.47167e-19)
(0.980822 -0.320827 6.9516e-19)
(0.869656 -0.334372 -2.0334e-18)
(0.96782 -0.087746 0)
(0.407298 0.215539 0)
(0.467174 0 0)
(0 -0.0573824 0)
(0.222927 0 0)
(0 -0.0166901 0)
(0.191092 0 0)
(0 0.00189657 0)
(0.214066 0 0)
(0 0.00957025 0)
(0.28043 0 0)
(0 0.0169839 0)
(0.572741 0.0475251 0)
(0 0.0224148 0)
(0.729144 0.179736 0)
(0.324919 0.0222587 0)
(0.909711 0.336147 0)
(0.695215 0.168099 0)
(1.05143 0.432974 0)
(0.854353 0.31486 0)
(1.12658 0.455434 0)
(0.97749 0.403771 0)
(1.16663 0.433621 0)
(1.04835 0.42001 0)
(1.18407 0.383594 0)
(1.09595 0.393871 0)
(1.18814 0.318394 0)
(1.1245 0.341043 0)
(1.18633 0.252265 0)
(1.14066 0.277566 0)
(1.18302 0.193876 0)
(1.15033 0.216698 0)
(1.17985 0.146037 0)
(1.15664 0.164801 0)
(1.17731 0.10837 0)
(1.16096 0.123059 0)
(1.17542 0.0794854 0)
(1.16403 0.0906653 0)
(1.17407 0.0578836 0)
(1.16627 0.0661225 0)
(1.17318 0.0420024 0)
(1.16795 0.0480109 0)
(1.17258 0.0302871 0)
(1.16923 0.034671 0)
(1.17216 0.0217371 0)
(1.1702 0.0248849 0)
(1.17191 0.0155851 0)
(1.17089 0.017903 0)
(1.1718 0.0112066 0)
(1.17142 0.0128738 0)
(1.17174 0.00815783 0)
(1.17184 0.00930578 0)
(1.17169 0.00596906 0)
(1.17216 0.00677425 0)
(1.17164 0.00434377 0)
(1.17239 0.00491406 0)
(1.1716 0.0031425 0)
(1.17256 0.00354291 0)
(1.17156 0.00225753 0)
(1.17267 0.00254259 0)
(1.17152 0.00161303 0)
(1.17274 0.00183069 0)
(1.17148 0.00114731 0)
(1.17278 0.00131346 0)
(1.17145 0.000812704 0)
(1.17281 0.000937924 0)
(1.17143 0.000574611 0)
(1.17282 0.000667415 0)
(1.1714 0.000405855 0)
(1.17283 0.000473362 0)
(1.17139 0.000286935 0)
(1.17283 0.000335547 0)
(1.17137 0.000203671 0)
(1.17283 0.000238347 0)
(1.17136 0.000146304 0)
(1.17283 0.000170028 0)
(1.17135 0.000107438 0)
(1.17283 0.000123504 0)
(1.17135 8.33935e-05 0)
(1.17283 9.18611e-05 0)
(1.17134 6.83452e-05 0)
(1.17283 7.48848e-05 0)
(1.17283 6.05775e-05 0)
(1.00196 0.0113536 0)
(1.00052 0.00477112 0)
(1.00783 0.0220282 0)
(1.00356 0.0142989 0)
(1.01704 0.0312123 0)
(1.0104 0.0229367 0)
(1.02874 0.0384751 0)
(1.02021 0.0300761 0)
(1.0421 0.0437915 0)
(1.03199 0.0355391 0)
(1.05643 0.0473147 0)
(1.04502 0.0394047 0)
(1.07113 0.0492158 0)
(1.05878 0.0418211 0)
(1.08565 0.0496251 0)
(1.07278 0.0429315 0)
(1.09949 0.0486399 0)
(1.08653 0.042822 0)
(1.11229 0.0463306 0)
(1.0996 0.0415454 0)
(1.12374 0.0427525 0)
(1.11167 0.0391365 0)
(1.13358 0.0380063 0)
(1.12244 0.0356283 0)
(1.14173 0.0322228 0)
(1.13169 0.0311093 0)
(1.14805 0.025537 0)
(1.13927 0.0256707 0)
(1.15252 0.0181036 0)
(1.14505 0.019468 0)
(1.15514 0.0100953 0)
(1.14898 0.0126357 0)
(1.15601 0.00160487 0)
(1.15103 0.00533996 0)
(1.15523 -0.00745672 0)
(1.15125 -0.0024804 0)
(1.15289 -0.0173328 0)
(1.14963 -0.0109573 0)
(1.14897 -0.0283959 0)
(1.14618 -0.0203735 0)
(1.14345 -0.0411915 0)
(1.1408 -0.031146 0)
(1.13626 -0.0565337 0)
(1.13334 -0.0438904 0)
(1.12719 -0.0755101 0)
(1.12354 -0.0595067 0)
(1.11602 -0.0994541 0)
(1.111 -0.0791565 0)
(1.1026 -0.130073 0)
(1.09526 -0.104298 8.7718e-34)
(1.08679 -0.169597 0)
(1.07579 -0.136838 -8.76174e-34)
(1.06849 -0.220782 0)
(1.05196 -0.179213 0)
(1.04747 -0.286868 0)
(1.02279 -0.234213 0)
(1.0231 -0.369869 0)
(0.987402 -0.30486 0)
(0.989987 -0.459178 0)
(0.942664 -0.388734 0)
(0.925615 -0.471698 4.47167e-19)
(0.868862 -0.454528 0)
(0.788319 -0.311668 -2.28139e-18)
(0.755382 -0.354794 4.47167e-19)
(0.952376 -0.091314 -2.72856e-18)
(0.335595 0.255295 -2.72856e-18)
(0.196539 0 0)
(0 -0.0339778 0)
(0.001618 0 0)
(0 6.20523e-05 0)
(0.00348267 0 0)
(0 9.56608e-05 0)
(0.00913342 0 0)
(0 4.98296e-05 0)
(0.02725 0 0)
(0 0.000571198 0)
(0.0839071 0 0)
(0 0.00098943 0)
(0.209551 0 0)
(0 0.00319411 0)
(0.432272 0.0380475 0)
(0 0.00697189 0)
(0.618327 0.151736 0)
(0.284435 0.0394335 0)
(0.778977 0.288851 0)
(0.626232 0.15421 0)
(0.897463 0.368801 0)
(0.76315 0.285285 0)
(0.9791 0.380329 0)
(0.859899 0.338373 0)
(1.0372 0.351205 0)
(0.938502 0.335771 0)
(1.07782 0.299903 0)
(1.00108 0.300421 0)
(1.10556 0.241768 0)
(1.04761 0.249829 0)
(1.12463 0.187538 0)
(1.08181 0.197624 0)
(1.13812 0.141834 0)
(1.10698 0.15131 0)
(1.14787 0.105391 0)
(1.12545 0.113315 0)
(1.15498 0.0773246 0)
(1.13895 0.0835542 0)
(1.16017 0.0562528 0)
(1.14878 0.0609349 0)
(1.16403 0.040704 0)
(1.15595 0.0441513 0)
(1.16686 0.0293246 0)
(1.16119 0.0318342 0)
(1.16889 0.0210832 0)
(1.16498 0.0228613 0)
(1.17037 0.0151735 0)
(1.1677 0.0164203 0)
(1.17144 0.0109373 0)
(1.16967 0.0118015 0)
(1.17224 0.00790193 0)
(1.17109 0.00850857 0)
(1.17285 0.00571521 0)
(1.17214 0.0061642 0)
(1.1733 0.00411657 0)
(1.17292 0.00446375 0)
(1.17362 0.00295313 0)
(1.17349 0.00321769 0)
(1.17385 0.00213218 0)
(1.17389 0.00231958 0)
(1.174 0.00154782 0)
(1.17417 0.00168209 0)
(1.1741 0.00111727 0)
(1.17437 0.00121081 0)
(1.17417 0.000802373 0)
(1.17452 0.000866423 0)
(1.17422 0.000572734 0)
(1.17461 0.000617629 0)
(1.17425 0.000407274 0)
(1.17468 0.000440698 0)
(1.17427 0.000289781 0)
(1.17473 0.000314243 0)
(1.17429 0.000206559 0)
(1.17476 0.000224463 0)
(1.1743 0.000148408 0)
(1.17478 0.000160725 0)
(1.1743 0.000108676 0)
(1.1748 0.000116895 0)
(1.17431 8.38143e-05 0)
(1.17481 8.68202e-05 0)
(1.17431 6.739e-05 0)
(1.17482 7.01447e-05 0)
(1.17483 5.54592e-05 0)
(1.00158 0.00787119 0)
(1.00043 0.00319051 0)
(1.00632 0.0153257 0)
(1.00295 0.00955655 0)
(1.01387 0.0218513 0)
(1.00865 0.0153911 0)
(1.02364 0.0271346 0)
(1.01693 0.0203062 0)
(1.03502 0.0311129 0)
(1.02707 0.0241531 0)
(1.04748 0.0338569 0)
(1.03849 0.0269505 0)
(1.06052 0.0354757 0)
(1.05076 0.028779 0)
(1.07372 0.0360641 0)
(1.06346 0.0297292 0)
(1.08668 0.0356697 0)
(1.07623 0.0298689 0)
(1.09901 0.0343025 0)
(1.08868 0.0292113 0)
(1.1104 0.0319677 0)
(1.10046 0.0277434 0)
(1.12057 0.0286972 0)
(1.11128 0.0254667 0)
(1.12926 0.0245508 0)
(1.12083 0.022413 0)
(1.1363 0.0196211 0)
(1.12889 0.0186347 0)
(1.14154 0.0140273 0)
(1.13522 0.0142241 0)
(1.14491 0.00791149 0)
(1.13972 0.00926678 0)
(1.1463 0.00130227 0)
(1.14223 0.00394899 0)
(1.14568 -0.00590304 0)
(1.1427 -0.00185603 0)
(1.14298 -0.013885 0)
(1.14096 -0.00825687 0)
(1.13807 -0.0229668 0)
(1.13688 -0.0154649 0)
(1.13075 -0.0336258 0)
(1.13024 -0.0238221 0)
(1.12069 -0.0465651 0)
(1.1207 -0.0338294 0)
(1.1074 -0.062753 0)
(1.10771 -0.0462196 0)
(1.09022 -0.0834473 8.7718e-34)
(1.09054 -0.0619807 0)
(1.06831 -0.110275 1.07893e-36)
(1.06817 -0.0823894 8.7718e-34)
(1.04057 -0.145314 -8.76174e-34)
(1.03926 -0.109094 -8.76174e-34)
(1.00549 -0.190973 0)
(1.00209 -0.14413 0)
(0.960827 -0.249685 0)
(0.95397 -0.189554 0)
(0.90288 -0.320157 0)
(0.893056 -0.246912 0)
(0.824726 -0.376749 0)
(0.807732 -0.31058 0)
(0.702676 -0.318568 0)
(0.695971 -0.332477 0)
(1.21929 -0.120676 0)
(0.572431 -0.195403 0)
(0.224223 0 0)
(0 -0.0496351 0)
(0.000431682 0 0)
(0 1.24065e-05 0)
(0.000762268 0 0)
(0 2.87712e-05 0)
(0.0015833 0 0)
(0 2.14292e-05 0)
(0.00379329 0 0)
(0 6.28488e-05 0)
(0.00840197 0 0)
(0 0.000185065 0)
(0.0222258 0 0)
(0 0.000438708 0)
(0.0781434 0 0)
(0 0.00106294 0)
(0.233053 0 0)
(0 -0.000151974 0)
(0.43177 0.0437187 0)
(0 -0.00112054 0)
(0.607684 0.156238 0)
(0.522206 0.0681388 0)
(0.720551 0.257929 0)
(0.613287 0.172419 0)
(0.820012 0.294753 0)
(0.713415 0.238912 0)
(0.90356 0.285339 0)
(0.809034 0.252222 0)
(0.971692 0.250412 0)
(0.894309 0.232289 0)
(1.02481 0.205599 0)
(0.963887 0.19671 0)
(1.06493 0.161289 0)
(1.01863 0.157503 0)
(1.09477 0.12271 0)
(1.06049 0.121476 0)
(1.11676 0.0914246 0)
(1.09179 0.09132 0)
(1.13287 0.067133 0)
(1.11486 0.0674436 0)
(1.1446 0.0488155 0)
(1.1317 0.0492037 0)
(1.15314 0.0352713 0)
(1.14392 0.0356164 0)
(1.15932 0.0253745 0)
(1.15276 0.0256481 0)
(1.16377 0.0182177 0)
(1.15912 0.0184098 0)
(1.16698 0.013082 0)
(1.1637 0.0132089 0)
(1.1693 0.00940772 0)
(1.16699 0.0094853 0)
(1.17098 0.00678727 0)
(1.16936 0.00682781 0)
(1.17221 0.00491209 0)
(1.17108 0.00493242 0)
(1.17311 0.00355573 0)
(1.17233 0.00356802 0)
(1.17375 0.00256914 0)
(1.17323 0.00257615 0)
(1.17421 0.00185564 0)
(1.17389 0.00185924 0)
(1.17455 0.00133804 0)
(1.17435 0.00134707 0)
(1.17479 0.000958339 0)
(1.17469 0.000971408 0)
(1.17496 0.000683788 0)
(1.17494 0.00069631 0)
(1.17507 0.0004899 0)
(1.17511 0.000499306 0)
(1.17516 0.000352037 0)
(1.17523 0.000359095 0)
(1.17521 0.000252401 0)
(1.17531 0.000256299 0)
(1.17525 0.000181218 0)
(1.17537 0.000183168 0)
(1.17528 0.000131066 0)
(1.17542 0.000131252 0)
(1.1753 9.63477e-05 0)
(1.17545 9.56172e-05 0)
(1.17532 7.40456e-05 0)
(1.17547 7.10267e-05 0)
(1.17533 5.86888e-05 0)
(1.17549 5.66453e-05 0)
(1.17551 4.41334e-05 0)
(1.00136 0.00497086 0)
(1.00038 0.00183445 0)
(1.00542 0.00969912 0)
(1.0026 0.00549218 0)
(1.01194 0.0138852 0)
(1.00764 0.00886727 0)
(1.02051 0.0173284 0)
(1.01502 0.0117445 0)
(1.03063 0.0199705 0)
(1.02416 0.0140288 0)
(1.04186 0.0218394 0)
(1.0346 0.0157179 0)
(1.05379 0.0229943 0)
(1.04594 0.0168511 0)
(1.06605 0.023495 0)
(1.05782 0.0174743 0)
(1.07828 0.0233724 0)
(1.06991 0.0176313 0)
(1.09017 0.0226181 0)
(1.08188 0.0173276 0)
(1.10137 0.021215 0)
(1.09339 0.0165414 0)
(1.11157 0.0191647 0)
(1.10413 0.0152628 0)
(1.12049 0.0164905 0)
(1.11377 0.0135011 0)
(1.12784 0.0132431 0)
(1.12204 0.0112775 0)
(1.13343 0.00948387 0)
(1.12863 0.00863731 0)
(1.1371 0.00533897 0)
(1.13337 0.00560062 0)
(1.1387 0.000829558 0)
(1.136 0.00234375 0)
(1.13804 -0.00415871 0)
(1.13651 -0.001191 0)
(1.13494 -0.00975479 0)
(1.13462 -0.00516011 0)
(1.12916 -0.0162 0)
(1.13002 -0.00967963 0)
(1.12031 -0.0238545 0)
(1.1224 -0.014977 0)
(1.10786 -0.033242 0)
(1.11126 -0.0213753 0)
(1.091 -0.0451022 0)
(1.09585 -0.0293584 0)
(1.06861 -0.0604202 0)
(1.07508 -0.0395946 0)
(1.03918 -0.0804674 0)
(1.04747 -0.052956 3.66299e-33)
(1.00064 -0.106807 0)
(1.01097 -0.070555 -3.68885e-33)
(0.950192 -0.141066 0)
(0.962921 -0.0936838 0)
(0.884131 -0.184365 0)
(0.899402 -0.123493 0)
(0.797646 -0.234029 0)
(0.81789 -0.160426 0)
(0.686534 -0.258982 0)
(0.703499 -0.199467 0)
(0.556693 -0.158174 0)
(0.58707 -0.193865 6.52469e-17)
(0.709327 -0.0290403 0)
(0.251767 0.234246 0)
(0.0460968 0 0)
(0 -0.00133618 0)
(0.000272136 0 0)
(0 1.13938e-05 0)
(0.00047288 0 0)
(0 -8.58535e-07 0)
(0.00108665 0 0)
(0 -2.72685e-08 0)
(0.0023674 0 0)
(0 4.17535e-05 0)
(0.00517498 0 0)
(0 6.75578e-05 0)
(0.0125266 0 0)
(0 0.00011396 0)
(0.037702 0 0)
(0 0.000102276 0)
(0.133393 0 0)
(0 -0.00042316 0)
(0.319222 0.012865 0)
(0 0.00396261 0)
(0.509287 0.0712007 0)
(0.49214 0.0126837 1.39647e-18)
(0.601809 0.151614 0)
(0.531985 0.0798961 5.86579e-18)
(0.703255 0.196019 0)
(0.617839 0.137466 0)
(0.80116 0.199073 0)
(0.718938 0.154318 0)
(0.887419 0.178685 0)
(0.81813 0.146029 0)
(0.95874 0.148691 0)
(0.90243 0.12539 0)
(1.01502 0.117702 0)
(0.971393 0.10122 0)
(1.05802 0.0900639 0)
(1.02525 0.0784737 0)
(1.09017 0.0673146 0)
(1.06605 0.059179 0)
(1.11383 0.0494978 0)
(1.09633 0.04378 0)
(1.13107 0.035996 0)
(1.11848 0.0319604 0)
(1.14356 0.0259896 0)
(1.13454 0.0231279 0)
(1.15256 0.0186811 0)
(1.14612 0.0166434 0)
(1.15903 0.0134003 0)
(1.15444 0.0119397 0)
(1.16368 0.00961292 0)
(1.16041 0.0085598 0)
(1.16703 0.00690649 0)
(1.16469 0.00614209 0)
(1.16944 0.00497587 0)
(1.16777 0.00441713 0)
(1.17118 0.00359422 0)
(1.16999 0.00318645 0)
(1.17245 0.00259799 0)
(1.1716 0.00230296 0)
(1.17336 0.00187726 0)
(1.17276 0.00166399 0)
(1.17402 0.00135768 0)
(1.1736 0.00120208 0)
(1.17449 0.000982372 0)
(1.1742 0.00087005 0)
(1.17484 0.000708574 0)
(1.17464 0.000628468 0)
(1.17508 0.000509093 0)
(1.17496 0.000451739 0)
(1.17526 0.000365389 0)
(1.17518 0.00032426 0)
(1.17538 0.000261382 0)
(1.17534 0.000233392 0)
(1.17547 0.000186274 0)
(1.17546 0.000166769 0)
(1.17554 0.000133314 0)
(1.17554 0.000119344 0)
(1.17558 9.63473e-05 0)
(1.1756 8.58376e-05 0)
(1.17561 7.08083e-05 0)
(1.17564 6.25314e-05 0)
(1.17564 5.40488e-05 0)
(1.17567 4.62592e-05 0)
(1.17566 4.25128e-05 0)
(1.1757 3.62496e-05 0)
(1.17572 2.7905e-05 0)
(1.00123 0.00240749 0)
(1.00036 0.000600302 0)
(1.00493 0.00470295 0)
(1.00243 0.00179239 0)
(1.0109 0.00674996 0)
(1.00717 0.00289876 0)
(1.0188 0.00844959 0)
(1.01413 0.00384953 0)
(1.02822 0.00976734 0)
(1.02281 0.00460716 0)
(1.03877 0.0107125 0)
(1.03277 0.00517162 0)
(1.05006 0.0113105 0)
(1.04368 0.005555 0)
(1.06177 0.0115896 0)
(1.05517 0.00577101 0)
(1.07356 0.0115655 0)
(1.06691 0.00583389 0)
(1.08514 0.0112314 0)
(1.07864 0.00574573 0)
(1.09619 0.0105731 0)
(1.08998 0.00549779 0)
(1.10637 0.009586 0)
(1.10066 0.00508453 0)
(1.11536 0.00827679 0)
(1.11033 0.0045084 0)
(1.12286 0.00666407 0)
(1.11868 0.00377511 0)
(1.1286 0.00475861 0)
(1.12538 0.00289928 0)
(1.13233 0.00262851 0)
(1.13022 0.00187551 0)
(1.13392 0.000360046 0)
(1.13289 0.000745227 0)
(1.13317 -0.00214949 0)
(1.13323 -0.000438721 0)
(1.12977 -0.00503137 0)
(1.13126 -0.0017584 0)
(1.12339 -0.00837906 0)
(1.12638 -0.00329345 0)
(1.11352 -0.0123847 0)
(1.11824 -0.00511086 0)
(1.09946 -0.0173279 0)
(1.10625 -0.00731352 0)
(1.08017 -0.0236106 0)
(1.08951 -0.0100706 0)
(1.05419 -0.0317726 3.66299e-33)
(1.06677 -0.0136192 0)
(1.01951 -0.0425057 -2.82735e-35)
(1.03625 -0.0182676 3.66299e-33)
(0.973359 -0.0566255 -3.68885e-33)
(0.995504 -0.0244077 -3.68885e-33)
(0.912157 -0.0749102 0)
(0.941355 -0.0324809 0)
(0.831513 -0.0977105 0)
(0.869291 -0.0428475 0)
(0.726548 -0.122514 0)
(0.776482 -0.0554605 0)
(0.595584 -0.129189 6.52469e-17)
(0.647069 -0.0685025 0)
(1.76048 -0.0617952 6.52469e-17)
(0.543433 -0.0647233 6.52469e-17)
(0.298365 0 0)
(0 -0.0153769 0)
(0.000116903 0 0)
(0 7.15252e-06 0)
(0.000203521 0 0)
(0 -3.54401e-07 0)
(0.00040378 0 0)
(0 -6.23885e-08 0)
(0.000895668 0 0)
(0 2.34165e-05 0)
(0.00162179 0 0)
(0 2.85941e-06 0)
(0.00354814 0 0)
(0 8.6494e-06 0)
(0.00855394 0 0)
(0 2.90324e-05 0)
(0.0256781 0 0)
(0 9.51234e-05 0)
(0.097994 0 0)
(0 -0.000120196 0)
(0.279728 0.00144538 1.39647e-18)
(0 -0.00054314 0)
(0.484442 0.0232974 7.26226e-18)
(0.244985 0.0107944 1.39647e-18)
(0.542018 0.0663272 5.86579e-18)
(0.504929 0.0225456 5.86579e-18)
(0.635032 0.0963324 0)
(0.573226 0.0444515 0)
(0.73763 0.101701 0)
(0.672704 0.051719 0)
(0.833896 0.0929274 0)
(0.77864 0.0497632 0)
(0.916187 0.0779863 0)
(0.869992 0.0430986 0)
(0.982476 0.0620308 0)
(0.946463 0.0349314 0)
(1.03382 0.0476135 0)
(1.00647 0.027133 0)
(1.07252 0.0356509 0)
(1.05224 0.0204797 0)
(1.10113 0.0262413 0)
(1.08635 0.0151639 0)
(1.12202 0.0190902 0)
(1.11134 0.0110755 0)
(1.13713 0.0137806 0)
(1.12946 0.00801451 0)
(1.14801 0.00990118 0)
(1.14252 0.00576589 0)
(1.15581 0.00709871 0)
(1.15189 0.00413525 0)
(1.16141 0.00508937 0)
(1.1586 0.00296357 0)
(1.16542 0.00365422 0)
(1.16342 0.00212588 0)
(1.16831 0.00263047 0)
(1.16687 0.0015284 0)
(1.1704 0.0018983 0)
(1.16936 0.00110215 0)
(1.1719 0.00137157 0)
(1.17116 0.000796442 0)
(1.17299 0.000991246 0)
(1.17245 0.00057578 0)
(1.17378 0.000716966 0)
(1.17339 0.000416297 0)
(1.17434 0.000518695 0)
(1.17407 0.000301354 0)
(1.17476 0.000374385 0)
(1.17456 0.000217865 0)
(1.17505 0.000269542 0)
(1.17491 0.000156895 0)
(1.17526 0.000193967 0)
(1.17517 0.000112725 0)
(1.17541 0.00013948 0)
(1.17535 8.10515e-05 0)
(1.17552 9.9951e-05 0)
(1.17548 5.7982e-05 0)
(1.1756 7.15492e-05 0)
(1.17557 4.13384e-05 0)
(1.17566 5.15563e-05 0)
(1.17564 2.95298e-05 0)
(1.1757 3.76479e-05 0)
(1.17569 2.12852e-05 0)
(1.17573 2.81644e-05 0)
(1.17573 1.54842e-05 0)
(1.17575 2.13245e-05 0)
(1.17575 1.16662e-05 0)
(1.17578 8.45088e-06 0)
(1.00119 3.45094e-06 0)
(1.00036 -0.000593644 0)
(1.00477 4.29512e-06 0)
(1.00243 -0.00178514 0)
(1.01056 5.61188e-06 0)
(1.00717 -0.00288869 0)
(1.01825 6.7905e-06 0)
(1.01413 -0.0038371 0)
(1.02745 7.82422e-06 0)
(1.02281 -0.00459242 0)
(1.03777 8.55639e-06 0)
(1.03277 -0.00515509 0)
(1.04886 8.84975e-06 0)
(1.04368 -0.00553739 0)
(1.06039 8.57884e-06 0)
(1.05517 -0.00575338 0)
(1.07204 7.66124e-06 0)
(1.06691 -0.00581742 0)
(1.08352 6.09659e-06 0)
(1.07864 -0.00573179 0)
(1.0945 3.9916e-06 0)
(1.08998 -0.00548757 0)
(1.10467 1.55264e-06 0)
(1.10066 -0.00507897 0)
(1.11368 -9.58369e-07 0)
(1.11033 -0.00450786 0)
(1.12124 -3.2703e-06 0)
(1.11868 -0.00377952 0)
(1.12705 -5.16278e-06 0)
(1.12538 -0.00290792 0)
(1.13081 -6.45152e-06 0)
(1.13023 -0.00188744 0)
(1.13231 -6.94928e-06 0)
(1.13289 -0.000759002 0)
(1.13145 -6.81166e-06 0)
(1.13323 0.000424573 0)
(1.12795 -6.15812e-06 0)
(1.13126 0.00174499 0)
(1.12137 -4.85631e-06 0)
(1.12639 0.00328194 0)
(1.11116 -2.90756e-06 0)
(1.11824 0.00510256 0)
(1.09654 -2.76999e-07 0)
(1.10625 0.00730958 0)
(1.07639 3.05948e-06 0)
(1.08951 0.0100725 0)
(1.04915 6.99205e-06 0)
(1.06677 0.0136281 0)
(1.01259 1.02022e-05 0)
(1.03625 0.0182847 0)
(0.963757 1.08019e-05 0)
(0.995513 0.0244292 0)
(0.898778 1.08134e-06 0)
(0.941365 0.0324991 0)
(0.813092 -1.67275e-05 0)
(0.869308 0.0428392 0)
(0.702229 -3.52986e-05 0)
(0.77649 0.0554039 0)
(0.565329 -4.19142e-05 0)
(0.647087 0.0683975 0)
(1.58141 -1.92801e-05 0)
(0.543425 0.0646411 -6.52502e-17)
(0.235076 0 0)
(0 0.0150138 0)
(8.74947e-05 0 0)
(0 -7.14884e-06 0)
(0.000178951 0 0)
(0 3.5821e-07 0)
(0.000413833 0 0)
(0 1.65202e-07 0)
(0.000719761 0 0)
(0 -2.92403e-05 0)
(0.00151002 0 0)
(0 -3.03304e-06 0)
(0.00334168 0 0)
(0 -8.69059e-06 0)
(0.00724432 0 0)
(0 -2.90196e-05 0)
(0.0192695 0 0)
(0 -9.50845e-05 0)
(0.068757 0 0)
(0 0.000120313 0)
(0.247849 0 0)
(0 0.0015437 0)
(0.382205 6.81383e-05 0)
(0.243811 -0.0162104 -1.60448e-18)
(0.523722 6.89849e-05 0)
(0.504908 -0.0229131 -5.91515e-18)
(0.612661 5.9221e-05 0)
(0.57287 -0.0444875 0)
(0.715894 9.75135e-05 0)
(0.672634 -0.0515143 0)
(0.815286 5.81677e-05 0)
(0.778591 -0.0496286 0)
(0.901402 3.07652e-05 0)
(0.869952 -0.0430175 0)
(0.971218 2.03398e-05 0)
(0.946451 -0.0348849 0)
(1.02545 1.4336e-05 0)
(1.00647 -0.0271019 0)
(1.06639 8.82222e-06 0)
(1.05224 -0.0204592 0)
(1.09671 4.77291e-06 0)
(1.08635 -0.0151519 0)
(1.11885 2.5082e-06 0)
(1.11134 -0.0110692 0)
(1.13488 1.21904e-06 0)
(1.12946 -0.00801143 0)
(1.14641 6.56055e-07 0)
(1.14252 -0.00576437 0)
(1.15468 5.49497e-07 0)
(1.15189 -0.00413415 0)
(1.1606 6.6845e-07 0)
(1.1586 -0.00296236 0)
(1.16485 8.64119e-07 0)
(1.16342 -0.00212428 0)
(1.16791 1.04842e-06 0)
(1.16687 -0.00152642 0)
(1.17011 1.17511e-06 0)
(1.16936 -0.00109984 0)
(1.1717 1.22741e-06 0)
(1.17116 -0.000793976 0)
(1.17285 1.21059e-06 0)
(1.17245 -0.000573286 0)
(1.17368 1.13599e-06 0)
(1.17339 -0.000413917 0)
(1.17428 1.0151e-06 0)
(1.17407 -0.000299171 0)
(1.17471 8.57617e-07 0)
(1.17456 -0.000215976 0)
(1.17503 6.68799e-07 0)
(1.17491 -0.000155349 0)
(1.17525 4.53983e-07 0)
(1.17517 -0.000111595 0)
(1.17541 2.16102e-07 0)
(1.17535 -8.03685e-05 0)
(1.17553 -3.66702e-08 0)
(1.17548 -5.78033e-05 0)
(1.17561 -2.97405e-07 0)
(1.17557 -4.16687e-05 0)
(1.17567 -5.65008e-07 0)
(1.17564 -3.03923e-05 0)
(1.17571 -8.44172e-07 0)
(1.17569 -2.26818e-05 0)
(1.17575 -1.1252e-06 0)
(1.17573 -1.74579e-05 0)
(1.17577 -1.45326e-06 0)
(1.17575 -1.42093e-05 0)
(1.17578 -1.17582e-05 0)
(1.00123 -0.00240058 0)
(1.00038 -0.00182788 0)
(1.00493 -0.00469433 0)
(1.0026 -0.00548503 0)
(1.0109 -0.00673873 0)
(1.00764 -0.00885728 0)
(1.0188 -0.00843604 0)
(1.01502 -0.0117322 0)
(1.02822 -0.00975176 0)
(1.02416 -0.0140142 0)
(1.03877 -0.0106955 0)
(1.0346 -0.0157016 0)
(1.05006 -0.011293 0)
(1.04594 -0.0168338 0)
(1.06177 -0.0115726 0)
(1.05783 -0.0174571 0)
(1.07356 -0.0115504 0)
(1.06991 -0.0176154 0)
(1.08515 -0.0112195 0)
(1.08189 -0.0173141 0)
(1.09619 -0.0105653 0)
(1.09339 -0.0165316 0)
(1.10637 -0.00958302 0)
(1.10413 -0.0152575 0)
(1.11536 -0.00827876 0)
(1.11378 -0.0135008 0)
(1.12287 -0.00667059 0)
(1.12204 -0.0112819 0)
(1.1286 -0.00476886 0)
(1.12863 -0.0086459 0)
(1.13233 -0.00264134 0)
(1.13338 -0.00561241 0)
(1.13393 -0.000374069 0)
(1.13601 -0.00235743 0)
(1.13318 0.00213561 0)
(1.13652 0.00117677 0)
(1.12977 0.00501881 0)
(1.13462 0.00514645 0)
(1.12339 0.008369 0)
(1.13002 0.00966775 0)
(1.11352 0.0123783 0)
(1.12241 0.0149679 0)
(1.09946 0.0173265 0)
(1.11127 0.0213702 0)
(1.08018 0.0236155 0)
(1.09586 0.0293583 0)
(1.05421 0.0317849 0)
(1.07509 0.0396007 0)
(1.01952 0.0425245 0)
(1.04749 0.0529687 0)
(0.973378 0.0566444 0)
(1.01099 0.0705726 0)
(0.912184 0.0749183 0)
(0.962954 0.0936939 0)
(0.831539 0.0976802 0)
(0.899449 0.123485 0)
(0.72658 0.122438 0)
(0.817938 0.160363 0)
(0.595571 0.129124 -6.52502e-17)
(0.703492 0.199408 0)
(1.76087 0.061776 -6.52502e-17)
(0.587023 0.193783 -6.52502e-17)
(0.298992 0 0)
(0.253457 -0.236143 0)
(0.000116778 0 0)
(0 0.000817892 0)
(0.00020242 0 0)
(0 -1.13735e-05 0)
(0.000398336 0 0)
(0 9.41401e-07 0)
(0.000893966 0 0)
(0 2.54476e-07 0)
(0.00162179 0 0)
(0 -4.17649e-05 0)
(0.00354822 0 0)
(0 -6.75085e-05 0)
(0.0085544 0 0)
(0 -0.000113869 0)
(0.0256636 0 0)
(0 -0.000102049 0)
(0.0985273 0 0)
(0 0.000423999 0)
(0.278479 -0.00201829 -1.60448e-18)
(0 -0.00294275 0)
(0.484502 -0.0241693 -7.51963e-18)
(0.490587 -0.0129801 -1.60448e-18)
(0.541683 -0.0666245 -5.91515e-18)
(0.532 -0.0798764 -5.91515e-18)
(0.634624 -0.0962838 0)
(0.617452 -0.137429 0)
(0.737446 -0.10161 0)
(0.718822 -0.154336 0)
(0.833815 -0.0928521 0)
(0.818058 -0.145997 0)
(0.916143 -0.0779348 0)
(0.902377 -0.125345 0)
(0.982453 -0.0619983 0)
(0.971376 -0.101195 0)
(1.03381 -0.0475922 0)
(1.02524 -0.0784547 0)
(1.07251 -0.0356365 0)
(1.06605 -0.0591653 0)
(1.10113 -0.0262327 0)
(1.09633 -0.0437709 0)
(1.12202 -0.0190859 0)
(1.11848 -0.0319553 0)
(1.13713 -0.0137785 0)
(1.13454 -0.023125 0)
(1.14801 -0.00989986 0)
(1.14612 -0.0166416 0)
(1.15581 -0.00709749 0)
(1.15444 -0.0119382 0)
(1.16141 -0.00508789 0)
(1.16041 -0.00855818 0)
(1.16542 -0.00365238 0)
(1.16469 -0.00614017 0)
(1.16831 -0.00262829 0)
(1.16777 -0.00441491 0)
(1.1704 -0.00189589 0)
(1.16999 -0.003184 0)
(1.1719 -0.00136908 0)
(1.1716 -0.00230041 0)
(1.17299 -0.000988809 0)
(1.17276 -0.00166145 0)
(1.17378 -0.000714691 0)
(1.1736 -0.00119968 0)
(1.17434 -0.000516672 0)
(1.1742 -0.00086787 0)
(1.17476 -0.000372689 0)
(1.17464 -0.000626603 0)
(1.17505 -0.000268226 0)
(1.17495 -0.000450242 0)
(1.17526 -0.000193082 0)
(1.17518 -0.000323168 0)
(1.17541 -0.000139067 0)
(1.17534 -0.000232757 0)
(1.17552 -0.000100041 0)
(1.17546 -0.000166629 0)
(1.1756 -7.21548e-05 0)
(1.17554 -0.000119704 0)
(1.17566 -5.26891e-05 0)
(1.1756 -8.67097e-05 0)
(1.1757 -3.93306e-05 0)
(1.17564 -6.3937e-05 0)
(1.17573 -3.04267e-05 0)
(1.17567 -4.82217e-05 0)
(1.17575 -2.42618e-05 0)
(1.17569 -3.87789e-05 0)
(1.17572 -3.11721e-05 0)
(1.00136 -0.00496408 0)
(1.00043 -0.00318413 0)
(1.00542 -0.00969064 0)
(1.00295 -0.0095496 0)
(1.01195 -0.0138741 0)
(1.00866 -0.0153813 0)
(1.02051 -0.0173151 0)
(1.01694 -0.0202941 0)
(1.03063 -0.0199552 0)
(1.02707 -0.0241389 0)
(1.04186 -0.0218228 0)
(1.03849 -0.0269347 0)
(1.05379 -0.0229773 0)
(1.05076 -0.0287624 0)
(1.06605 -0.0234788 0)
(1.06347 -0.0297127 0)
(1.07829 -0.023358 0)
(1.07624 -0.0298538 0)
(1.09017 -0.0226068 0)
(1.08868 -0.0291986 0)
(1.10138 -0.0212078 0)
(1.10047 -0.0277343 0)
(1.11158 -0.0191621 0)
(1.11128 -0.0254619 0)
(1.12049 -0.0164926 0)
(1.12084 -0.0224128 0)
(1.12785 -0.0132496 0)
(1.12889 -0.0186391 0)
(1.13344 -0.009494 0)
(1.13523 -0.0142326 0)
(1.1371 -0.00535172 0)
(1.13973 -0.00927838 0)
(1.13871 -0.000843594 0)
(1.14224 -0.00396253 0)
(1.13804 0.00414466 0)
(1.14271 0.00184179 0)
(1.13495 0.00974179 0)
(1.14097 0.00824295 0)
(1.12916 0.0161891 0)
(1.13689 0.0154524 0)
(1.12032 0.0238467 0)
(1.13025 0.0238118 0)
(1.10787 0.0332382 0)
(1.1207 0.0338223 0)
(1.09101 0.0451033 0)
(1.10772 0.046216 0)
(1.06863 0.0604267 0)
(1.09056 0.0619813 0)
(1.0392 0.0804786 0)
(1.06819 0.0823938 0)
(1.00068 0.106816 0)
(1.03929 0.1091 0)
(0.950244 0.141062 0)
(1.00214 0.144127 0)
(0.884193 0.184328 0)
(0.95403 0.189537 0)
(0.797698 0.233958 0)
(0.893134 0.24686 0)
(0.686605 0.258856 0)
(0.80772 0.310503 0)
(0.556764 0.157418 0)
(0.695919 0.332458 0)
(0.713063 0.0283711 0)
(0.574174 0.195589 0)
(0.0468301 0 0)
(0 0.0493206 0)
(0.000272057 0 0)
(0 -1.24107e-05 0)
(0.000472911 0 0)
(0 -2.87588e-05 0)
(0.00108664 0 0)
(0 -2.13262e-05 0)
(0.0023675 0 0)
(0 -6.27922e-05 0)
(0.00517522 0 0)
(0 -0.000184931 0)
(0.0125273 0 0)
(0 -0.000438395 0)
(0.0377027 0 0)
(0 -0.00106239 0)
(0.133368 0 0)
(0 0.000155392 0)
(0.31876 -0.0127064 0)
(0 0.00112747 0)
(0.509143 -0.071028 0)
(0.521795 -0.0678497 0)
(0.601755 -0.15161 0)
(0.613365 -0.172488 0)
(0.703206 -0.19604 0)
(0.713346 -0.238879 0)
(0.801081 -0.199083 0)
(0.809004 -0.252211 0)
(0.887377 -0.178671 0)
(0.894283 -0.232293 0)
(0.958721 -0.148668 0)
(0.963877 -0.196689 0)
(1.01501 -0.117685 0)
(1.01863 -0.157488 0)
(1.05802 -0.090051 0)
(1.06049 -0.121463 0)
(1.09017 -0.0673058 0)
(1.0918 -0.09131 0)
(1.11383 -0.0494921 0)
(1.11487 -0.0674362 0)
(1.13108 -0.0359924 0)
(1.13171 -0.0491985 0)
(1.14356 -0.0259873 0)
(1.14392 -0.0356128 0)
(1.15257 -0.0186793 0)
(1.15276 -0.0256453 0)
(1.15904 -0.0133985 0)
(1.15913 -0.0184073 0)
(1.16368 -0.00961089 0)
(1.1637 -0.0132064 0)
(1.16703 -0.00690423 0)
(1.16699 -0.00948272 0)
(1.16944 -0.0049734 0)
(1.16936 -0.00682512 0)
(1.17118 -0.00359164 0)
(1.17108 -0.00492968 0)
(1.17245 -0.00259541 0)
(1.17233 -0.00356528 0)
(1.17336 -0.00187478 0)
(1.17323 -0.00257354 0)
(1.17402 -0.00135539 0)
(1.17388 -0.00185679 0)
(1.17449 -0.000980368 0)
(1.17435 -0.0013449 0)
(1.17484 -0.000706926 0)
(1.17469 -0.000969593 0)
(1.17508 -0.00050784 0)
(1.17493 -0.000694894 0)
(1.17526 -0.000364565 0)
(1.17511 -0.000498288 0)
(1.17538 -0.000261031 0)
(1.17523 -0.000358544 0)
(1.17547 -0.000186415 0)
(1.17531 -0.000256221 0)
(1.17554 -0.00013395 0)
(1.17537 -0.000183579 0)
(1.17558 -9.7501e-05 0)
(1.17542 -0.000132157 0)
(1.17561 -7.25028e-05 0)
(1.17545 -9.70357e-05 0)
(1.17564 -5.62922e-05 0)
(1.17547 -7.29752e-05 0)
(1.17566 -4.53877e-05 0)
(1.17549 -5.91368e-05 0)
(1.17551 -4.7316e-05 0)
(1.00158 -0.00786468 0)
(1.00052 -0.00476506 0)
(1.00632 -0.0153176 0)
(1.00356 -0.0142923 0)
(1.01387 -0.0218406 0)
(1.0104 -0.0229275 0)
(1.02364 -0.0271217 0)
(1.02021 -0.0300647 0)
(1.03503 -0.0310982 0)
(1.03199 -0.0355256 0)
(1.04748 -0.033841 0)
(1.04503 -0.0393897 0)
(1.06053 -0.0354596 0)
(1.05879 -0.0418054 0)
(1.07373 -0.0360487 0)
(1.07279 -0.0429161 0)
(1.08668 -0.0356563 0)
(1.08654 -0.042808 0)
(1.09902 -0.0342921 0)
(1.09961 -0.0415338 0)
(1.11041 -0.0319611 0)
(1.11168 -0.0391282 0)
(1.12057 -0.0286949 0)
(1.12245 -0.0356241 0)
(1.12927 -0.024553 0)
(1.1317 -0.0311094 0)
(1.13631 -0.0196275 0)
(1.13928 -0.0256752 0)
(1.14155 -0.0140373 0)
(1.14506 -0.0194762 0)
(1.14492 -0.00792396 0)
(1.14899 -0.0126471 0)
(1.14631 -0.00131608 0)
(1.15104 -0.0053531 0)
(1.14569 0.00588892 0)
(1.15126 0.00246634 0)
(1.14299 0.0138716 0)
(1.14964 0.0109434 0)
(1.13808 0.0229549 0)
(1.14619 0.0203605 0)
(1.13076 0.0336162 0)
(1.14081 0.0311348 0)
(1.1207 0.0465583 0)
(1.13335 0.0438811 0)
(1.10741 0.062749 0)
(1.12355 0.0594996 0)
(1.09024 0.0834457 0)
(1.11102 0.0791511 0)
(1.06834 0.110274 0)
(1.09529 0.104294 0)
(1.04061 0.145309 0)
(1.07582 0.136831 0)
(1.00554 0.190957 0)
(1.05201 0.179197 0)
(0.960895 0.249651 0)
(1.02283 0.234185 0)
(0.902939 0.320117 0)
(0.987481 0.304817 0)
(0.824722 0.376762 0)
(0.94265 0.38872 0)
(0.70269 0.318705 0)
(0.868917 0.454491 0)
(1.21981 0.120784 0)
(0.755486 0.354851 -4.47273e-19)
(0.224399 0 0)
(0.335565 -0.255217 2.72781e-18)
(0.000432597 0 0)
(0 0.0341892 0)
(0.00076263 0 0)
(0 -6.20359e-05 0)
(0.00158348 0 0)
(0 -9.56002e-05 0)
(0.00379353 0 0)
(0 -4.97308e-05 0)
(0.00840289 0 0)
(0 -0.000570672 0)
(0.0222299 0 0)
(0 -0.000988795 0)
(0.0781484 0 0)
(0 -0.00318998 0)
(0.233066 0 0)
(0 -0.00698355 0)
(0.431768 -0.0436188 0)
(0.284437 -0.0393298 0)
(0.607727 -0.156156 0)
(0.626236 -0.154132 0)
(0.720532 -0.257911 0)
(0.76316 -0.285293 0)
(0.819998 -0.294712 0)
(0.859902 -0.338345 0)
(0.90357 -0.285337 0)
(0.938519 -0.335783 0)
(0.971694 -0.250406 0)
(1.00109 -0.300417 0)
(1.02482 -0.205586 0)
(1.04762 -0.249813 0)
(1.06494 -0.161278 0)
(1.08183 -0.197611 0)
(1.09478 -0.122699 0)
(1.10699 -0.151298 0)
(1.11677 -0.091416 0)
(1.12546 -0.113304 0)
(1.13288 -0.0671263 0)
(1.13896 -0.0835456 0)
(1.14461 -0.0488104 0)
(1.14879 -0.0609283 0)
(1.15314 -0.0352674 0)
(1.15596 -0.044146 0)
(1.15933 -0.0253711 0)
(1.1612 -0.0318296 0)
(1.16378 -0.0182146 0)
(1.16498 -0.0228572 0)
(1.16699 -0.0130789 0)
(1.1677 -0.0164165 0)
(1.1693 -0.00940473 0)
(1.16967 -0.0117979 0)
(1.17098 -0.00678431 0)
(1.17109 -0.00850524 0)
(1.17221 -0.00490921 0)
(1.17214 -0.00616104 0)
(1.17311 -0.00355299 0)
(1.17292 -0.00446079 0)
(1.17375 -0.00256659 0)
(1.17349 -0.00321498 0)
(1.17421 -0.00185333 0)
(1.17389 -0.0023171 0)
(1.17454 -0.00133608 0)
(1.17417 -0.00167993 0)
(1.17478 -0.000956772 0)
(1.17437 -0.00120905 0)
(1.17495 -0.000682624 0)
(1.17451 -0.00086509 0)
(1.17507 -0.000489169 0)
(1.17461 -0.000616741 0)
(1.17515 -0.000351775 0)
(1.17468 -0.000440249 0)
(1.17521 -0.000252609 0)
(1.17473 -0.000314252 0)
(1.17525 -0.000181908 0)
(1.17476 -0.000224936 0)
(1.17528 -0.000132244 0)
(1.17478 -0.000161675 0)
(1.1753 -9.80265e-05 0)
(1.1748 -0.000118324 0)
(1.17532 -7.62427e-05 0)
(1.17481 -8.87357e-05 0)
(1.17533 -6.14827e-05 0)
(1.17482 -7.25605e-05 0)
(1.17483 -5.85152e-05 0)
(1.00196 -0.0113475 0)
(1.00066 -0.00672359 0)
(1.00783 -0.0220206 0)
(1.00456 -0.0201671 0)
(1.01705 -0.0312023 0)
(1.01327 -0.0321399 0)
(1.02874 -0.0384631 0)
(1.0255 -0.0417611 0)
(1.0421 -0.0437778 0)
(1.03981 -0.0488853 0)
(1.05643 -0.0472999 0)
(1.05526 -0.053722 0)
(1.07114 -0.0492009 0)
(1.07112 -0.0565099 0)
(1.08566 -0.049611 0)
(1.08681 -0.0574349 0)
(1.0995 -0.0486278 0)
(1.10167 -0.0566519 0)
(1.1123 -0.0463212 0)
(1.1153 -0.0543332 0)
(1.12375 -0.0427467 0)
(1.12739 -0.0505743 0)
(1.13359 -0.0380045 0)
(1.13771 -0.0454699 0)
(1.14174 -0.0322251 0)
(1.14609 -0.039254 0)
(1.14806 -0.0255433 0)
(1.15264 -0.0319981 0)
(1.15253 -0.0181133 0)
(1.15725 -0.0239458 0)
(1.15515 -0.0101074 0)
(1.16003 -0.0152692 0)
(1.15602 -0.00161826 0)
(1.16112 -0.00621588 0)
(1.15524 0.00744286 0)
(1.16077 0.00323816 0)
(1.1529 0.0173193 0)
(1.15915 0.0132915 0)
(1.14898 0.0283835 0)
(1.15632 0.0242803 0)
(1.14346 0.0411805 0)
(1.15233 0.0366514 0)
(1.13627 0.0565243 0)
(1.14724 0.0510708 0)
(1.1272 0.0755018 0)
(1.14103 0.0685692 0)
(1.11603 0.0994457 0)
(1.1336 0.0903179 0)
(1.10262 0.130062 0)
(1.12496 0.117706 0)
(1.08682 0.16958 0)
(1.11533 0.152628 0)
(1.06853 0.220754 0)
(1.10511 0.197491 0)
(1.04752 0.286837 0)
(1.09491 0.255195 0)
(1.02312 0.369849 0)
(1.08564 0.329217 0)
(0.990043 0.459105 0)
(1.0794 0.4218 0)
(0.925673 0.471641 -4.47273e-19)
(1.06591 0.518861 0)
(0.788365 0.311711 2.28053e-18)
(1.0141 0.512788 -4.47273e-19)
(0.95276 0.0913466 2.72781e-18)
(0.869756 0.334422 2.03248e-18)
(0.1968 0 0)
(0.407255 -0.214871 0)
(0.00161854 0 0)
(0 0.0577841 0)
(0.0034832 0 0)
(0 0.016697 0)
(0.0091348 0 0)
(0 -0.00189989 0)
(0.027255 0 0)
(0 -0.00957215 0)
(0.0839102 0 0)
(0 -0.0169806 0)
(0.209525 0 0)
(0 -0.0223775 0)
(0.432315 -0.0380243 0)
(0.324869 -0.0223332 0)
(0.618289 -0.1517 0)
(0.695175 -0.168053 8.03853e-19)
(0.779016 -0.2888 0)
(0.854424 -0.314859 0)
(0.897467 -0.368759 0)
(0.977456 -0.403744 0)
(0.979136 -0.380334 0)
(1.04841 -0.420014 0)
(1.03722 -0.351211 0)
(1.09596 -0.393868 0)
(1.07784 -0.29989 0)
(1.12452 -0.341037 0)
(1.10558 -0.241751 0)
(1.14067 -0.277549 0)
(1.12465 -0.187523 0)
(1.15035 -0.216682 0)
(1.13814 -0.141821 0)
(1.15665 -0.164787 0)
(1.14788 -0.10538 0)
(1.16097 -0.123046 0)
(1.15499 -0.077316 0)
(1.16404 -0.090655 0)
(1.16017 -0.0562458 0)
(1.16628 -0.066114 0)
(1.16403 -0.0406981 0)
(1.16796 -0.0480036 0)
(1.16687 -0.0293194 0)
(1.16923 -0.0346644 0)
(1.16889 -0.0210786 0)
(1.1702 -0.0248791 0)
(1.17037 -0.0151693 0)
(1.17089 -0.0178979 0)
(1.17144 -0.0109335 0)
(1.17142 -0.0128693 0)
(1.17224 -0.00789841 0)
(1.17184 -0.0093018 0)
(1.17285 -0.00571198 0)
(1.17215 -0.00677067 0)
(1.1733 -0.00411365 0)
(1.17239 -0.00491089 0)
(1.17362 -0.0029505 0)
(1.17256 -0.0035401 0)
(1.17385 -0.00212988 0)
(1.17267 -0.00254013 0)
(1.17399 -0.00154589 0)
(1.17274 -0.0018286 0)
(1.1741 -0.00111576 0)
(1.17278 -0.00131179 0)
(1.17417 -0.000801325 0)
(1.1728 -0.000936686 0)
(1.17422 -0.000572137 0)
(1.17282 -0.000666643 0)
(1.17425 -0.000407109 0)
(1.17283 -0.000473023 0)
(1.17427 -0.000290066 0)
(1.17283 -0.000335649 0)
(1.17429 -0.0002073 0)
(1.17283 -0.000238888 0)
(1.1743 -0.000149613 0)
(1.17283 -0.000171013 0)
(1.1743 -0.000110342 0)
(1.17283 -0.000124936 0)
(1.17431 -8.59481e-05 0)
(1.17283 -9.37284e-05 0)
(1.17431 -7.00687e-05 0)
(1.17283 -7.72035e-05 0)
(1.17283 -6.34578e-05 0)
(1.00259 -0.0157882 0)
(1.00091 -0.00931663 0)
(1.01032 -0.0304513 0)
(1.00629 -0.0278988 0)
(1.02217 -0.0427437 0)
(1.01804 -0.0439848 0)
(1.03681 -0.0521505 0)
(1.03404 -0.0564016 0)
(1.05309 -0.0587627 0)
(1.05206 -0.0651657 0)
(1.07005 -0.0628447 0)
(1.07074 -0.0706821 0)
(1.08688 -0.06464 0)
(1.08914 -0.0733404 0)
(1.10288 -0.0643663 0)
(1.10654 -0.073433 0)
(1.11749 -0.0622615 0)
(1.12213 -0.071264 0)
(1.13041 -0.0585139 0)
(1.13554 -0.0672558 0)
(1.14138 -0.0532494 0)
(1.14668 -0.0615412 0)
(1.15019 -0.0466645 0)
(1.15551 -0.0542754 0)
(1.15699 -0.0389519 0)
(1.16185 -0.046056 0)
(1.16186 -0.0303672 0)
(1.16633 -0.0368646 0)
(1.16478 -0.0211348 0)
(1.16861 -0.0268725 0)
(1.16598 -0.011435 0)
(1.16947 -0.0164689 0)
(1.16588 -0.0014291 0)
(1.16924 -0.00610901 0)
(1.1647 0.00898902 0)
(1.16809 0.00441246 0)
(1.1626 0.0201253 0)
(1.16634 0.0153881 0)
(1.15968 0.0323899 0)
(1.16414 0.0272021 0)
(1.15609 0.0463331 0)
(1.16161 0.0402473 0)
(1.15201 0.0628069 0)
(1.15897 0.0551523 0)
(1.1474 0.0829343 0)
(1.15653 0.0731788 0)
(1.14235 0.107984 0)
(1.15427 0.0953652 0)
(1.13734 0.139514 0)
(1.15256 0.122709 0)
(1.13301 0.179531 0)
(1.15218 0.156959 0)
(1.13039 0.230525 0)
(1.15422 0.200114 0)
(1.1311 0.295506 0)
(1.16037 0.25449 0)
(1.13761 0.377579 0)
(1.17319 0.322708 0)
(1.15234 0.4775 0)
(1.1962 0.40706 0)
(1.16307 0.551526 0)
(1.23385 0.508141 0)
(1.11181 0.518742 -6.95323e-19)
(1.26495 0.564042 0)
(0.980961 0.32079 -6.95323e-19)
(1.2436 0.513234 -6.95323e-19)
(0.967528 0.0877019 0)
(1.05959 0.296179 0)
(0.467291 0 0)
(0.578425 -0.366579 0)
(0.222926 0 0)
(0.475661 -0.20765 0)
(0.191097 0 0)
(0.37541 -0.0839653 -1.41292e-18)
(0.214038 0 0)
(0.371331 -0.0568978 1.61725e-18)
(0.280322 0 0)
(0.421442 -0.0396058 2.53831e-18)
(0.572585 -0.0475502 0)
(0.464557 -0.0252529 0)
(0.729175 -0.179727 8.03853e-19)
(0.888405 -0.206595 0)
(0.909684 -0.336141 8.03853e-19)
(1.05133 -0.357624 8.03853e-19)
(1.05145 -0.433004 0)
(1.1775 -0.456622 0)
(1.12662 -0.45544 0)
(1.23173 -0.478913 0)
(1.16666 -0.433618 0)
(1.25232 -0.460055 0)
(1.18409 -0.383582 0)
(1.25278 -0.411299 0)
(1.18815 -0.318382 0)
(1.24043 -0.345101 0)
(1.18634 -0.252249 0)
(1.2246 -0.275739 0)
(1.18303 -0.19386 0)
(1.21046 -0.213375 0)
(1.17986 -0.146023 0)
(1.19907 -0.161616 0)
(1.17732 -0.108358 0)
(1.1903 -0.120499 0)
(1.17542 -0.0794753 0)
(1.18379 -0.0887623 0)
(1.17407 -0.0578747 0)
(1.17906 -0.0647632 0)
(1.17318 -0.0419944 0)
(1.17567 -0.0471123 0)
(1.17258 -0.0302801 0)
(1.17326 -0.0340643 0)
(1.17216 -0.0217309 0)
(1.17156 -0.0244625 0)
(1.17191 -0.0155798 0)
(1.17044 -0.0176477 0)
(1.1718 -0.0112021 0)
(1.16966 -0.0127532 0)
(1.17174 -0.00815386 0)
(1.16911 -0.00924433 0)
(1.17169 -0.00596559 0)
(1.1687 -0.00672309 0)
(1.17164 -0.00434074 0)
(1.16837 -0.00485945 0)
(1.1716 -0.00313988 0)
(1.16812 -0.00349535 0)
(1.17156 -0.0022553 0)
(1.16793 -0.00250409 0)
(1.17152 -0.00161119 0)
(1.16779 -0.00178934 0)
(1.17148 -0.00114591 0)
(1.16768 -0.00127484 0)
(1.17145 -0.000811753 0)
(1.16759 -0.000904369 0)
(1.17142 -0.000574108 0)
(1.16752 -0.000639802 0)
(1.1714 -0.000405787 0)
(1.16747 -0.000451412 0)
(1.17139 -0.000287297 0)
(1.16744 -0.000318323 0)
(1.17137 -0.000204458 0)
(1.16741 -0.000225136 0)
(1.17136 -0.000147516 0)
(1.16739 -0.000160447 0)
(1.17135 -0.000109072 0)
(1.16737 -0.000117106 0)
(1.17135 -8.5446e-05 0)
(1.16736 -8.81468e-05 0)
(1.17134 -7.08705e-05 0)
(1.16735 -7.35056e-05 0)
(1.16734 -6.21318e-05 0)
(1.00373 -0.0218295 0)
(1.00138 -0.0130461 0)
(1.01457 -0.0416585 0)
(1.00942 -0.0387392 0)
(1.03058 -0.057658 0)
(1.02626 -0.0599992 0)
(1.04959 -0.069316 0)
(1.04796 -0.0754065 0)
(1.06982 -0.0769309 0)
(1.07083 -0.0853984 0)
(1.08992 -0.0810147 0)
(1.09301 -0.0907796 0)
(1.10889 -0.0819853 0)
(1.1133 -0.0923133 0)
(1.12585 -0.0802039 0)
(1.13101 -0.090392 0)
(1.14015 -0.0761426 0)
(1.14545 -0.0855642 0)
(1.15183 -0.0701827 0)
(1.15635 -0.0789309 0)
(1.16082 -0.0625482 0)
(1.16431 -0.0705313 0)
(1.16717 -0.0537942 0)
(1.16976 -0.0606301 0)
(1.17114 -0.0441521 0)
(1.17221 -0.0500283 0)
(1.17307 -0.033469 0)
(1.17313 -0.0387906 0)
(1.17335 -0.0222552 0)
(1.1723 -0.0271509 0)
(1.17268 -0.0112153 0)
(1.17076 -0.0158034 0)
(1.17142 -0.000367705 0)
(1.16886 -0.00484122 0)
(1.16974 0.010679 0)
(1.16679 0.00608749 0)
(1.16789 0.0222833 0)
(1.16496 0.0172387 0)
(1.16604 0.0348355 0)
(1.16355 0.0290561 0)
(1.16441 0.0488275 0)
(1.16274 0.0418779 0)
(1.16344 0.0652807 0)
(1.16277 0.0561159 0)
(1.1633 0.0853017 0)
(1.1638 0.0733197 0)
(1.1642 0.109634 0)
(1.16645 0.0944672 0)
(1.16696 0.139536 0)
(1.17125 0.119944 -3.20324e-33)
(1.17267 0.176784 0)
(1.17915 0.151254 3.17283e-33)
(1.18299 0.223198 0)
(1.1915 0.189788 0)
(1.20048 0.280786 0)
(1.21037 0.237003 0)
(1.22883 0.351564 0)
(1.2389 0.29436 0)
(1.27304 0.437192 0)
(1.28119 0.36285 0)
(1.33839 0.51959 0)
(1.34405 0.442793 0)
(1.39375 0.551642 0)
(1.42583 0.508673 0)
(1.38779 0.503447 0)
(1.49907 0.519199 0)
(1.21311 0.388362 0)
(1.47893 0.470858 0)
(1.0902 0.213099 0)
(1.43135 0.399073 0)
(0.863724 0.0564092 -1.41292e-18)
(1.32637 0.212666 0)
(0.746613 -0.00971949 2.04339e-19)
(1.20263 0.0509213 -1.41292e-18)
(0.797364 -0.0534756 4.15556e-18)
(1.18436 -0.0473697 1.61725e-18)
(0.899497 -0.117328 2.53831e-18)
(1.24343 -0.151126 2.53831e-18)
(1.02243 -0.238659 0)
(1.30208 -0.273487 0)
(1.20056 -0.388371 0)
(1.40465 -0.38472 0)
(1.31339 -0.475308 0)
(1.47081 -0.47045 0)
(1.35426 -0.498427 0)
(1.47869 -0.497496 0)
(1.35796 -0.481767 0)
(1.4543 -0.482608 0)
(1.33981 -0.436835 0)
(1.41525 -0.441904 0)
(1.30966 -0.372309 0)
(1.36754 -0.381156 0)
(1.27764 -0.302327 0)
(1.32015 -0.313075 0)
(1.2495 -0.236871 0)
(1.27937 -0.247599 0)
(1.22701 -0.181119 0)
(1.24701 -0.190885 0)
(1.20976 -0.136037 0)
(1.22217 -0.144368 0)
(1.1969 -0.10087 0)
(1.20354 -0.107642 0)
(1.18749 -0.074088 0)
(1.1898 -0.0793537 0)
(1.18066 -0.0540768 0)
(1.17973 -0.0579255 0)
(1.17573 -0.0392033 0)
(1.17238 -0.0421897 0)
(1.17224 -0.0282067 0)
(1.16722 -0.0305748 0)
(1.16982 -0.0203649 0)
(1.16342 -0.0220382 0)
(1.16814 -0.0148467 0)
(1.16079 -0.0159702 0)
(1.16696 -0.0108259 0)
(1.15888 -0.0115708 0)
(1.16607 -0.00784845 0)
(1.15746 -0.00835304 0)
(1.16537 -0.00565713 0)
(1.15641 -0.00602872 0)
(1.16485 -0.00405254 0)
(1.15561 -0.00433306 0)
(1.16445 -0.00289206 0)
(1.15503 -0.00310097 0)
(1.16416 -0.00206015 0)
(1.15459 -0.00221187 0)
(1.16394 -0.00146528 0)
(1.15428 -0.00157202 0)
(1.16378 -0.00103994 0)
(1.15404 -0.00111324 0)
(1.16366 -0.000735831 0)
(1.15387 -0.000784849 0)
(1.16357 -0.000518982 0)
(1.15374 -0.000550979 0)
(1.16351 -0.000365204 0)
(1.15365 -0.000385369 0)
(1.16346 -0.000257083 0)
(1.15358 -0.000269067 0)
(1.16342 -0.000181864 0)
(1.15353 -0.000188358 0)
(1.16339 -0.000130671 0)
(1.15349 -0.000133094 0)
(1.16337 -9.66915e-05 0)
(1.15346 -9.68526e-05 0)
(1.16336 -7.65406e-05 0)
(1.15344 -7.33663e-05 0)
(1.16335 -6.49413e-05 0)
(1.15343 -6.25406e-05 0)
(1.15341 -5.4973e-05 0)
(1.00594 -0.0306373 0)
(1.00231 -0.0189834 0)
(1.02218 -0.0574072 0)
(1.01542 -0.0549828 0)
(1.04462 -0.0777045 0)
(1.04068 -0.0824416 0)
(1.06951 -0.0913061 0)
(1.06992 -0.100288 0)
(1.09411 -0.0990599 0)
(1.09689 -0.110002 0)
(1.11644 -0.101901 0)
(1.12012 -0.11311 0)
(1.13554 -0.100547 0)
(1.13839 -0.11141 0)
(1.15066 -0.0956811 0)
(1.15194 -0.105519 0)
(1.16157 -0.088434 0)
(1.1617 -0.0964736 0)
(1.16887 -0.0793726 0)
(1.16622 -0.0862337 0)
(1.17316 -0.0685383 0)
(1.16787 -0.0748185 0)
(1.1748 -0.0566351 0)
(1.16714 -0.0622666 0)
(1.1742 -0.0445293 0)
(1.164 -0.0494262 0)
(1.1723 -0.0325457 0)
(1.15995 -0.0368959 0)
(1.16972 -0.0208525 0)
(1.15539 -0.0245652 0)
(1.16687 -0.00957395 0)
(1.15107 -0.0129597 0)
(1.16416 0.00145011 0)
(1.14741 -0.00213247 0)
(1.16199 0.0124557 0)
(1.14471 0.00826109 0)
(1.1606 0.0238029 0)
(1.14323 0.0186295 0)
(1.1602 0.0358432 0)
(1.14314 0.029457 0)
(1.16097 0.0488429 0)
(1.1446 0.0411046 0)
(1.16303 0.0637609 0)
(1.14777 0.0540599 0)
(1.16676 0.082043 0)
(1.15258 0.0695853 0)
(1.17316 0.104322 -3.20324e-33)
(1.16025 0.0880684 0)
(1.18301 0.131165 -3.33765e-35)
(1.17084 0.110095 -3.20324e-33)
(1.19726 0.163686 3.17283e-33)
(1.18603 0.137002 3.17283e-33)
(1.21776 0.203005 0)
(1.20685 0.16929 0)
(1.24711 0.250132 0)
(1.23526 0.207647 0)
(1.28899 0.305642 0)
(1.27413 0.252482 0)
(1.34839 0.369274 0)
(1.32711 0.303447 0)
(1.43224 0.434948 0)
(1.3994 0.358949 0)
(1.53117 0.480538 0)
(1.49518 0.409736 0)
(1.61841 0.481835 0)
(1.60074 0.431968 0)
(1.67436 0.44275 0)
(1.69436 0.414905 0)
(1.71561 0.354775 0)
(1.7726 0.357822 0)
(1.68148 0.205633 0)
(1.81048 0.2468 0)
(1.63501 0.037782 0)
(1.81516 0.0973871 0)
(1.63645 -0.111094 0)
(1.80287 -0.0488081 0)
(1.66042 -0.245339 0)
(1.80412 -0.175096 0)
(1.67515 -0.362624 0)
(1.80329 -0.288216 0)
(1.66973 -0.445751 0)
(1.77879 -0.379306 0)
(1.63278 -0.482615 0)
(1.72477 -0.4335 0)
(1.5771 -0.476186 0)
(1.65002 -0.441816 0)
(1.51265 -0.439669 0)
(1.56886 -0.418153 0)
(1.44362 -0.384354 0)
(1.48669 -0.372873 0)
(1.37849 -0.32076 0)
(1.40928 -0.316025 0)
(1.32247 -0.257728 0)
(1.34227 -0.257055 0)
(1.27742 -0.201361 0)
(1.28784 -0.202548 0)
(1.24247 -0.154102 0)
(1.24517 -0.155943 0)
(1.21609 -0.116056 0)
(1.21256 -0.117982 0)
(1.19649 -0.0862271 0)
(1.1881 -0.0880453 0)
(1.18205 -0.063259 0)
(1.16995 -0.0649181 0)
(1.17148 -0.0461075 0)
(1.15663 -0.0473527 0)
(1.1638 -0.033664 0)
(1.1469 -0.0345121 0)
(1.15834 -0.0244904 0)
(1.13993 -0.0251138 0)
(1.15441 -0.0176885 0)
(1.13479 -0.0181075 0)
(1.15151 -0.012751 0)
(1.1311 -0.0130653 0)
(1.14937 -0.00917509 0)
(1.1284 -0.00943144 0)
(1.1478 -0.00659353 0)
(1.1264 -0.00678388 0)
(1.14664 -0.00473666 0)
(1.12494 -0.00486867 0)
(1.14579 -0.00339523 0)
(1.12387 -0.00348189 0)
(1.14517 -0.00242482 0)
(1.12309 -0.00247839 0)
(1.14471 -0.00172456 0)
(1.12251 -0.00175581 0)
(1.14437 -0.00122105 0)
(1.12209 -0.00123768 0)
(1.14413 -0.000860261 0)
(1.12179 -0.000867814 0)
(1.14395 -0.00060282 0)
(1.12157 -0.000604813 0)
(1.14382 -0.000420273 0)
(1.1214 -0.00041886 0)
(1.14372 -0.000291876 0)
(1.12128 -0.00028839 0)
(1.14365 -0.000202575 0)
(1.1212 -0.000197811 0)
(1.1436 -0.000141373 0)
(1.12113 -0.000135928 0)
(1.14356 -0.000100634 0)
(1.12109 -9.45017e-05 0)
(1.14353 -7.45086e-05 0)
(1.12105 -6.83279e-05 0)
(1.14351 -5.99985e-05 0)
(1.12103 -5.2394e-05 0)
(1.14349 -5.28733e-05 0)
(1.12101 -4.62928e-05 0)
(1.12099 -4.34295e-05 0)
(1.01041 -0.0441752 0)
(1.0042 -0.0293967 0)
(1.03606 -0.0802033 0)
(1.02709 -0.0806341 0)
(1.06732 -0.104887 0)
(1.06403 -0.113699 0)
(1.09747 -0.118874 0)
(1.09755 -0.130441 0)
(1.12291 -0.123907 0)
(1.12128 -0.135436 0)
(1.14204 -0.12244 0)
(1.13898 -0.132244 0)
(1.15502 -0.116224 0)
(1.1475 -0.124391 0)
(1.16286 -0.106046 0)
(1.15007 -0.113356 0)
(1.16618 -0.0938873 0)
(1.14836 -0.099793 0)
(1.16537 -0.0815225 0)
(1.14185 -0.0854263 0)
(1.16171 -0.0687802 0)
(1.13312 -0.0711565 0)
(1.15624 -0.055446 0)
(1.12309 -0.0567913 0)
(1.14975 -0.0420746 0)
(1.11288 -0.042945 0)
(1.14296 -0.0290736 0)
(1.10339 -0.0301051 0)
(1.1367 -0.0168411 0)
(1.09518 -0.0183055 0)
(1.13154 -0.00572381 0)
(1.08881 -0.00780024 0)
(1.12786 0.00444773 0)
(1.08449 0.00155566 0)
(1.1259 0.0141731 0)
(1.08226 0.0102227 0)
(1.12571 0.0240108 0)
(1.08213 0.0188143 0)
(1.12747 0.0344182 0)
(1.08419 0.0276992 0)
(1.13129 0.0459377 0)
(1.08854 0.037278 0)
(1.13723 0.0594026 0)
(1.09529 0.0481224 0)
(1.14575 0.0751528 0)
(1.10465 0.0610627 0)
(1.15756 0.0934504 0)
(1.11759 0.0762568 0)
(1.17351 0.115521 0)
(1.13403 0.094144 0)
(1.19495 0.142213 0)
(1.15573 0.115562 0)
(1.2234 0.173678 0)
(1.18368 0.140837 0)
(1.26101 0.209998 0)
(1.21955 0.170041 0)
(1.31065 0.250722 0)
(1.2655 0.202846 0)
(1.37592 0.294316 0)
(1.32413 0.238177 0)
(1.46112 0.336396 0)
(1.39843 0.273748 0)
(1.56651 0.367206 0)
(1.49145 0.304345 0)
(1.67972 0.373395 0)
(1.59937 0.31875 0)
(1.78872 0.34835 0)
(1.71096 0.305913 0)
(1.88363 0.278803 0)
(1.81576 0.262911 0)
(1.94888 0.160749 0)
(1.90012 0.18155 0)
(1.97655 0.0249604 0)
(1.95958 0.0697124 0)
(1.9728 -0.101721 0)
(1.97024 -0.0450529 0)
(1.94824 -0.212886 0)
(1.95394 -0.150533 0)
(1.9016 -0.303423 0)
(1.91534 -0.241579 0)
(1.83059 -0.364778 0)
(1.8516 -0.308291 0)
(1.73928 -0.390447 0)
(1.75914 -0.342193 0)
(1.64106 -0.382649 0)
(1.65588 -0.343594 0)
(1.5435 -0.350651 0)
(1.55124 -0.3206 0)
(1.4527 -0.304336 0)
(1.45249 -0.282066 0)
(1.37347 -0.252522 0)
(1.36497 -0.236795 0)
(1.30798 -0.202061 0)
(1.29179 -0.191568 0)
(1.25585 -0.157368 0)
(1.23295 -0.150418 0)
(1.21539 -0.120074 0)
(1.187 -0.115483 0)
(1.1846 -0.0902211 0)
(1.15188 -0.0871925 0)
(1.16153 -0.0669568 0)
(1.12545 -0.0649785 0)
(1.14448 -0.0491819 0)
(1.10578 -0.0478702 0)
(1.13208 -0.0358722 0)
(1.09136 -0.0349458 0)
(1.12298 -0.0260657 0)
(1.08086 -0.0254161 0)
(1.11631 -0.0188651 0)
(1.07316 -0.0184408 0)
(1.11149 -0.0136058 0)
(1.06753 -0.0132935 0)
(1.10799 -0.00980759 0)
(1.06346 -0.00955861 0)
(1.10542 -0.00705801 0)
(1.06049 -0.00686164 0)
(1.10354 -0.00506373 0)
(1.05832 -0.00490686 0)
(1.10217 -0.00362005 0)
(1.05674 -0.00349563 0)
(1.10116 -0.00257533 0)
(1.05559 -0.00247865 0)
(1.10043 -0.00182156 0)
(1.05475 -0.00174674 0)
(1.0999 -0.00128067 0)
(1.05414 -0.00122256 0)
(1.09951 -0.000894679 0)
(1.0537 -0.000849278 0)
(1.09923 -0.000620699 0)
(1.05338 -0.000585126 0)
(1.09902 -0.00042736 0)
(1.05315 -0.000399355 0)
(1.09887 -0.00029196 0)
(1.05299 -0.00026975 0)
(1.09876 -0.000198103 0)
(1.05287 -0.000180253 0)
(1.09868 -0.000134002 0)
(1.05278 -0.000119388 0)
(1.09863 -9.11559e-05 0)
(1.05272 -7.89368e-05 0)
(1.09859 -6.37072e-05 0)
(1.05267 -5.29745e-05 0)
(1.09856 -4.72487e-05 0)
(1.05264 -3.77198e-05 0)
(1.09853 -3.93367e-05 0)
(1.05262 -2.97339e-05 0)
(1.09851 -3.71896e-05 0)
(1.0526 -2.83307e-05 0)
(1.05258 -2.99844e-05 0)
(1.01968 -0.0665737 0)
(1.00907 -0.0490788 0)
(1.05936 -0.113274 0)
(1.04732 -0.120313 0)
(1.09563 -0.138414 0)
(1.0875 -0.149971 0)
(1.12121 -0.146266 0)
(1.11051 -0.156021 0)
(1.13724 -0.143027 0)
(1.11688 -0.151467 0)
(1.14432 -0.133534 0)
(1.11464 -0.139314 0)
(1.14292 -0.121321 0)
(1.10239 -0.122996 0)
(1.13529 -0.107481 0)
(1.08428 -0.105725 0)
(1.12374 -0.0919795 0)
(1.06289 -0.0882485 0)
(1.10971 -0.0756165 0)
(1.04095 -0.071388 0)
(1.09442 -0.0595969 0)
(1.01998 -0.0558681 0)
(1.07959 -0.044775 0)
(1.00113 -0.0419675 0)
(1.06642 -0.0315311 0)
(0.985238 -0.0297745 0)
(1.0555 -0.0198556 0)
(0.9726 -0.0191773 0)
(1.04722 -0.00966179 0)
(0.963288 -0.0100291 0)
(1.04167 -0.000798268 0)
(0.957264 -0.00225539 0)
(1.03881 0.00708814 0)
(0.954283 0.00441975 0)
(1.03844 0.0145945 0)
(0.954003 0.0105935 0)
(1.04053 0.0222053 0)
(0.956316 0.0167213 0)
(1.04517 0.0302498 0)
(0.961217 0.0230662 0)
(1.05243 0.0391853 0)
(0.968784 0.0300098 0)
(1.06257 0.0495511 0)
(0.979204 0.0379877 0)
(1.07617 0.0618322 0)
(0.992878 0.0474599 0)
(1.09374 0.0764348 0)
(1.0105 0.0586844 0)
(1.1159 0.0936773 0)
(1.0325 0.0719844 0)
(1.14386 0.113812 0)
(1.05991 0.0875969 0)
(1.17906 0.136971 0)
(1.09385 0.105641 0)
(1.22312 0.162873 0)
(1.13565 0.125982 0)
(1.27792 0.190596 0)
(1.18675 0.148045 0)
(1.34549 0.218276 0)
(1.24863 0.170604 0)
(1.42774 0.242506 0)
(1.32257 0.191493 0)
(1.525 0.257209 0)
(1.40928 0.207092 0)
(1.63228 0.254625 0)
(1.50677 0.211464 0)
(1.73998 0.228941 0)
(1.60867 0.198211 0)
(1.83853 0.176191 0)
(1.70585 0.164358 0)
(1.91349 0.0970378 0)
(1.78699 0.106599 0)
(1.95199 0.0035151 0)
(1.84155 0.0312095 0)
(1.9526 -0.0904562 0)
(1.85649 -0.0456673 0)
(1.92162 -0.176151 0)
(1.83739 -0.119546 0)
(1.86222 -0.243288 0)
(1.78824 -0.182183 0)
(1.77729 -0.282554 0)
(1.71209 -0.223364 0)
(1.67453 -0.292967 0)
(1.61356 -0.239429 0)
(1.56582 -0.280109 0)
(1.50671 -0.234887 0)
(1.46033 -0.251473 0)
(1.40063 -0.215108 0)
(1.36494 -0.214842 0)
(1.30318 -0.186672 0)
(1.28347 -0.176454 0)
(1.21866 -0.155322 0)
(1.21681 -0.140415 0)
(1.14867 -0.124908 0)
(1.16411 -0.108984 0)
(1.09278 -0.0977259 0)
(1.12347 -0.0829733 0)
(1.04936 -0.0748391 0)
(1.09266 -0.0622432 0)
(1.01629 -0.0563838 0)
(1.06962 -0.0461361 0)
(0.991448 -0.0419357 0)
(1.05259 -0.0338546 0)
(0.972996 -0.0308434 0)
(1.04013 -0.0246709 0)
(0.959445 -0.0224841 0)
(1.03101 -0.0179049 0)
(0.94955 -0.0163011 0)
(1.02434 -0.0129343 0)
(0.942316 -0.0117675 0)
(1.01949 -0.00929819 0)
(0.937042 -0.0084443 0)
(1.01596 -0.00666232 0)
(0.93322 -0.00603202 0)
(1.01339 -0.00475572 0)
(0.930446 -0.00429144 0)
(1.01152 -0.00337829 0)
(0.928433 -0.00303681 0)
(1.01016 -0.00238687 0)
(0.926977 -0.00213612 0)
(1.00918 -0.0016754 0)
(0.925926 -0.00149186 0)
(1.00846 -0.00116685 0)
(0.925168 -0.00103253 0)
(1.00795 -0.000805475 0)
(0.924625 -0.00070697 0)
(1.00758 -0.000550419 0)
(0.924237 -0.000478004 0)
(1.00731 -0.00037175 0)
(0.92396 -0.00031843 0)
(1.00712 -0.00024767 0)
(0.923764 -0.000208362 0)
(1.00698 -0.000162457 0)
(0.923626 -0.000133357 0)
(1.00688 -0.000104832 0)
(0.923529 -8.30752e-05 0)
(1.00681 -6.67768e-05 0)
(0.923461 -5.01911e-05 0)
(1.00676 -4.25628e-05 0)
(0.923413 -2.95578e-05 0)
(1.00673 -2.82799e-05 0)
(0.92338 -1.75117e-05 0)
(1.0067 -2.10734e-05 0)
(0.923356 -1.17346e-05 0)
(1.00668 -1.92438e-05 0)
(0.923338 -1.03166e-05 0)
(1.00667 -2.13683e-05 0)
(0.923325 -1.25281e-05 0)
(0.923307 -1.72976e-05 0)
(1.03945 -0.111179 0)
(1.01328 -0.088533 0)
(1.08191 -0.15751 0)
(1.05542 -0.162771 0)
(1.10288 -0.165152 0)
(1.06743 -0.170941 0)
(1.10552 -0.159155 0)
(1.04909 -0.158657 0)
(1.09431 -0.146983 0)
(1.01388 -0.14026 0)
(1.07253 -0.129011 0)
(0.971506 -0.11753 0)
(1.04377 -0.107774 0)
(0.928456 -0.0942422 0)
(1.01158 -0.0867741 0)
(0.886697 -0.0735374 0)
(0.979816 -0.0680704 0)
(0.848812 -0.0564802 0)
(0.951106 -0.0520972 0)
(0.816574 -0.0426782 0)
(0.926588 -0.0385493 0)
(0.790187 -0.0313498 0)
(0.906663 -0.0271014 0)
(0.769451 -0.022042 0)
(0.891303 -0.0174811 0)
(0.753925 -0.0144153 0)
(0.880267 -0.00943106 0)
(0.743016 -0.00814055 0)
(0.873217 -0.00274238 0)
(0.736175 -0.00297917 0)
(0.869779 0.00279477 0)
(0.73289 0.00118262 0)
(0.869416 0.00770994 0)
(0.732563 0.00478254 0)
(0.8718 0.012484 0)
(0.734866 0.00820941 0)
(0.876899 0.0173242 0)
(0.739666 0.0116216 0)
(0.884724 0.0225322 0)
(0.746946 0.0152405 0)
(0.89542 0.0284554 0)
(0.756833 0.0193135 0)
(0.909315 0.0354434 0)
(0.769607 0.0240912 0)
(0.926956 0.0437968 0)
(0.78573 0.0298177 0)
(0.948962 0.0537274 0)
(0.805825 0.0366773 0)
(0.976118 0.0653855 0)
(0.830594 0.0448273 0)
(1.00937 0.0788608 0)
(0.860875 0.0543393 0)
(1.04981 0.0940765 0)
(0.897608 0.065203 0)
(1.09857 0.110626 0)
(0.941763 0.0772283 0)
(1.1567 0.12762 0)
(0.994233 0.089909 0)
(1.22501 0.143495 0)
(1.05565 0.102294 0)
(1.30366 0.155786 0)
(1.12611 0.112842 0)
(1.39147 0.16082 0)
(1.20475 0.119279 0)
(1.48454 0.154163 0)
(1.28896 0.118396 0)
(1.57591 0.132279 0)
(1.37368 0.106843 0)
(1.65739 0.0931785 0)
(1.45114 0.0828767 0)
(1.71788 0.0397097 0)
(1.51262 0.0461052 0)
(1.74666 -0.0184265 0)
(1.54723 0.00242753 0)
(1.74188 -0.0749444 0)
(1.55151 -0.0408785 0)
(1.70424 -0.125653 0)
(1.52468 -0.0819105 0)
(1.63636 -0.162903 0)
(1.46831 -0.114304 0)
(1.54647 -0.181859 0)
(1.38851 -0.133472 0)
(1.44509 -0.183097 0)
(1.2949 -0.138052 0)
(1.34135 -0.171016 0)
(1.19723 -0.131144 0)
(1.2434 -0.150888 0)
(1.10393 -0.117154 0)
(1.15674 -0.127371 0)
(1.02059 -0.100018 0)
(1.08371 -0.103756 0)
(0.949548 -0.0822872 0)
(1.02447 -0.0821014 0)
(0.89141 -0.0656719 0)
(0.977866 -0.0634632 0)
(0.845317 -0.0511224 0)
(0.942032 -0.0481599 0)
(0.809658 -0.0390055 0)
(0.914937 -0.036018 0)
(0.782575 -0.0292887 0)
(0.894706 -0.0266115 0)
(0.762282 -0.0217049 0)
(0.879761 -0.0194587 0)
(0.747247 -0.0158985 0)
(0.868808 -0.0141155 0)
(0.736217 -0.0115316 0)
(0.86081 -0.0101784 0)
(0.728176 -0.00830263 0)
(0.854981 -0.00729507 0)
(0.72233 -0.00593882 0)
(0.850753 -0.00519501 0)
(0.718098 -0.0042162 0)
(0.847692 -0.00367803 0)
(0.715049 -0.00297164 0)
(0.84548 -0.00258767 0)
(0.712859 -0.00207907 0)
(0.843885 -0.001807 0)
(0.71129 -0.00144186 0)
(0.842738 -0.00125091 0)
(0.710171 -0.00098971 0)
(0.841917 -0.000856681 0)
(0.709378 -0.0006708 0)
(0.841332 -0.000578802 0)
(0.708817 -0.000447242 0)
(0.840917 -0.000384546 0)
(0.708425 -0.000291859 0)
(0.840624 -0.000250191 0)
(0.708152 -0.000185165 0)
(0.840418 -0.000158491 0)
(0.707964 -0.00011301 0)
(0.840275 -9.68791e-05 0)
(0.707836 -6.52185e-05 0)
(0.840176 -5.62701e-05 0)
(0.70775 -3.43284e-05 0)
(0.840108 -3.02581e-05 0)
(0.707692 -1.50107e-05 0)
(0.840061 -1.43751e-05 0)
(0.707654 -3.61297e-06 0)
(0.840029 -5.53957e-06 0)
(0.70763 2.3659e-06 0)
(0.840007 -1.69762e-06 0)
(0.707614 4.65671e-06 0)
(0.839991 -1.44278e-06 0)
(0.707603 4.26427e-06 0)
(0.839979 -3.83166e-06 0)
(0.707595 1.89973e-06 0)
(0.839968 -8.50671e-06 0)
(0.707588 -1.93192e-06 0)
(0.707577 -7.57773e-06 0)
(1.05168 -0.154945 0)
(0.903262 -0.140212 0)
(1.04733 -0.183215 0)
(0.900258 -0.158426 0)
(1.01046 -0.168292 0)
(0.843135 -0.134068 0)
(0.955301 -0.143389 0)
(0.752152 -0.103498 0)
(0.891078 -0.113166 0)
(0.67204 -0.0760372 0)
(0.827351 -0.0841412 0)
(0.606836 -0.0538022 0)
(0.770783 -0.0609855 0)
(0.554856 -0.037674 0)
(0.723477 -0.0437812 0)
(0.513286 -0.0262315 0)
(0.685306 -0.0312085 0)
(0.480973 -0.0183089 0)
(0.655435 -0.0218954 0)
(0.456441 -0.0128075 0)
(0.632884 -0.0148159 0)
(0.438174 -0.00879898 0)
(0.616585 -0.00932225 0)
(0.425031 -0.00574243 0)
(0.605516 -0.00499779 0)
(0.416092 -0.00334638 0)
(0.598798 -0.00157515 0)
(0.410599 -0.00142245 0)
(0.595705 0.00108287 0)
(0.407967 0.000114048 0)
(0.595589 0.00332618 0)
(0.407607 0.0012984 0)
(0.597942 0.00546665 0)
(0.409107 0.00242925 0)
(0.602629 0.00757338 0)
(0.412389 0.00352256 0)
(0.609594 0.00980101 0)
(0.417345 0.00465625 0)
(0.618921 0.0123198 0)
(0.424026 0.00591257 0)
(0.630856 0.0152912 0)
(0.432606 0.00737717 0)
(0.645806 0.0188714 0)
(0.443375 0.00913932 0)
(0.664335 0.0231937 0)
(0.456749 0.0112877 0)
(0.687117 0.0283603 0)
(0.473254 0.0138935 0)
(0.714932 0.034438 0)
(0.493502 0.0170107 0)
(0.748608 0.0414268 0)
(0.518161 0.0206628 0)
(0.788981 0.0492097 0)
(0.547922 0.0248297 0)
(0.836802 0.057478 0)
(0.583436 0.0294067 0)
(0.892564 0.0656419 0)
(0.625187 0.034147 0)
(0.956251 0.072738 0)
(0.67331 0.0386056 0)
(1.027 0.0773511 0)
(0.727331 0.0420885 0)
(1.10267 0.0775589 0)
(0.785803 0.0436111 0)
(1.17917 0.0712047 0)
(0.846033 0.0418946 0)
(1.25019 0.0567194 0)
(0.903619 0.0358173 0)
(1.30815 0.0338723 0)
(0.952637 0.0249238 0)
(1.34461 0.00605114 0)
(0.985974 0.00964065 0)
(1.3535 -0.0226087 0)
(0.997902 -0.00646095 0)
(1.3348 -0.0499502 0)
(0.989166 -0.0221796 0)
(1.28881 -0.0724466 0)
(0.958103 -0.0359167 0)
(1.21986 -0.0864343 0)
(0.907765 -0.0453557 0)
(1.13591 -0.0907513 0)
(0.844226 -0.049519 0)
(1.04642 -0.0868952 0)
(0.774808 -0.0485641 0)
(0.95952 -0.0779466 0)
(0.706175 -0.0442448 0)
(0.880815 -0.0667821 0)
(0.64354 -0.0384497 0)
(0.813012 -0.0552418 0)
(0.589056 -0.0322151 0)
(0.756894 -0.0443725 0)
(0.543512 -0.0261697 0)
(0.711926 -0.0347654 0)
(0.506713 -0.0207036 0)
(0.676813 -0.026675 0)
(0.477779 -0.0160102 0)
(0.649949 -0.0201144 0)
(0.455522 -0.0121413 0)
(0.629715 -0.0149449 0)
(0.4387 -0.00905492 0)
(0.614663 -0.0109582 0)
(0.426163 -0.00665363 0)
(0.603586 -0.00793931 0)
(0.416934 -0.00482112 0)
(0.595502 -0.00569311 0)
(0.410214 -0.00344869 0)
(0.589639 -0.00404543 0)
(0.405361 -0.0024396 0)
(0.585408 -0.00284733 0)
(0.40188 -0.00170697 0)
(0.582371 -0.0019832 0)
(0.3994 -0.00117932 0)
(0.580202 -0.00136597 0)
(0.397647 -0.000803464 0)
(0.578662 -0.000928664 0)
(0.396417 -0.000538564 0)
(0.577573 -0.000621409 0)
(0.395561 -0.000353671 0)
(0.57681 -0.000407537 0)
(0.39497 -0.00022619 0)
(0.576279 -0.000260042 0)
(0.394568 -0.000139356 0)
(0.575912 -0.00015946 0)
(0.394298 -8.09574e-05 0)
(0.575663 -9.1973e-05 0)
(0.39412 -4.24249e-05 0)
(0.575495 -4.77175e-05 0)
(0.394005 -1.76988e-05 0)
(0.575384 -1.9629e-05 0)
(0.393934 -2.51449e-06 0)
(0.575313 -2.63229e-06 0)
(0.393892 6.2961e-06 0)
(0.575268 6.94017e-06 0)
(0.393869 1.07371e-05 0)
(0.57524 1.16067e-05 0)
(0.393858 1.24845e-05 0)
(0.575224 1.30424e-05 0)
(0.393854 1.24091e-05 0)
(0.575215 1.24314e-05 0)
(0.393855 1.12346e-05 0)
(0.57521 1.05056e-05 0)
(0.393857 9.43413e-06 0)
(0.575207 7.53977e-06 0)
(0.39386 7.28784e-06 0)
(0.575204 3.75271e-06 0)
(0.393861 4.73974e-06 0)
(0.575201 -9.8268e-07 0)
(0.393862 1.95309e-06 0)
(0.393857 -1.86896e-06 0)
(0.859788 -0.0532574 0)
(0.701362 -0.08464 0)
(0.567295 -0.0661217 0)
(0.463797 -0.0366926 0)
(0.38776 -0.0190004 0)
(0.333957 -0.0103134 0)
(0.296283 -0.00556995 0)
(0.270052 -0.00292837 0)
(0.251743 -0.00150723 0)
(0.238935 -0.000732726 0)
(0.230136 -0.000271691 0)
(0.224394 3.51255e-05 0)
(0.221048 0.000265401 0)
(0.219625 0.000459665 0)
(0.219739 0.000654691 0)
(0.221038 0.00085721 0)
(0.223467 0.00106236 0)
(0.226989 0.00129702 0)
(0.231645 0.00158538 0)
(0.237557 0.00194243 0)
(0.244934 0.00238686 0)
(0.254072 0.00294076 0)
(0.265359 0.00362416 0)
(0.279252 0.00445323 0)
(0.296262 0.00543564 0)
(0.316925 0.00656179 0)
(0.341754 0.00779518 0)
(0.371161 0.00905463 0)
(0.405307 0.0101936 0)
(0.443912 0.0109832 0)
(0.486 0.0111029 0)
(0.52961 0.0101573 0)
(0.571504 0.00783742 0)
(0.607322 0.00422608 0)
(0.632245 -0.000268034 0)
(0.641886 -0.00501037 0)
(0.635425 -0.00959589 0)
(0.613245 -0.0131989 0)
(0.577329 -0.0149408 0)
(0.531973 -0.0149383 0)
(0.482454 -0.0135855 0)
(0.43389 -0.0115204 0)
(0.389645 -0.00940682 0)
(0.351195 -0.00752372 0)
(0.31898 -0.00589341 0)
(0.29281 -0.00451565 0)
(0.272107 -0.00338767 0)
(0.256096 -0.00248905 0)
(0.243955 -0.00179008 0)
(0.2349 -0.00125807 0)
(0.228246 -0.000861092 0)
(0.223425 -0.000571276 0)
(0.219976 -0.000365069 0)
(0.217536 -0.000221882 0)
(0.215829 -0.000124458 0)
(0.21465 -5.99241e-05 0)
(0.213847 -1.89749e-05 0)
(0.213308 5.7259e-06 0)
(0.212954 1.96622e-05 0)
(0.212728 2.65333e-05 0)
(0.212589 2.89436e-05 0)
(0.212508 2.86338e-05 0)
(0.212465 2.67496e-05 0)
(0.212448 2.40665e-05 0)
(0.212445 2.1189e-05 0)
(0.212451 1.82666e-05 0)
(0.212462 1.53879e-05 0)
(0.212474 1.27297e-05 0)
(0.212487 1.02882e-05 0)
(0.212498 8.08191e-06 0)
(0.212507 6.09763e-06 0)
(0.212515 4.31897e-06 0)
(0.212519 2.71422e-06 0)
(0.212521 9.35308e-07 0)
)
;

boundaryField
{
    ibCylinder
    {
        type            immersedBoundary;
        value           nonuniform List<vector> 
44
(
(0.481879 0 0)
(0.481879 1.35155e-17 0)
(0.481879 -3.46442e-18 6.01274e-34)
(0.481879 0 0)
(0.481879 0 0)
(0.481879 0 0)
(0.481879 0 0)
(0.481879 0 0)
(0.481879 0 0)
(0.481879 0 0)
(0.481879 0 0)
(0.481879 0 0)
(0.481879 0 0)
(0.481879 0 0)
(0.481879 0 0)
(0.481879 0 0)
(0.481879 0 0)
(0.481879 1.7791e-17 0)
(0.481879 0 0)
(0.481879 -1.0998e-17 3.15345e-32)
(0.481879 0 0)
(0.481879 0 0)
(0.481879 0 0)
(0.481879 0 0)
(0.481879 1.0998e-17 -3.15345e-32)
(0.481879 0 0)
(0.481879 0 0)
(0.481879 0 0)
(0.481879 0 0)
(0.481879 2.70782e-17 0)
(0.481879 0 0)
(0.481879 0 0)
(0.481879 0 0)
(0.481879 -3.49845e-17 0)
(0.481879 0 0)
(0.481879 2.38689e-17 0)
(0.481879 0 0)
(0.481879 4.1794e-17 -1.80986e-32)
(0.481879 -2.52732e-17 0)
(0.481879 -1.35155e-17 0)
(0.481879 3.46442e-18 -6.01274e-34)
(0.481879 6.89842e-18 -2.39454e-33)
(0.481879 0 0)
(0.481879 0 0)
)
;
        value           nonuniform List<vector> 0();
    }
    in
    {
        type            calculated;
        value           uniform (1 0 0);
    }
    out
    {
        type            calculated;
        value           nonuniform List<vector> 
25
(
(0.212523 2.29551e-08 0)
(0.575199 3.28464e-06 0)
(0.839962 1.05761e-05 0)
(1.00666 2.18362e-05 0)
(1.0985 3.51443e-05 0)
(1.14348 4.79426e-05 0)
(1.16334 5.74565e-05 0)
(1.17134 6.16292e-05 0)
(1.17432 5.97338e-05 0)
(1.17535 5.14281e-05 0)
(1.17568 3.72562e-05 0)
(1.17577 1.8272e-05 0)
(1.17579 -1.64466e-06 0)
(1.17577 -2.15913e-05 0)
(1.17567 -4.04855e-05 0)
(1.17534 -5.4556e-05 0)
(1.17432 -6.27198e-05 0)
(1.17134 -6.44135e-05 0)
(1.16334 -5.99651e-05 0)
(1.14348 -5.01287e-05 0)
(1.0985 -3.69324e-05 0)
(1.00666 -2.31648e-05 0)
(0.839959 -1.14011e-05 0)
(0.575195 -3.66352e-06 0)
(0.212519 -9.36753e-08 0)
)
;
    }
    top
    {
        type            calculated;
        value           uniform (0 0 0);
    }
    bottom
    {
        type            calculated;
        value           uniform (0 0 0);
    }
    frontAndBack
    {
        type            empty;
        value           nonuniform List<vector> 0();
    }
}


// ************************************************************************* //
