/*--------------------------------*- C++ -*----------------------------------*\
| =========                 |                                                 |
| \\      /  F ield         | OpenFOAM: The Open Source CFD Toolbox           |
|  \\    /   O peration     | Version:  2206                                  |
|   \\  /    A nd           | Website:  www.openfoam.com                      |
|    \\/     M anipulation  |                                                 |
\*---------------------------------------------------------------------------*/
FoamFile
{
    version     2.0;
    format      ascii;
    arch        "LSB;label=32;scalar=64";
    class       surfaceScalarField;
    location    "0.3";
    object      phi;
}
// * * * * * * * * * * * * * * * * * * * * * * * * * * * * * * * * * * * * * //

dimensions      [0 3 -1 0 0 0 0];

oriented        oriented;

internalField   nonuniform List<scalar> 
3650
(
0.00275136
0.000448642
0.00224665
0.000504705
0.00182144
0.000425216
0.0014954
0.000326043
0.00126055
0.000234843
0.00110325
0.000157302
0.00100047
0.000102779
0.000936062
6.44127e-05
0.000897908
3.81544e-05
0.000876633
2.12753e-05
0.000866051
1.05825e-05
0.000862107
3.94405e-06
0.000862229
-1.20966e-07
0.000864764
-2.53522e-06
0.000868907
-4.14273e-06
0.000874535
-5.62664e-06
0.000881601
-7.06546e-06
0.000890291
-8.68989e-06
0.000900888
-1.05958e-05
0.000913744
-1.28551e-05
0.000929256
-1.55126e-05
0.000947831
-1.85733e-05
0.000969836
-2.20064e-05
0.000995553
-2.57156e-05
0.00102512
-2.95662e-05
0.0010585
-3.33822e-05
0.00109537
-3.68748e-05
0.00113494
-3.95671e-05
0.0011757
-4.07587e-05
0.00121521
-3.95051e-05
0.00125004
-3.48369e-05
0.00127615
-2.61116e-05
0.00128979
-1.36385e-05
0.0012893
4.94838e-07
0.00127407
1.52313e-05
0.00124563
2.84367e-05
0.00120746
3.81725e-05
0.00116381
4.36444e-05
0.00111872
4.50922e-05
0.0010753
4.34231e-05
0.00103563
3.96629e-05
0.00100088
3.47524e-05
0.000971373
2.95097e-05
0.000946884
2.44883e-05
0.000926899
1.9986e-05
0.000910786
1.61108e-05
0.000897919
1.28677e-05
0.000887712
1.02066e-05
0.000879658
8.05302e-06
0.000873334
6.3242e-06
0.000868388
4.94566e-06
0.000864534
3.85396e-06
0.000861539
2.99374e-06
0.00085922
2.32008e-06
0.000857425
1.79369e-06
0.000856041
1.3842e-06
0.000854973
1.06577e-06
0.000854154
8.19686e-07
0.000853523
6.29189e-07
0.000853041
4.82656e-07
0.00085267
3.69409e-07
0.000852388
2.82663e-07
0.000852171
2.15615e-07
0.000852007
1.64424e-07
0.000851881
1.24783e-07
0.000851786
9.46716e-08
0.000851714
7.13878e-08
0.00085166
5.39753e-08
0.000851619
4.04541e-08
0.000851589
3.03788e-08
0.000851566
2.23708e-08
0.00085155
1.6312e-08
0.000851538
1.13423e-08
0.00085153
7.67025e-09
4.55801e-09
0.00336524
0.0002834
0.00335136
0.000518591
0.00323632
0.000540257
0.00306705
0.000495306
0.0028753
0.000426595
0.00269348
0.000339122
0.00254244
0.000253824
0.00242739
0.000179464
0.00234578
0.000119764
0.00229072
7.63318e-05
0.0022558
4.55063e-05
0.00223518
2.456e-05
0.00222427
1.07915e-05
0.00221998
1.75871e-06
0.00222028
-4.44837e-06
0.00222397
-9.31145e-06
0.00223051
-1.36037e-05
0.00223978
-1.79565e-05
0.00225185
-2.2668e-05
0.00226699
-2.79958e-05
0.00228557
-3.40946e-05
0.00230801
-4.10133e-05
0.00233471
-4.87022e-05
0.002366
-5.70072e-05
0.00240215
-6.57134e-05
0.00244338
-7.46175e-05
0.00248981
-8.32995e-05
0.00254111
-9.08657e-05
0.00259613
-9.57772e-05
0.00265232
-9.56969e-05
0.00270511
-8.7626e-05
0.00274819
-6.9194e-05
0.00277495
-4.04052e-05
0.00278126
-5.81017e-06
0.00276575
3.07431e-05
0.00272997
6.42173e-05
0.00267877
8.93671e-05
0.00261867
0.000103748
0.00255585
0.000107909
0.00249526
0.00010402
0.00244018
9.47401e-05
0.00239224
8.26909e-05
0.0023518
6.99461e-05
0.00231843
5.78594e-05
0.00229129
4.71257e-05
0.00226944
3.79595e-05
0.00225198
3.03307e-05
0.00223809
2.41e-05
0.00222707
1.90683e-05
0.00221837
1.50274e-05
0.00221151
1.18004e-05
0.00220613
9.23654e-06
0.00220192
7.21009e-06
0.00219862
5.61532e-06
0.00219605
4.36421e-06
0.00219405
3.3843e-06
0.00219249
2.61949e-06
0.00219129
2.02425e-06
0.00219036
1.56246e-06
0.00218963
1.20443e-06
0.00218907
9.27295e-07
0.00218864
7.12692e-07
0.00218831
5.46903e-07
0.00218806
4.18792e-07
0.00218786
3.20109e-07
0.00218771
2.44048e-07
0.0021876
1.85662e-07
0.00218751
1.40758e-07
0.00218744
1.06341e-07
0.00218739
7.98177e-08
0.00218736
5.93236e-08
0.00218733
4.35278e-08
0.00218731
3.0725e-08
0.0021873
2.16771e-08
1.26399e-08
0.00332678
0.000156621
0.00346156
0.000383812
0.00352814
0.000473672
0.00353844
0.00048501
0.00350611
0.000458929
0.0034424
0.000402827
0.00336265
0.000333579
0.00327995
0.000262162
0.00320611
0.0001936
0.00314663
0.000135812
0.0031023
8.98402e-05
0.00307118
5.56813e-05
0.00305054
3.14292e-05
0.00303799
1.43066e-05
0.00303164
1.90513e-06
0.00302994
-7.60855e-06
0.00303197
-1.563e-05
0.00303728
-2.3267e-05
0.00304576
-3.11525e-05
0.00305747
-3.97007e-05
0.00307262
-4.9244e-05
0.00309152
-5.99193e-05
0.00311452
-7.1702e-05
0.00314193
-8.44116e-05
0.00317407
-9.78517e-05
0.00321161
-0.00011216
0.00325549
-0.000127182
0.0033066
-0.000141968
0.00336509
-0.000154271
0.00342905
-0.000159656
0.00349342
-0.000151999
0.00355016
-0.000125931
0.00358902
-7.92662e-05
0.00360241
-1.91966e-05
0.00358822
4.49315e-05
0.00354872
0.000103713
0.00349037
0.000147722
0.003422
0.000172116
0.00335172
0.000178191
0.00328559
0.000170149
0.00322728
0.000153052
0.00317819
0.000131776
0.00313818
0.000109956
0.0031062
8.98482e-05
0.00308087
7.24536e-05
0.00306091
5.79119e-05
0.00304523
4.60114e-05
0.00303289
3.64406e-05
0.00302316
2.88035e-05
0.00301548
2.27057e-05
0.00300943
1.78529e-05
0.00300466
1.40027e-05
0.00300091
1.096e-05
0.00299796
8.56471e-06
0.00299565
6.68063e-06
0.00299383
5.19983e-06
0.00299241
4.03967e-06
0.0029913
3.1339e-06
0.00299043
2.42866e-06
0.00298976
1.87986e-06
0.00298923
1.45317e-06
0.00298882
1.12142e-06
0.0029885
8.64004e-07
0.00298826
6.64406e-07
0.00298807
5.1007e-07
0.00298792
3.90751e-07
0.00298781
2.98657e-07
0.00298772
2.27496e-07
0.00298765
1.7257e-07
0.0029876
1.30079e-07
0.00298756
9.71065e-08
0.00298754
7.17259e-08
0.00298752
5.11667e-08
0.0029875
3.63375e-08
2.09635e-08
0.00326324
9.33791e-05
0.00338994
0.000257112
0.00350286
0.000360757
0.00358034
0.000407527
0.00362669
0.000412584
0.0036427
0.000386813
0.0036321
0.000344184
0.00360573
0.000288526
0.00357077
0.000228559
0.00353343
0.000173156
0.00349933
0.000123939
0.00347108
8.39302e-05
0.00344921
5.32995e-05
0.00343366
2.98637e-05
0.00342362
1.19452e-05
0.00341818
-2.17103e-06
0.0034167
-1.41467e-05
0.00341855
-2.5121e-05
0.00342364
-3.62372e-05
0.00343198
-4.80406e-05
0.00344379
-6.10584e-05
0.0034594
-7.55255e-05
0.00347917
-9.14688e-05
0.0035035
-0.000108741
0.00353285
-0.000127211
0.00356866
-0.000147967
0.00361366
-0.000172177
0.00367082
-0.000199131
0.00374248
-0.000225926
0.00382708
-0.000244257
0.00391581
-0.00024073
0.00399549
-0.000205613
0.00405085
-0.000134627
0.00406924
-3.75871e-05
0.00404895
6.52223e-05
0.00399485
0.000157818
0.00391668
0.000225891
0.00382769
0.000261106
0.00373951
0.000266373
0.00366017
0.000249481
0.0035938
0.000219423
0.00354112
0.000184455
0.00350084
0.000150235
0.00347056
0.000120133
0.00344792
9.50904e-05
0.003431
7.4833e-05
0.0034183
5.87149e-05
0.00340863
4.61047e-05
0.00340117
3.62643e-05
0.00339539
2.84926e-05
0.00339087
2.23666e-05
0.00338734
1.75368e-05
0.00338456
1.37353e-05
0.00338237
1.07562e-05
0.00338064
8.411e-06
0.00337928
6.56354e-06
0.0033782
5.11246e-06
0.00337736
3.97813e-06
0.00337669
3.09322e-06
0.00337617
2.40269e-06
0.00337576
1.86366e-06
0.00337544
1.44307e-06
0.00337519
1.11548e-06
0.00337499
8.60756e-07
0.00337484
6.63187e-07
0.00337472
5.09998e-07
0.00337462
3.91278e-07
0.00337455
2.99159e-07
0.0033745
2.2776e-07
0.00337446
1.72302e-07
0.00337442
1.29192e-07
0.0033744
9.57736e-08
0.00337438
6.89059e-08
0.00337437
4.89949e-08
2.79757e-08
0.00323328
6.00976e-05
0.00331534
0.000175051
0.00341323
0.000262868
0.00350383
0.000316931
0.00357604
0.000340372
0.00362523
0.000337628
0.00365347
0.000315939
0.00366289
0.000279108
0.00365794
0.000233508
0.00364542
0.00018568
0.00362943
0.000139923
0.00361303
0.000100337
0.00359807
6.82608e-05
0.00358574
4.21955e-05
0.00357654
2.11388e-05
0.00357064
3.7361e-06
0.00356784
-1.1348e-05
0.00356793
-2.52066e-05
0.00357084
-3.91543e-05
0.00357672
-5.39156e-05
0.00358592
-7.02604e-05
0.00359901
-8.86135e-05
0.00361652
-0.000108976
0.00363898
-0.000131207
0.00366747
-0.000155698
0.00370525
-0.000185744
0.00375802
-0.000224954
0.0038317
-0.000272805
0.00393157
-0.000325792
0.00405359
-0.000366276
0.00418008
-0.000367225
0.00428787
-0.000313396
0.00434764
-0.000194403
0.00435653
-4.6473e-05
0.00432695
9.48033e-05
0.00425876
0.000226
0.00415731
0.000327344
0.0040392
0.000379217
0.00392308
0.00038249
0.00382122
0.000351347
0.00374002
0.000300626
0.0036794
0.000245067
0.00363605
0.000193593
0.0036059
0.000150283
0.00358531
0.00011568
0.00357123
8.89122e-05
0.00356147
6.84693e-05
0.00355452
5.30576e-05
0.00354939
4.13972e-05
0.00354558
3.23028e-05
0.0035427
2.52436e-05
0.00354048
1.97554e-05
0.00353875
1.54713e-05
0.00353738
1.21223e-05
0.0035363
9.48858e-06
0.00353545
7.4141e-06
0.00353478
5.78382e-06
0.00353425
4.50959e-06
0.00353383
3.51584e-06
0.00353349
2.73873e-06
0.00353322
2.13007e-06
0.00353301
1.65367e-06
0.00353285
1.28148e-06
0.00353272
9.91488e-07
0.00353261
7.66106e-07
0.00353253
5.90974e-07
0.00353247
4.54762e-07
0.00353242
3.48738e-07
0.00353238
2.66259e-07
0.00353235
2.02042e-07
0.00353233
1.51981e-07
0.00353231
1.12906e-07
0.0035323
8.16783e-08
0.00353229
5.78779e-08
3.26271e-08
0.00321883
4.12664e-05
0.00327062
0.00012326
0.00334149
0.000191995
0.00341726
0.000241166
0.00348794
0.000269694
0.00354691
0.000278653
0.00359219
0.000270666
0.00362258
0.000248717
0.00363895
0.000217137
0.00364445
0.000180185
0.00364275
0.00014162
0.00363744
0.000105649
0.00363076
7.49366e-05
0.00362403
4.89339e-05
0.00361821
2.69601e-05
0.00361402
7.92452e-06
0.00361163
-8.96252e-06
0.00361118
-2.47512e-05
0.00361279
-4.07692e-05
0.00361678
-5.79052e-05
0.00362376
-7.72406e-05
0.00363463
-9.94771e-05
0.0036502
-0.000124551
0.00367142
-0.000152424
0.00370048
-0.000184762
0.00374203
-0.000227284
0.00380473
-0.000287663
0.00389721
-0.000365278
0.00402304
-0.000451622
0.00415644
-0.000499677
0.00427877
-0.000489554
0.00436219
-0.000396818
0.00435337
-0.000185577
0.00432853
-2.16363e-05
0.00431534
0.000108
0.00427406
0.000267277
0.00420389
0.000397514
0.00410339
0.000479721
0.00398615
0.000499732
0.00387393
0.000463564
0.00378189
0.000392661
0.0037148
0.000312156
0.0036691
0.000239295
0.00363951
0.000179876
0.00362098
0.000134206
0.00360963
0.000100267
0.0036027
7.53934e-05
0.00359847
5.72888e-05
0.00359585
4.40257e-05
0.0035941
3.40496e-05
0.00359288
2.64678e-05
0.00359196
2.06671e-05
0.00359125
1.61894e-05
0.00359069
1.26817e-05
0.00359025
9.92292e-06
0.00358991
7.75371e-06
0.00358965
6.05038e-06
0.00358943
4.7238e-06
0.00358926
3.69162e-06
0.00358911
2.88231e-06
0.003589
2.24603e-06
0.0035889
1.74664e-06
0.00358883
1.35561e-06
0.00358877
1.05067e-06
0.00358872
8.13673e-07
0.00358868
6.29276e-07
0.00358865
4.8538e-07
0.00358863
3.73081e-07
0.00358861
2.85438e-07
0.00358859
2.17059e-07
0.00358858
1.63599e-07
0.00358857
1.21656e-07
0.00358857
8.8245e-08
0.00358856
6.21914e-08
3.4514e-08
0.00321177
2.95007e-05
0.00324616
8.88714e-05
0.00329697
0.000141179
0.00335603
0.000182111
0.0034161
0.000209622
0.0034718
0.000222954
0.00351977
0.000222692
0.00355796
0.000210527
0.00358602
0.00018908
0.0036047
0.000161506
0.00361508
0.000131241
0.00361948
0.000101254
0.00362052
7.38947e-05
0.00361957
4.98804e-05
0.00361769
2.8849e-05
0.0036156
1.00089e-05
0.00361377
-7.13455e-06
0.00361279
-2.37714e-05
0.00361311
-4.10839e-05
0.00361529
-6.00897e-05
0.00361998
-8.19306e-05
0.00362813
-0.000107627
0.00364113
-0.000137547
0.00366039
-0.000171681
0.00368765
-0.000212026
0.00372706
-0.00026669
0.00378499
-0.00034559
0.00386736
-0.000447649
0.00395836
-0.00054262
0.00399717
-0.000538492
0.00308121
-0.000204172
0.00164945
1.64862e-18
0.000986273
1.13604e-18
0.000956597
8.89591e-19
0.00152681
8.51091e-19
0.00279225
7.16064e-19
0.00378834
9.22092e-05
0.00389064
0.000377425
0.00387911
0.000511261
0.0038222
0.000520474
0.00375336
0.000461504
0.00369498
0.000370539
0.00365492
0.000279353
0.00363041
0.000204383
0.00361651
0.000148105
0.00360923
0.000107543
0.00360575
7.88788e-05
0.00360435
5.86862e-05
0.0036041
4.42773e-05
0.00360434
3.38127e-05
0.00360471
2.60934e-05
0.00360508
2.03001e-05
0.0036054
1.58715e-05
0.00360566
1.24186e-05
0.00360587
9.71081e-06
0.00360605
7.58225e-06
0.00360619
5.91067e-06
0.00360629
4.62377e-06
0.00360635
3.62736e-06
0.00360639
2.83817e-06
0.00360643
2.21395e-06
0.00360645
1.72292e-06
0.00360647
1.33763e-06
0.00360648
1.03773e-06
0.00360649
8.05418e-07
0.00360649
6.24372e-07
0.0036065
4.82496e-07
0.0036065
3.71435e-07
0.0036065
2.84537e-07
0.0036065
2.16538e-07
0.0036065
1.63339e-07
0.0036065
1.21476e-07
0.0036065
8.82171e-08
0.0036065
6.18019e-08
3.36621e-08
0.00320817
2.13285e-05
0.00323266
6.43848e-05
0.00327029
0.000103546
0.00331661
0.000135797
0.00336676
0.000159471
0.00341641
0.000173299
0.00346231
0.000176792
0.00350224
0.000170601
0.00353499
0.000156323
0.00356019
0.000136306
0.00357824
0.0001132
0.00359013
8.93558e-05
0.0035974
6.66303e-05
0.00360139
4.5889e-05
0.00360305
2.71898e-05
0.003603
1.00642e-05
0.00360196
-6.09395e-06
0.00360052
-2.23383e-05
0.00359914
-3.97027e-05
0.00359847
-5.94141e-05
0.00359942
-8.28842e-05
0.00360324
-0.000111449
0.00361159
-0.000145898
0.00362526
-0.000185349
0.00364363
-0.000230391
0.0036661
-0.000289157
0.00368914
-0.000368628
0.00369776
-0.000456266
0.00366278
-0.000507643
0.00126569
-7.35696e-05
3.81179e-18
8.10619e-19
1.52414e-18
4.61294e-21
9.84887e-19
-7.41723e-21
1.03078e-18
1.96734e-20
1.30061e-18
4.20982e-20
1.88024e-18
9.0461e-20
0.00106606
3.55732e-19
0.00344523
1.80926e-05
0.00361655
0.000339943
0.0036601
0.000476918
0.00365371
0.000467892
0.00363106
0.000393194
0.00361144
0.000298971
0.00360002
0.000215803
0.00359513
0.000152991
0.00359431
0.00010837
0.00359557
7.76138e-05
0.00359772
5.65376e-05
0.00360007
4.19318e-05
0.00360226
3.16245e-05
0.00360416
2.41886e-05
0.00360576
1.87007e-05
0.00360707
1.45595e-05
0.00360812
1.13733e-05
0.00360894
8.88673e-06
0.00360959
6.93894e-06
0.00361007
5.42284e-06
0.00361044
4.25515e-06
0.00361073
3.34109e-06
0.00361095
2.61194e-06
0.00361113
2.03685e-06
0.00361127
1.58446e-06
0.00361138
1.22838e-06
0.00361146
9.54444e-07
0.00361152
7.4413e-07
0.00361157
5.78353e-07
0.00361161
4.47388e-07
0.00361163
3.44572e-07
0.00361165
2.63944e-07
0.00361167
2.00699e-07
0.00361168
1.51401e-07
0.00361169
1.12578e-07
0.0036117
8.17299e-08
0.0036117
5.67855e-08
3.02082e-08
0.00320618
1.5152e-05
0.00322481
4.57514e-05
0.00325419
7.41697e-05
0.00329161
9.83722e-05
0.00333405
0.000117028
0.00337825
0.0001291
0.00342124
0.000133805
0.00346075
0.000131091
0.0034952
0.000121879
0.00352368
0.000107823
0.00354601
9.08717e-05
0.00356254
7.28252e-05
0.00357409
5.50846e-05
0.00358156
3.84152e-05
0.00358576
2.29991e-05
0.00358722
8.59912e-06
0.00358652
-5.3967e-06
0.00358413
-1.99422e-05
0.00358041
-3.59883e-05
0.00357592
-5.49235e-05
0.00357147
-7.84313e-05
0.00356821
-0.000108188
0.00356737
-0.000145061
0.00356832
-0.000186291
0.00356766
-0.000229738
0.0035573
-0.000278793
0.00351364
-0.000324963
0.00343884
-0.00038146
0.000659903
-0.000136063
3.36399e-18
8.23826e-19
5.16394e-19
1.68232e-20
3.83968e-20
2.40436e-21
7.11059e-20
2.25693e-21
1.51397e-19
4.2305e-21
3.45402e-19
1.24131e-20
8.35408e-19
1.97218e-20
1.75261e-18
1.19237e-20
0.000471876
1.82329e-19
0.0033021
4.96252e-05
0.00344025
0.000338763
0.00350424
0.0004039
0.00353327
0.00036417
0.00354754
0.000284695
0.00355749
0.000205857
0.0035662
0.000144282
0.00357422
0.000100351
0.00358138
7.04513e-05
0.00358755
5.03724e-05
0.00359271
3.67685e-05
0.00359694
2.73924e-05
0.00360037
2.07657e-05
0.00360311
1.59565e-05
0.0036053
1.23744e-05
0.00360702
9.64677e-06
0.00360837
7.53648e-06
0.00360942
5.8901e-06
0.00361024
4.60848e-06
0.00361088
3.61317e-06
0.00361139
2.8338e-06
0.00361178
2.21745e-06
0.00361209
1.7297e-06
0.00361233
1.34502e-06
0.00361251
1.04552e-06
0.00361265
8.16629e-07
0.00361276
6.37802e-07
0.00361284
4.94738e-07
0.0036129
3.8218e-07
0.00361295
2.94027e-07
0.00361299
2.24443e-07
0.00361302
1.70416e-07
0.00361305
1.28821e-07
0.00361306
9.58296e-08
0.00361308
6.93408e-08
0.00361309
4.74492e-08
2.43379e-08
0.003205
1.01565e-05
0.0032201
3.06486e-05
0.00324432
4.99432e-05
0.00327594
6.67531e-05
0.00331285
8.01175e-05
0.00335273
8.92207e-05
0.00339308
9.34637e-05
0.00343158
9.25897e-05
0.00346647
8.69831e-05
0.00349658
7.77188e-05
0.0035213
6.61487e-05
0.00354059
5.35384e-05
0.00355481
4.0865e-05
0.00356453
2.86951e-05
0.00357033
1.72041e-05
0.00357261
6.31199e-06
0.00357171
-4.49577e-06
0.00356786
-1.60906e-05
0.00356116
-2.92903e-05
0.00355171
-4.54725e-05
0.00353968
-6.64018e-05
0.00352546
-9.39683e-05
0.00350927
-0.000128865
0.00349006
-0.000167079
0.00346601
-0.000205687
0.0034283
-0.000241089
0.00334134
-0.000237997
0.00192355
-0.000169868
3.85826e-18
1.0273e-18
7.61897e-19
-2.65781e-20
1.05526e-20
1.61417e-21
1.79739e-20
1.29088e-21
3.68341e-20
1.71565e-21
8.24285e-20
2.34537e-21
1.47474e-19
5.44098e-21
3.26576e-19
4.16844e-21
9.11073e-19
1.31682e-20
1.95313e-18
4.58286e-20
0.0015939
9.34131e-20
0.00323957
0.000142506
0.00334872
0.000294744
0.0034237
0.000289193
0.00347498
0.000233415
0.0035102
0.000170641
0.00353512
0.00011936
0.00355334
8.21248e-05
0.00356699
5.67996e-05
0.00357737
4.00027e-05
0.00358532
2.88161e-05
0.00359148
2.12342e-05
0.00359627
1.59734e-05
0.00360002
1.2208e-05
0.00360296
9.43575e-06
0.00360526
7.34278e-06
0.00360706
5.73384e-06
0.00360847
4.48376e-06
0.00360957
3.51013e-06
0.00361043
2.75059e-06
0.00361111
2.15592e-06
0.00361164
1.68725e-06
0.00361205
1.31759e-06
0.00361237
1.0263e-06
0.00361262
7.98992e-07
0.00361281
6.23384e-07
0.00361296
4.86261e-07
0.00361308
3.77588e-07
0.00361317
2.91545e-07
0.00361324
2.2363e-07
0.0036133
1.70588e-07
0.00361334
1.30118e-07
0.00361337
9.8319e-08
0.00361339
7.25243e-08
0.00361341
5.18386e-08
0.00361342
3.43994e-08
1.63995e-08
0.0032043
5.85344e-06
0.0032173
1.76487e-05
0.00323839
2.88531e-05
0.00326639
3.87528e-05
0.00329974
4.67692e-05
0.00333657
5.23885e-05
0.00337482
5.5218e-05
0.00341233
5.50783e-05
0.00344721
5.2102e-05
0.00347809
4.68468e-05
0.00350412
4.01164e-05
0.00352499
3.26662e-05
0.00354079
2.50721e-05
0.00355181
1.76681e-05
0.00355847
1.05502e-05
0.00356106
3.71583e-06
0.00355964
-3.06883e-06
0.00355411
-1.05616e-05
0.00354414
-1.93257e-05
0.00352911
-3.04364e-05
0.00350804
-4.53332e-05
0.00347976
-6.56896e-05
0.00344233
-9.14292e-05
0.00339489
-0.000119644
0.00333949
-0.000150277
0.00327277
-0.00017437
0.00316949
-0.000134715
5.32746e-18
5.93515e-06
1.36506e-18
2.24794e-21
5.24251e-21
0
5.0767e-21
-1.70801e-23
1.12482e-20
-2.08149e-22
2.42235e-20
-1.02694e-22
5.09698e-20
2.12271e-21
8.99714e-20
-1.61151e-22
2.14992e-19
-5.23176e-24
5.12811e-19
8.34548e-21
1.24006e-18
1.49867e-20
2.50547e-18
3.60389e-20
0.00310093
3.5262e-05
0.0032231
0.000172569
0.00332849
0.000183805
0.00340898
0.000152922
0.0034667
0.000112927
0.00350698
7.90723e-05
0.00353498
5.41247e-05
0.0035547
3.70792e-05
0.00356887
2.58334e-05
0.00357926
1.84273e-05
0.00358703
1.34709e-05
0.00359293
1.00726e-05
0.00359747
7.66775e-06
0.00360099
5.91174e-06
0.00360374
4.59471e-06
0.00360589
3.58661e-06
0.00360757
2.80554e-06
0.00360888
2.19693e-06
0.00360991
1.7215e-06
0.00361072
1.34889e-06
0.00361135
1.05579e-06
0.00361184
8.24895e-07
0.00361222
6.43319e-07
0.00361252
5.01249e-07
0.00361275
3.90735e-07
0.00361294
3.04262e-07
0.00361308
2.36051e-07
0.00361319
1.82137e-07
0.00361327
1.39507e-07
0.00361334
1.0606e-07
0.00361339
8.02811e-08
0.00361343
6.00467e-08
0.00361345
4.3608e-08
0.00361348
3.03622e-08
0.00361349
1.88604e-08
7.41906e-09
0.00320392
1.93061e-06
0.00321579
5.78014e-06
0.00323518
9.46212e-06
0.00326119
1.27422e-05
0.00329255
1.5409e-05
0.00332764
1.72985e-05
0.00336459
1.82765e-05
0.00340138
1.82813e-05
0.00343614
1.7345e-05
0.00346735
1.56385e-05
0.00349404
1.34268e-05
0.00351574
1.09625e-05
0.00353238
8.4372e-06
0.00354409
5.96065e-06
0.00355108
3.55942e-06
0.00355362
1.17416e-06
0.00355168
-1.13132e-06
0.00354479
-3.67319e-06
0.0035322
-6.73008e-06
0.00351243
-1.06672e-05
0.00348309
-1.59966e-05
0.00344074
-2.33366e-05
0.0033817
-3.23914e-05
0.0033038
-4.17377e-05
0.00320397
-5.04412e-05
0.00308216
-5.25654e-05
0.00297991
-3.24572e-05
3.37402e-18
-7.84165e-06
4.35558e-19
2.30237e-21
4.77958e-21
0
4.5182e-21
-6.28758e-25
9.07135e-21
-3.48818e-23
2.1715e-20
1.3256e-21
3.80092e-20
-6.58958e-23
7.64633e-20
-1.16972e-23
1.73783e-19
4.46052e-21
3.32584e-19
5.61112e-22
8.42409e-19
1.83719e-21
1.96966e-18
7.48712e-21
0.00302374
5.20459e-06
0.00314147
5.48455e-05
0.00326248
6.27881e-05
0.00336227
5.31376e-05
0.00343564
3.95537e-05
0.00348697
2.774e-05
0.00352215
1.89428e-05
0.00354633
1.2905e-05
0.00356322
8.94245e-06
0.0035753
6.34499e-06
0.00358415
4.61993e-06
0.00359078
3.44414e-06
0.00359583
2.61711e-06
0.00359973
2.01575e-06
0.00360276
1.56644e-06
0.00360512
1.22319e-06
0.00360697
9.57576e-07
0.00360841
7.5036e-07
0.00360955
5.88292e-07
0.00361044
4.61029e-07
0.00361113
3.60964e-07
0.00361167
2.82103e-07
0.0036121
2.20126e-07
0.00361243
1.71404e-07
0.00361268
1.33315e-07
0.00361289
1.03331e-07
0.00361304
7.9672e-08
0.00361316
6.09115e-08
0.00361326
4.60046e-08
0.00361333
3.42035e-08
0.00361339
2.49178e-08
0.00361343
1.75454e-08
0.00361346
1.14711e-08
0.00361348
6.6282e-09
0.0036135
2.1236e-09
-2.34681e-09
0.00320379
-1.85878e-06
0.00321527
-5.7033e-06
0.00323411
-9.37135e-06
0.0032595
-1.26529e-05
0.00329024
-1.5329e-05
0.00332477
-1.7235e-05
0.00336128
-1.82349e-05
0.00339783
-1.82645e-05
0.00343253
-1.73515e-05
0.00346383
-1.56636e-05
0.00349072
-1.34645e-05
0.00351269
-1.10059e-05
0.00352961
-8.4805e-06
0.00354157
-5.99819e-06
0.00354871
-3.58721e-06
0.00355107
-1.18713e-06
0.00354881
1.13478e-06
0.00354144
3.69842e-06
0.00352792
6.78361e-06
0.0035065
1.07596e-05
0.00347436
1.61372e-05
0.0034275
2.35272e-05
0.00336249
3.26269e-05
0.00327873
4.20247e-05
0.00317772
5.05645e-05
0.0030731
5.20633e-05
0.00300921
3.1428e-05
3.24673e-18
7.68336e-06
4.57261e-19
-2.51223e-21
4.78192e-21
0
4.1354e-21
6.28273e-25
1.01999e-20
3.49601e-23
1.62334e-20
-1.3251e-21
3.34106e-20
6.66027e-23
7.80803e-20
3.09704e-23
1.38781e-19
-5.57033e-21
3.07363e-19
-5.95186e-22
7.72797e-19
-1.84594e-21
1.91955e-18
-7.48381e-21
0.00300409
-5.19713e-06
0.00311376
-5.48313e-05
0.00323928
-6.27251e-05
0.00334542
-5.30099e-05
0.00342437
-3.93976e-05
0.00347974
-2.76235e-05
0.00351757
-1.88862e-05
0.00354335
-1.28836e-05
0.00356123
-8.93621e-06
0.00357392
-6.34305e-06
0.00358316
-4.61687e-06
0.00359004
-3.4386e-06
0.00359527
-2.61012e-06
0.00359929
-2.00776e-06
0.00360242
-1.55759e-06
0.00360485
-1.21396e-06
0.00360676
-9.48178e-07
0.00360825
-7.41561e-07
0.00360942
-5.80467e-07
0.00361034
-4.54455e-07
0.00361105
-3.55535e-07
0.00361161
-2.77764e-07
0.00361205
-2.1679e-07
0.00361239
-1.69325e-07
0.00361266
-1.32598e-07
0.00361287
-1.04086e-07
0.00361303
-8.18045e-08
0.00361315
-6.43175e-08
0.00361325
-5.07172e-08
0.00361332
-4.02389e-08
0.00361338
-3.23757e-08
0.00361343
-2.63588e-08
0.00361346
-2.16425e-08
0.00361348
-1.79458e-08
0.0036135
-1.48647e-08
-1.22658e-08
0.00320391
-5.77322e-06
0.00321579
-1.7575e-05
0.00323518
-2.87638e-05
0.00326119
-3.86678e-05
0.00329256
-4.66934e-05
0.00332765
-5.23282e-05
0.00336459
-5.51784e-05
0.00340139
-5.50621e-05
0.00343615
-5.21083e-05
0.00346736
-4.68714e-05
0.00349405
-4.01533e-05
0.00351575
-3.27091e-05
0.00353238
-2.51151e-05
0.00354409
-1.77062e-05
0.00355108
-1.05795e-05
0.00355363
-3.7333e-06
0.0035517
3.06736e-06
0.00354482
1.05788e-05
0.00353223
1.93664e-05
0.00351249
3.05076e-05
0.00348318
4.54437e-05
0.00344087
6.58459e-05
0.00338183
9.16609e-05
0.00330387
0.000119987
0.00320405
0.000150387
0.00308221
0.00017391
0.00297978
0.000133855
3.3741e-18
-6.22e-06
4.35476e-19
-2.52335e-21
4.77962e-21
0
4.5185e-21
1.7091e-23
9.07114e-21
2.08234e-22
2.16944e-20
1.02843e-22
3.7799e-20
-2.11889e-21
7.54307e-20
1.76687e-22
1.73467e-19
4.8828e-23
3.32586e-19
-8.3478e-21
8.42428e-19
-1.49759e-20
1.96969e-18
-3.60097e-20
0.00302372
-3.52314e-05
0.00314134
-0.000172453
0.0032623
-0.000183685
0.00336209
-0.000152801
0.00343551
-0.000112818
0.0034869
-7.90153e-05
0.00352212
-5.41016e-05
0.00354631
-3.70749e-05
0.00356321
-2.58351e-05
0.00357529
-1.84283e-05
0.00358415
-1.34696e-05
0.00359078
-1.00682e-05
0.00359583
-7.66148e-06
0.00359972
-5.90419e-06
0.00360275
-4.58631e-06
0.00360512
-3.57771e-06
0.00360697
-2.79653e-06
0.00360841
-2.18838e-06
0.00360955
-1.71396e-06
0.00361043
-1.34251e-06
0.00361113
-1.05057e-06
0.00361167
-8.20709e-07
0.0036121
-6.40193e-07
0.00361243
-4.99346e-07
0.00361268
-3.90217e-07
0.00361289
-3.05177e-07
0.00361304
-2.38311e-07
0.00361316
-1.85661e-07
0.00361326
-1.44283e-07
0.00361333
-1.12157e-07
0.00361338
-8.77502e-08
0.00361343
-6.88141e-08
0.00361346
-5.36405e-08
0.00361348
-4.14812e-08
0.0036135
-3.13632e-08
-2.17745e-08
0.0032043
-1.00702e-05
0.0032173
-3.05772e-05
0.00323839
-4.98568e-05
0.0032664
-6.6674e-05
0.00329975
-8.00477e-05
0.00333659
-8.91652e-05
0.00337484
-9.34274e-05
0.00341235
-9.2575e-05
0.00344723
-8.69892e-05
0.0034781
-7.77425e-05
0.00350413
-6.61843e-05
0.00352501
-5.35804e-05
0.0035408
-4.09076e-05
0.00355183
-2.87342e-05
0.00355848
-1.72363e-05
0.00356108
-6.33442e-06
0.00355966
4.48664e-06
0.00355415
1.60953e-05
0.0035442
2.93112e-05
0.0035292
4.5511e-05
0.00350819
6.64549e-05
0.00348002
9.40233e-05
0.00344273
0.000128947
0.00339553
0.000167186
0.00334045
0.000205468
0.00327376
0.000240605
0.00316989
0.000237728
5.32868e-18
0.000169985
1.36542e-18
-1.02725e-18
5.24295e-21
2.66079e-20
5.07754e-21
-1.61436e-21
1.12493e-20
-1.29077e-21
2.42198e-20
-1.71525e-21
5.0955e-20
-2.34516e-21
8.99773e-20
-5.43868e-21
2.14989e-19
-4.1484e-21
5.12835e-19
-1.31564e-20
1.24012e-18
-4.57955e-20
2.50553e-18
-9.33207e-20
0.00310085
-0.000142392
0.00322295
-0.000294552
0.00332831
-0.000289049
0.00340883
-0.000233323
0.00346661
-0.000170602
0.00350696
-0.000119358
0.00353498
-8.21266e-05
0.00355471
-5.68021e-05
0.00356888
-4.00035e-05
0.00357926
-2.88145e-05
0.00358702
-2.12309e-05
0.00359292
-1.59678e-05
0.00359746
-1.22012e-05
0.00360099
-9.42792e-06
0.00360374
-7.33453e-06
0.00360588
-5.7251e-06
0.00360756
-4.47518e-06
0.00360888
-3.50197e-06
0.0036099
-2.74348e-06
0.00361071
-2.14981e-06
0.00361134
-1.68236e-06
0.00361184
-1.31368e-06
0.00361222
-1.02355e-06
0.00361252
-7.97459e-07
0.00361275
-6.23229e-07
0.00361294
-4.87465e-07
0.00361308
-3.80066e-07
0.00361319
-2.95266e-07
0.00361327
-2.28518e-07
0.00361334
-1.76791e-07
0.00361339
-1.37597e-07
0.00361342
-1.06955e-07
0.00361345
-8.22966e-08
0.00361347
-6.26183e-08
0.00361349
-4.64473e-08
-3.02117e-08
0.003205
-1.50713e-05
0.0032201
-4.56807e-05
0.00324433
-7.40873e-05
0.00327596
-9.82979e-05
0.00331287
-0.000116964
0.00335276
-0.000129049
0.0033931
-0.000133772
0.00343161
-0.000131078
0.0034665
-0.000121885
0.0034966
-0.000107845
0.00352132
-9.09056e-05
0.00354061
-7.28654e-05
0.00355483
-5.51265e-05
0.00356455
-3.84548e-05
0.00357034
-2.30335e-05
0.00357264
-8.62614e-06
0.00357174
5.37903e-06
0.0035679
1.99341e-05
0.00356123
3.59887e-05
0.00355181
5.4929e-05
0.00353984
7.84294e-05
0.00352571
0.000108151
0.00350968
0.000144983
0.00349071
0.000186151
0.00346681
0.000229376
0.00342905
0.000278363
0.00334181
0.000324971
0.00192368
0.000381913
3.85846e-18
0.000136191
7.61827e-19
-8.23715e-19
1.05545e-20
-1.68249e-20
1.79771e-20
-2.40396e-21
3.68657e-20
-2.25825e-21
8.2569e-20
-4.23869e-21
1.47545e-19
-1.2409e-20
3.26616e-19
-1.97095e-20
9.11137e-19
-1.19001e-20
1.9532e-18
-1.82155e-19
0.00159389
-4.96088e-05
0.00323949
-0.000338584
0.00334865
-0.000403713
0.00342365
-0.00036405
0.00347498
-0.000284652
0.00351023
-0.000205861
0.00353517
-0.000144291
0.00355339
-0.000100348
0.00356703
-7.04423e-05
0.00357739
-5.0361e-05
0.00358533
-3.67578e-05
0.00359148
-2.73826e-05
0.00359627
-2.07561e-05
0.00360002
-1.59472e-05
0.00360295
-1.23651e-05
0.00360526
-9.63772e-06
0.00360706
-7.52752e-06
0.00360847
-5.88164e-06
0.00360956
-4.60078e-06
0.00361043
-3.60643e-06
0.00361111
-2.82803e-06
0.00361164
-2.2129e-06
0.00361205
-1.72617e-06
0.00361237
-1.34274e-06
0.00361262
-1.04455e-06
0.00361281
-8.16957e-07
0.00361296
-6.39351e-07
0.00361308
-4.97495e-07
0.00361317
-3.86142e-07
0.00361324
-2.99094e-07
0.0036133
-2.30648e-07
0.00361334
-1.77827e-07
0.00361337
-1.37279e-07
0.00361339
-1.05273e-07
0.00361341
-7.96813e-08
0.00361342
-5.88905e-08
-3.73484e-08
0.00320619
-2.1259e-05
0.00322483
-6.43181e-05
0.00325421
-0.00010347
0.00329164
-0.000135727
0.00333408
-0.000159411
0.00337829
-0.000173253
0.00342128
-0.000176763
0.00346079
-0.00017059
0.00349524
-0.000156329
0.00352372
-0.000136327
0.00354604
-0.000113232
0.00356257
-8.93934e-05
0.00357411
-6.66702e-05
0.00358159
-4.59276e-05
0.00358578
-2.72247e-05
0.00358724
-1.00943e-05
0.00358655
6.07023e-06
0.00358417
2.23204e-05
0.00358047
3.96887e-05
0.003576
5.93981e-05
0.00357158
8.28535e-05
0.00356835
0.000111379
0.00356756
0.000145773
0.00356854
0.000185167
0.00356784
0.000230081
0.00355733
0.00028887
0.00351366
0.000368638
0.00343897
0.000456604
0.000659919
0.000507887
3.36424e-18
7.35857e-05
5.1658e-19
-8.10564e-19
3.84357e-20
-4.6156e-21
7.11648e-20
7.44359e-21
1.51447e-19
-1.96875e-20
3.45493e-19
-4.21022e-20
8.35538e-19
-9.04189e-20
1.75261e-18
-3.55605e-19
0.000471888
-1.81037e-05
0.00330205
-0.000339867
0.00344023
-0.000476764
0.00350428
-0.000467762
0.00353335
-0.000393128
0.00354766
-0.00029896
0.0035576
-0.000215799
0.00356628
-0.000152978
0.00357428
-0.000108344
0.00358142
-7.75847e-05
0.00358757
-5.6511e-05
0.00359273
-4.19103e-05
0.00359695
-3.1607e-05
0.00360037
-2.41741e-05
0.00360311
-1.8688e-05
0.00360529
-1.45481e-05
0.00360702
-1.13629e-05
0.00360837
-8.87717e-06
0.00360942
-6.93039e-06
0.00361023
-5.41554e-06
0.00361087
-4.24872e-06
0.00361138
-3.33561e-06
0.00361178
-2.60765e-06
0.00361208
-2.03381e-06
0.00361232
-1.58272e-06
0.00361251
-1.22795e-06
0.00361265
-9.55271e-07
0.00361275
-7.461e-07
0.00361284
-5.81424e-07
0.0036129
-4.51565e-07
0.00361295
-3.49843e-07
0.00361299
-2.70192e-07
0.00361302
-2.07953e-07
0.00361305
-1.59522e-07
0.00361306
-1.21534e-07
0.00361307
-9.1424e-08
0.00361308
-6.73957e-08
-4.21963e-08
0.00320819
-2.94452e-05
0.00323268
-8.88122e-05
0.00327032
-0.000141111
0.00331664
-0.000182047
0.0033668
-0.000209567
0.00341646
-0.000222913
0.00346236
-0.000222666
0.00350228
-0.000210517
0.00353504
-0.000189086
0.00356024
-0.000161525
0.00357828
-0.00013127
0.00359017
-0.000101288
0.00359743
-7.39314e-05
0.00360142
-4.99159e-05
0.00360307
-2.88819e-05
0.00360302
-1.00394e-05
0.00360198
7.10795e-06
0.00360055
2.37487e-05
0.00359918
4.10634e-05
0.00359851
6.00656e-05
0.00359947
8.18933e-05
0.00360329
0.000107561
0.00361162
0.000137439
0.00362526
0.000171533
0.0036435
0.000211832
0.00366584
0.000266528
0.00368888
0.000345602
0.00369765
0.000447827
0.00366279
0.000542746
0.00126568
0.000538534
3.81233e-18
0.000204159
1.52478e-18
-1.64834e-18
9.8528e-19
-1.13578e-18
1.03109e-18
-8.89387e-19
1.30092e-18
-8.50926e-19
1.88047e-18
-7.15941e-19
0.00106605
-9.22014e-05
0.00344518
-0.000377401
0.00361651
-0.000511196
0.00366013
-0.000520377
0.0036538
-0.000461437
0.00363118
-0.000370507
0.00361155
-0.000279329
0.0036001
-0.000204353
0.00359519
-0.000148068
0.00359435
-0.0001075
0.0035956
-7.8837e-05
0.00359774
-5.86505e-05
0.00360008
-4.4249e-05
0.00360226
-3.37903e-05
0.00360416
-2.60755e-05
0.00360576
-2.02848e-05
0.00360707
-1.5858e-05
0.00360811
-1.24068e-05
0.00360894
-9.7007e-06
0.00360958
-7.57365e-06
0.00361007
-5.90355e-06
0.00361044
-4.61765e-06
0.00361072
-3.62216e-06
0.00361095
-2.83416e-06
0.00361113
-2.21134e-06
0.00361127
-1.72175e-06
0.00361138
-1.3378e-06
0.00361146
-1.03902e-06
0.00361152
-8.07759e-07
0.00361157
-6.27667e-07
0.00361161
-4.86835e-07
0.00361163
-3.76752e-07
0.00361165
-2.90764e-07
0.00361167
-2.23548e-07
0.00361168
-1.71052e-07
0.00361169
-1.29845e-07
0.00361169
-9.71199e-08
0.0036117
-7.14099e-08
-4.44479e-08
0.00321178
-4.12263e-05
0.00324618
-0.000123208
0.003297
-0.000191936
0.00335606
-0.00024111
0.00341614
-0.000269647
0.00347185
-0.000278617
0.00351983
-0.000270643
0.00355802
-0.000248709
0.00358607
-0.000217143
0.00360475
-0.000180202
0.00361513
-0.000141646
0.00361952
-0.000105678
0.00362055
-7.49682e-05
0.0036196
-4.89646e-05
0.00361771
-2.69893e-05
0.00361562
-7.95196e-06
0.00361379
8.93765e-06
0.00361281
2.47287e-05
0.00361313
4.07477e-05
0.00361531
5.78811e-05
0.00362
7.7206e-05
0.00362814
9.94216e-05
0.0036411
0.00012447
0.00366031
0.00015232
0.0036875
0.000184648
0.00372681
0.000227207
0.00378474
0.000287675
0.00386723
0.000365334
0.00395832
0.000451652
0.00399715
0.000499703
0.00308115
0.000489576
0.00164941
0.000396793
0.000986259
0.000185557
0.000956578
2.16413e-05
0.00152678
-0.000107991
0.00279222
-0.000267282
0.00378831
-0.000397495
0.00389061
-0.000479706
0.00387912
-0.000499698
0.00382225
-0.000463514
0.00375344
-0.000392625
0.00369504
-0.000312111
0.00365496
-0.000239245
0.00363044
-0.00017983
0.00361653
-0.000134158
0.00360924
-0.000100218
0.00360576
-7.53489e-05
0.00360436
-5.72513e-05
0.0036041
-4.39956e-05
0.00360434
-3.40254e-05
0.00360471
-2.64482e-05
0.00360508
-2.06505e-05
0.00360539
-1.61749e-05
0.00360566
-1.26692e-05
0.00360587
-9.91242e-06
0.00360604
-7.74526e-06
0.00360618
-6.04341e-06
0.00360628
-4.71797e-06
0.00360635
-3.68668e-06
0.00360639
-2.87858e-06
0.00360642
-2.24375e-06
0.00360645
-1.74592e-06
0.00360647
-1.35622e-06
0.00360648
-1.05238e-06
0.00360649
-8.16318e-07
0.00360649
-6.32773e-07
0.0036065
-4.89773e-07
0.0036065
-3.78329e-07
0.0036065
-2.9146e-07
0.0036065
-2.23701e-07
0.0036065
-1.70758e-07
0.0036065
-1.29353e-07
0.0036065
-9.62585e-08
0.0036065
-7.07806e-08
-4.40625e-08
0.00321884
-6.00701e-05
0.00327064
-0.000175005
0.00334152
-0.000262819
0.0034173
-0.000316885
0.00348799
-0.000340334
0.00354697
-0.000337598
0.00359224
-0.000315921
0.00362264
-0.000279102
0.00363901
-0.000233514
0.0036445
-0.000185696
0.0036428
-0.000139945
0.00363748
-0.000100362
0.0036308
-6.82862e-05
0.00362405
-4.22199e-05
0.00361823
-2.11617e-05
0.00361403
-3.75788e-06
0.00361164
1.13281e-05
0.00361118
2.51885e-05
0.00361279
3.91364e-05
0.00361678
5.3895e-05
0.00362375
7.02334e-05
0.0036346
8.85726e-05
0.00365014
0.00010892
0.00367132
0.000131142
0.00370033
0.000155635
0.00374184
0.000185699
0.00380455
0.000224955
0.00389706
0.000272823
0.00402293
0.000325785
0.00415635
0.00036628
0.00427866
0.000367261
0.00436206
0.000313394
0.00435323
0.000194391
0.00432838
4.64871e-05
0.00431519
-9.48023e-05
0.00427394
-0.000226036
0.00420382
-0.000327369
0.00410335
-0.000379239
0.00398615
-0.000382502
0.00387396
-0.000351323
0.00378191
-0.000300575
0.00371481
-0.00024501
0.0036691
-0.000193539
0.0036395
-0.000150231
0.00362097
-0.00011563
0.00360962
-8.88645e-05
0.0036027
-6.84276e-05
0.00359847
-5.30222e-05
0.00359584
-4.13685e-05
0.0035941
-3.22792e-05
0.00359287
-2.52239e-05
0.00359196
-1.97389e-05
0.00359124
-1.54569e-05
0.00359068
-1.21099e-05
0.00359025
-9.47832e-06
0.00358991
-7.40577e-06
0.00358964
-5.77708e-06
0.00358943
-4.50407e-06
0.00358925
-3.51129e-06
0.00358911
-2.73532e-06
0.003589
-2.12806e-06
0.0035889
-1.65316e-06
0.00358883
-1.28234e-06
0.00358877
-9.93472e-07
0.00358872
-7.68989e-07
0.00358869
-5.94614e-07
0.00358866
-4.59108e-07
0.00358863
-3.53758e-07
0.00358861
-2.71846e-07
0.0035886
-2.08106e-07
0.00358858
-1.58397e-07
0.00358857
-1.19762e-07
0.00358857
-8.86516e-08
0.00358856
-6.53003e-08
-4.07879e-08
0.00323329
-9.33603e-05
0.00331536
-0.000257077
0.00341326
-0.000360719
0.00350387
-0.000407492
0.00357609
-0.000412555
0.00362528
-0.00038679
0.00365353
-0.000344171
0.00366295
-0.000288523
0.003658
-0.000228566
0.00364548
-0.00017317
0.00362949
-0.000123956
0.00361307
-8.39487e-05
0.0035981
-5.33177e-05
0.00358576
-2.98805e-05
0.00357656
-1.19602e-05
0.00357065
2.1564e-06
0.00356784
1.41348e-05
0.00356792
2.51103e-05
0.00357083
3.62265e-05
0.00357669
4.80274e-05
0.00358589
6.10398e-05
0.00359896
7.54978e-05
0.00361644
9.14321e-05
0.00363888
0.000108699
0.00366734
0.000127171
0.0037051
0.000147941
0.00375788
0.000172171
0.00383157
0.00019913
0.00393144
0.000225913
0.00405347
0.000244246
0.00417999
0.000240744
0.00428775
0.000205629
0.00434751
0.000134635
0.00435641
3.7588e-05
0.00432685
-6.52435e-05
0.00425867
-0.000157858
0.00415723
-0.000225933
0.00403913
-0.000261142
0.00392302
-0.000266387
0.00382116
-0.000249462
0.00373996
-0.00021938
0.00367936
-0.000184406
0.003636
-0.000150186
0.00360586
-0.000120085
0.00358527
-9.50465e-05
0.0035712
-7.47916e-05
0.00356145
-5.86791e-05
0.0035545
-4.6074e-05
0.00354938
-3.62391e-05
0.00354557
-2.84717e-05
0.00354269
-2.2349e-05
0.00354048
-1.75219e-05
0.00353874
-1.37224e-05
0.00353738
-1.0745e-05
0.0035363
-8.40137e-06
0.00353545
-6.55562e-06
0.00353478
-5.10594e-06
0.00353425
-3.97303e-06
0.00353383
-3.08903e-06
0.00353349
-2.39973e-06
0.00353323
-1.86184e-06
0.00353301
-1.44268e-06
0.00353285
-1.11637e-06
0.00353272
-8.62857e-07
0.00353262
-6.66132e-07
0.00353254
-5.1366e-07
0.00353247
-3.95404e-07
0.00353242
-3.03739e-07
0.00353238
-2.32622e-07
0.00353235
-1.77497e-07
0.00353233
-1.34565e-07
0.00353231
-1.01522e-07
0.0035323
-7.46246e-08
0.00353229
-5.49963e-08
-3.44923e-08
0.00326325
-0.000156609
0.00338996
-0.000383788
0.00350288
-0.000473645
0.00358038
-0.000484986
0.00362673
-0.00045891
0.00364275
-0.000402812
0.00363215
-0.000333571
0.00360579
-0.000262162
0.00357083
-0.000193606
0.00353348
-0.000135822
0.00349938
-8.9852e-05
0.00347112
-5.56933e-05
0.00344925
-3.14398e-05
0.00343368
-1.43152e-05
0.00342363
-1.91184e-06
0.00341818
7.60314e-06
0.00341669
1.56269e-05
0.00341854
2.32649e-05
0.00342361
3.11498e-05
0.00343194
3.96957e-05
0.00344375
4.92345e-05
0.00345934
5.99028e-05
0.00347909
7.16778e-05
0.0035034
8.43833e-05
0.00353275
9.78243e-05
0.00356855
0.000112138
0.00361354
0.000127171
0.00367071
0.000141961
0.00374237
0.000154256
0.00382697
0.000159644
0.00391571
0.000152
0.0039954
0.000125938
0.00405076
7.92718e-05
0.00406916
1.91886e-05
0.00404887
-4.49528e-05
0.00399475
-0.000103746
0.00391658
-0.000147757
0.00382758
-0.000172145
0.00373939
-0.000178201
0.00366007
-0.000170136
0.00359371
-0.000153022
0.00354104
-0.000131739
0.00350077
-0.000109919
0.0034705
-8.98118e-05
0.00344787
-7.24196e-05
0.00343096
-5.78806e-05
0.00341827
-4.59836e-05
0.00340861
-3.64169e-05
0.00340115
-2.87835e-05
0.00339537
-2.26893e-05
0.00339086
-1.78391e-05
0.00338733
-1.3991e-05
0.00338456
-1.09497e-05
0.00338237
-8.55557e-06
0.00338064
-6.67239e-06
0.00337928
-5.19287e-06
0.0033782
-4.03383e-06
0.00337736
-3.12939e-06
0.0033767
-2.42505e-06
0.00337618
-1.87739e-06
0.00337577
-1.45163e-06
0.00337544
-1.12114e-06
0.00337519
-8.64858e-07
0.003375
-6.66386e-07
0.00337484
-5.12837e-07
0.00337472
-3.9408e-07
0.00337463
-3.02259e-07
0.00337456
-2.3125e-07
0.0033745
-1.76386e-07
0.00337446
-1.33979e-07
0.00337443
-1.01126e-07
0.0033744
-7.59709e-08
0.00337438
-5.54173e-08
0.00337437
-4.07508e-08
-2.57731e-08
0.00332678
-0.000283394
0.00346157
-0.000518575
0.00352817
-0.000540242
0.00353848
-0.000495294
0.00350615
-0.000426584
0.00344245
-0.000339114
0.0033627
-0.000253821
0.00328
-0.000179466
0.00320616
-0.000119768
0.00314668
-7.63377e-05
0.00310234
-4.55126e-05
0.00307121
-2.45652e-05
0.00305057
-1.0795e-05
0.00303801
-1.75984e-06
0.00303165
4.44876e-06
0.00302994
9.31388e-06
0.00303196
1.36079e-05
0.00303726
1.7961e-05
0.00304574
2.26714e-05
0.00305743
2.7997e-05
0.00307257
3.40918e-05
0.00309147
4.10047e-05
0.00311446
4.86877e-05
0.00314185
5.6988e-05
0.00317398
6.56935e-05
0.00321151
7.46022e-05
0.00325539
8.32878e-05
0.0033065
9.08549e-05
0.00336498
9.57657e-05
0.00342894
9.56853e-05
0.00349332
8.76201e-05
0.00355006
6.91914e-05
0.00358893
4.04005e-05
0.00360232
5.80135e-06
0.00358813
-3.07603e-05
0.00354862
-6.42399e-05
0.00349025
-8.93893e-05
0.00342187
-0.000103765
0.00335158
-0.000107914
0.00328546
-0.000104011
0.00322716
-9.47223e-05
0.00317809
-8.26691e-05
0.00313809
-6.99231e-05
0.00310612
-5.78369e-05
0.0030808
-4.71042e-05
0.00306086
-3.79396e-05
0.00304519
-3.03127e-05
0.00303286
-2.40846e-05
0.00302313
-1.90553e-05
0.00301545
-1.50169e-05
0.00300941
-1.17914e-05
0.00300465
-9.22896e-06
0.0030009
-7.20331e-06
0.00299795
-5.60916e-06
0.00299564
-4.3585e-06
0.00299383
-3.37928e-06
0.00299241
-2.61528e-06
0.0029913
-2.02087e-06
0.00299043
-1.55992e-06
0.00298976
-1.20263e-06
0.00298923
-9.26319e-07
0.00298883
-7.12584e-07
0.00298851
-5.47706e-07
0.00298826
-4.20328e-07
0.00298807
-3.2225e-07
0.00298793
-2.46471e-07
0.00298781
-1.88213e-07
0.00298772
-1.43197e-07
0.00298766
-1.08706e-07
0.0029876
-8.20526e-08
0.00298757
-6.16662e-08
0.00298754
-4.59534e-08
0.00298751
-3.33215e-08
0.0029875
-2.4335e-08
-1.57064e-08
0.00336525
-0.00044864
0.00335137
-0.000504699
0.00323634
-0.00042521
0.00306708
-0.000326039
0.00287534
-0.00023484
0.00269352
-0.0001573
0.00254248
-0.000102778
0.00242743
-6.44136e-05
0.00234582
-3.81562e-05
0.00229076
-2.12772e-05
0.00225583
-1.05843e-05
0.00223521
-3.94471e-06
0.00222429
1.21572e-07
0.00221999
2.53753e-06
0.00222029
4.14606e-06
0.00222397
5.63113e-06
0.00223051
7.07086e-06
0.00223978
8.69508e-06
0.00225185
1.06e-05
0.00226698
1.28578e-05
0.00228556
1.55124e-05
0.00230799
1.85699e-05
0.00233468
2.19993e-05
0.00236596
2.57068e-05
0.00240209
2.95578e-05
0.00244332
3.3374e-05
0.00248974
3.68685e-05
0.00254103
3.95618e-05
0.00259604
4.07513e-05
0.00265222
3.94975e-05
0.00270501
3.48306e-05
0.0027481
2.61065e-05
0.00277486
1.36328e-05
0.00278116
-5.01199e-07
0.00276564
-1.524e-05
0.00272985
-2.84462e-05
0.00267864
-3.81809e-05
0.00261852
-4.36501e-05
0.0025557
-4.50933e-05
0.00249511
-4.34197e-05
0.00244004
-3.9656e-05
0.00239212
-3.4744e-05
0.00235169
-2.95007e-05
0.00231834
-2.44796e-05
0.00229121
-1.99772e-05
0.00226937
-1.61028e-05
0.00225192
-1.28603e-05
0.00223804
-1.02005e-05
0.00222703
-8.04798e-06
0.00221833
-6.3201e-06
0.00221148
-4.94233e-06
0.00220611
-3.85097e-06
0.00220189
-2.9913e-06
0.0021986
-2.31772e-06
0.00219604
-1.79169e-06
0.00219404
-1.38218e-06
0.00219249
-1.06414e-06
0.00219129
-8.18116e-07
0.00219035
-6.28148e-07
0.00218963
-4.81886e-07
0.00218908
-3.69248e-07
0.00218865
-2.82745e-07
0.00218832
-2.16153e-07
0.00218806
-1.65072e-07
0.00218786
-1.25739e-07
0.00218771
-9.56289e-08
0.0021876
-7.2464e-08
0.00218751
-5.48116e-08
0.00218744
-4.12594e-08
0.00218739
-3.0992e-08
0.00218735
-2.30999e-08
0.00218732
-1.70645e-08
0.0021873
-1.21913e-08
0.00218729
-8.63771e-09
-5.85049e-09
0.00275136
0.00224666
0.00182145
0.00149541
0.00126057
0.00110327
0.00100049
0.000936079
0.000897922
0.000876645
0.00086606
0.000862115
0.000862236
0.000864774
0.000868919
0.00087455
0.000881621
0.000890315
0.000900915
0.000913772
0.000929283
0.000947852
0.00096985
0.000995555
0.00102511
0.00105849
0.00109535
0.00113491
0.00117566
0.00121516
0.00124999
0.0012761
0.00128973
0.00128923
0.00127398
0.00124554
0.00120736
0.00116371
0.00111861
0.00107519
0.00103554
0.00100079
0.000971292
0.000946813
0.000926835
0.000910732
0.000897872
0.000887671
0.000879623
0.000873303
0.000868361
0.00086451
0.000861519
0.000859201
0.00085741
0.000856028
0.000854964
0.000854146
0.000853518
0.000853036
0.000852667
0.000852384
0.000852168
0.000852003
0.000851877
0.000851782
0.000851709
0.000851654
0.000851613
0.000851582
0.000851559
0.000851542
0.00085153
0.000851521
)
;

boundaryField
{
    ibCylinder
    {
        type            immersedBoundary;
        value           nonuniform List<scalar> 
48
(
0.000630589
0.00103494
0.000477595
8.03962e-06
-0.00046221
-0.000998164
-0.000690792
0.00193217
0.00106152
-0.00097385
-0.00201984
0.00240735
0.000586333
-0.000453784
-0.0025399
0.0012062
0.00178749
-0.00154428
-0.00144941
0.00299369
-0.00299369
0.00299369
-0.00299369
0.00299369
-0.00299369
0.00299369
-0.00299369
0.00299369
-0.00299369
0.0012062
0.00178749
-0.00154428
-0.00144941
0.00240735
0.000586333
-0.000453784
-0.0025399
0.00193217
0.00106152
-0.00097385
-0.00201984
0.000630589
0.00103494
0.000477595
8.03962e-06
-0.00046221
-0.000998164
-0.000690792
)
;
        value           nonuniform List<scalar> 0();
    }
    in
    {
        type            calculated;
        value           nonuniform List<scalar> 
25
(
-0.0032
-0.0032
-0.0032
-0.0032
-0.0032
-0.0032
-0.0032
-0.0032
-0.0032
-0.0032
-0.0032
-0.0032
-0.0032
-0.0032
-0.0032
-0.0032
-0.0032
-0.0032
-0.0032
-0.0032
-0.0032
-0.0032
-0.0032
-0.0032
-0.0032
)
;
    }
    out
    {
        type            calculated;
        value           nonuniform List<scalar> 
25
(
0.000851526
0.00218729
0.00298749
0.00337436
0.00353228
0.00358856
0.0036065
0.0036117
0.00361309
0.00361343
0.0036135
0.00361351
0.00361351
0.00361351
0.0036135
0.00361343
0.00361309
0.0036117
0.0036065
0.00358856
0.00353228
0.00337436
0.00298749
0.00218728
0.000851515
)
;
    }
    top
    {
        type            calculated;
        value           uniform 0;
    }
    bottom
    {
        type            calculated;
        value           uniform 0;
    }
    frontAndBack
    {
        type            empty;
        value           nonuniform List<scalar> 0();
    }
}


// ************************************************************************* //
