/*--------------------------------*- C++ -*----------------------------------*\
| =========                 |                                                 |
| \\      /  F ield         | OpenFOAM: The Open Source CFD Toolbox           |
|  \\    /   O peration     | Version:  2206                                  |
|   \\  /    A nd           | Website:  www.openfoam.com                      |
|    \\/     M anipulation  |                                                 |
\*---------------------------------------------------------------------------*/
FoamFile
{
    version     2.0;
    format      ascii;
    arch        "LSB;label=32;scalar=64";
    class       volVectorField;
    location    "0.3";
    object      U;
}
// * * * * * * * * * * * * * * * * * * * * * * * * * * * * * * * * * * * * * //

dimensions      [0 1 -1 0 0 0 0];

internalField   nonuniform List<vector> 
1875
(
(0.792438 0.0206879 0)
(0.749859 0.0852699 0)
(0.649256 0.0830218 0)
(0.517709 0.0484697 0)
(0.423619 0.0240888 0)
(0.364472 0.0123192 0)
(0.325917 0.00616732 0)
(0.300766 0.00276392 0)
(0.285296 0.000942512 0)
(0.276442 7.51533e-05 0)
(0.271781 -0.000342502 0)
(0.269692 -0.000537734 0)
(0.269256 -0.000636601 0)
(0.269711 -0.000688897 0)
(0.270801 -0.000754031 0)
(0.272331 -0.00084664 0)
(0.274316 -0.000967188 0)
(0.276775 -0.00113333 0)
(0.279779 -0.00135004 0)
(0.283431 -0.00161986 0)
(0.287851 -0.00194504 0)
(0.293166 -0.00232311 0)
(0.299497 -0.00274765 0)
(0.306948 -0.00320504 0)
(0.315582 -0.00367203 0)
(0.32542 -0.00411615 0)
(0.336412 -0.00448602 0)
(0.34839 -0.00470807 0)
(0.361009 -0.00468891 0)
(0.373676 -0.00432242 0)
(0.385453 -0.00353571 0)
(0.395216 -0.00232765 0)
(0.401549 -0.000819428 0)
(0.403509 0.000793864 0)
(0.401163 0.00248145 0)
(0.394241 0.00383398 0)
(0.383638 0.00473081 0)
(0.370663 0.00515285 0)
(0.356637 0.00515974 0)
(0.342677 0.00486573 0)
(0.329639 0.00437892 0)
(0.317985 0.00379106 0)
(0.307946 0.00318664 0)
(0.299527 0.0026208 0)
(0.292604 0.00212127 0)
(0.28699 0.00169578 0)
(0.282488 0.00134272 0)
(0.278905 0.0010554 0)
(0.276071 0.000824967 0)
(0.27384 0.000641558 0)
(0.272092 0.000496721 0)
(0.270728 0.000383077 0)
(0.269666 0.000294457 0)
(0.268843 0.000225755 0)
(0.268205 0.000172704 0)
(0.267713 0.000131871 0)
(0.267333 0.000100495 0)
(0.267041 7.64693e-05 0)
(0.266817 5.80378e-05 0)
(0.266645 4.39902e-05 0)
(0.266513 3.32556e-05 0)
(0.266412 2.51413e-05 0)
(0.266334 1.89327e-05 0)
(0.266276 1.42401e-05 0)
(0.266231 1.06063e-05 0)
(0.266197 7.89258e-06 0)
(0.266171 5.81733e-06 0)
(0.266152 4.33276e-06 0)
(0.266137 3.18191e-06 0)
(0.266126 2.35665e-06 0)
(0.266117 1.67304e-06 0)
(0.266112 1.15071e-06 0)
(0.266107 7.48781e-07 0)
(0.266104 4.02371e-07 0)
(0.266102 2.09443e-07 0)
(1.01384 0.122341 0)
(1.05092 0.186726 0)
(1.0382 0.177 0)
(0.990424 0.15481 0)
(0.929651 0.123906 0)
(0.867709 0.0883248 0)
(0.815713 0.0598072 0)
(0.774244 0.0386629 0)
(0.743709 0.0237157 0)
(0.722812 0.0137027 0)
(0.709196 0.00717612 0)
(0.700888 0.00307095 0)
(0.696242 0.000541824 0)
(0.694001 -0.000976138 0)
(0.693542 -0.00195702 0)
(0.694199 -0.00283091 0)
(0.695834 -0.00365676 0)
(0.69832 -0.00454008 0)
(0.701651 -0.00555595 0)
(0.705893 -0.00674994 0)
(0.711149 -0.00814605 0)
(0.717545 -0.0097476 0)
(0.725211 -0.0115386 0)
(0.734263 -0.0134778 0)
(0.744786 -0.0155025 0)
(0.756857 -0.017534 0)
(0.770534 -0.0194336 0)
(0.785806 -0.020954 0)
(0.802479 -0.0217193 0)
(0.819997 -0.0212148 0)
(0.837366 -0.0188576 0)
(0.852764 -0.0142806 0)
(0.86402 -0.0076307 0)
(0.869274 -3.65062e-05 0)
(0.867965 0.00786308 0)
(0.859784 0.0149862 0)
(0.845849 0.0202474 0)
(0.828081 0.0232095 0)
(0.808549 0.0240181 0)
(0.788983 0.0231381 0)
(0.770798 0.0211216 0)
(0.754655 0.0185012 0)
(0.740853 0.0157108 0)
(0.729361 0.0130426 0)
(0.719958 0.0106523 0)
(0.712356 0.008596 0)
(0.70626 0.0068747 0)
(0.701401 0.00546177 0)
(0.697542 0.00431675 0)
(0.694488 0.00339605 0)
(0.69208 0.00266077 0)
(0.690186 0.00207742 0)
(0.6887 0.00161703 0)
(0.687538 0.00125568 0)
(0.686631 0.000972811 0)
(0.685924 0.000752076 0)
(0.685375 0.000580224 0)
(0.684948 0.000447018 0)
(0.684618 0.000343904 0)
(0.684362 0.000264288 0)
(0.684165 0.000202775 0)
(0.684012 0.000155372 0)
(0.683894 0.000118806 0)
(0.683804 9.06989e-05 0)
(0.683734 6.90633e-05 0)
(0.683681 5.24727e-05 0)
(0.68364 3.97416e-05 0)
(0.683609 3.0028e-05 0)
(0.683585 2.25899e-05 0)
(0.683568 1.69078e-05 0)
(0.683554 1.2513e-05 0)
(0.683544 9.13187e-06 0)
(0.683537 6.38759e-06 0)
(0.683532 4.45713e-06 0)
(0.683527 2.6347e-06 0)
(1.01277 0.0739276 0)
(1.06009 0.147905 0)
(1.09618 0.164173 0)
(1.10908 0.158991 0)
(1.10338 0.146101 0)
(1.08751 0.125441 0)
(1.06425 0.100309 0)
(1.03792 0.074695 0)
(1.0125 0.0518106 0)
(0.99158 0.0342366 0)
(0.975395 0.0213049 0)
(0.963753 0.0122648 0)
(0.955847 0.00617635 0)
(0.95083 0.00205861 0)
(0.947993 -0.000830554 0)
(0.946837 -0.0029973 0)
(0.946933 -0.00485154 0)
(0.94811 -0.00670007 0)
(0.950283 -0.00863683 0)
(0.95344 -0.0107815 0)
(0.95763 -0.0132122 0)
(0.962944 -0.0159573 0)
(0.969487 -0.0190034 0)
(0.977359 -0.0222988 0)
(0.986641 -0.0257734 0)
(0.997472 -0.0293743 0)
(1.01011 -0.032991 0)
(1.02485 -0.0363042 0)
(1.04195 -0.0386991 0)
(1.06121 -0.0391547 0)
(1.08161 -0.0363469 0)
(1.10119 -0.0292055 0)
(1.11676 -0.0177217 0)
(1.12521 -0.00348247 0)
(1.12521 0.011757 0)
(1.1166 0.0257418 0)
(1.10083 0.0362238 0)
(1.08048 0.0421818 0)
(1.05832 0.0438753 0)
(1.03668 0.0422138 0)
(1.0171 0.0383326 0)
(1.0003 0.033351 0)
(0.986422 0.0281279 0)
(0.975253 0.0232154 0)
(0.966383 0.0188772 0)
(0.959382 0.0151864 0)
(0.953874 0.0121256 0)
(0.949544 0.00963545 0)
(0.94613 0.00762979 0)
(0.943436 0.00601936 0)
(0.941312 0.00473275 0)
(0.939638 0.00370972 0)
(0.93832 0.00290028 0)
(0.937284 0.00226258 0)
(0.936469 0.00176161 0)
(0.93583 0.00136851 0)
(0.935329 0.00106113 0)
(0.934938 0.000821441 0)
(0.934633 0.000635197 0)
(0.934394 0.000490555 0)
(0.934209 0.000378381 0)
(0.934064 0.000291358 0)
(0.933952 0.00022399 0)
(0.933865 0.000171858 0)
(0.933798 0.000131622 0)
(0.933746 0.000100583 0)
(0.933705 7.66816e-05 0)
(0.933675 5.82738e-05 0)
(0.933651 4.40977e-05 0)
(0.933633 3.3169e-05 0)
(0.933619 2.46947e-05 0)
(0.933609 1.81943e-05 0)
(0.933601 1.29012e-05 0)
(0.933596 9.14797e-06 0)
(0.933591 5.29998e-06 0)
(1.00547 0.0374821 0)
(1.03496 0.0952068 0)
(1.07795 0.129679 0)
(1.11028 0.14159 0)
(1.12768 0.13919 0)
(1.13896 0.126372 0)
(1.13795 0.108921 0)
(1.13196 0.0895751 0)
(1.12188 0.069554 0)
(1.11014 0.0512288 0)
(1.09856 0.0354678 0)
(1.08865 0.0230128 0)
(1.08083 0.0137575 0)
(1.07503 0.00705475 0)
(1.07109 0.00213577 0)
(1.06873 -0.00165657 0)
(1.0677 -0.00479156 0)
(1.06779 -0.00769925 0)
(1.06889 -0.0106709 0)
(1.07099 -0.0138423 0)
(1.07414 -0.0173484 0)
(1.07841 -0.0212596 0)
(1.08394 -0.0255782 0)
(1.09082 -0.0302517 0)
(1.09919 -0.0352557 9.53501e-34)
(1.10922 -0.0406789 -9.49902e-34)
(1.12163 -0.0465277 0)
(1.13734 -0.0525695 0)
(1.1573 -0.0579973 0)
(1.18187 -0.0609543 0)
(1.20963 -0.0588092 0)
(1.23691 -0.0491743 0)
(1.2593 -0.0308151 0)
(1.27104 -0.00778232 0)
(1.27078 0.0165274 0)
(1.25887 0.0391609 0)
(1.2375 0.0561581 0)
(1.21049 0.0654493 0)
(1.18202 0.0675648 0)
(1.15547 0.0641759 0)
(1.13255 0.057309 0)
(1.11398 0.0489476 0)
(1.09959 0.0405292 0)
(1.08873 0.032873 0)
(1.08061 0.0263379 0)
(1.07454 0.0209346 0)
(1.07 0.0165583 0)
(1.06656 0.0130751 0)
(1.06393 0.0103184 0)
(1.06188 0.00812823 0)
(1.06029 0.00639139 0)
(1.05905 0.00501836 0)
(1.05807 0.00393458 0)
(1.05731 0.00307988 0)
(1.0567 0.00240625 0)
(1.05622 0.00187614 0)
(1.05584 0.00146019 0)
(1.05555 0.00113484 0)
(1.05531 0.000881051 0)
(1.05513 0.000683198 0)
(1.05498 0.000529053 0)
(1.05487 0.000408988 0)
(1.05478 0.000315647 0)
(1.05471 0.000243161 0)
(1.05466 0.000187027 0)
(1.05462 0.000143559 0)
(1.05458 0.000109946 0)
(1.05456 8.39121e-05 0)
(1.05454 6.37768e-05 0)
(1.05452 4.81648e-05 0)
(1.05451 3.60392e-05 0)
(1.0545 2.66817e-05 0)
(1.0545 1.91225e-05 0)
(1.05449 1.36029e-05 0)
(1.05449 7.81866e-06 0)
(1.00292 0.0231212 0)
(1.01936 0.0647138 0)
(1.0498 0.0948999 0)
(1.08194 0.112307 0)
(1.10799 0.118128 0)
(1.12696 0.114739 0)
(1.13864 0.105496 0)
(1.14492 0.0909074 0)
(1.14452 0.0738283 0)
(1.14169 0.0573077 0)
(1.13693 0.0422086 0)
(1.13156 0.0296418 0)
(1.12662 0.0197397 0)
(1.12228 0.0118287 0)
(1.11888 0.00556879 0)
(1.11652 0.000493176 0)
(1.11518 -0.0038384 0)
(1.11477 -0.0078196 0)
(1.11525 -0.0118392 0)
(1.11662 -0.0160761 0)
(1.11896 -0.0206908 0)
(1.12242 -0.0257736 0)
(1.12719 -0.0313892 0)
(1.13342 -0.0374947 0)
(1.14137 -0.0440109 0)
(1.15124 -0.0517009 0)
(1.16509 -0.061264 0)
(1.18435 -0.0723018 0)
(1.21126 -0.0839006 0)
(1.24644 -0.0926528 0)
(1.28654 -0.0936294 0)
(1.32463 -0.0829857 0)
(1.3532 -0.0551283 0)
(1.36276 -0.0151594 0)
(1.35874 0.0260446 0)
(1.34407 0.0621499 0)
(1.31738 0.0874904 0)
(1.28134 0.0992489 0)
(1.24353 0.0994934 0)
(1.20888 0.0919276 0)
(1.18003 0.0798968 0)
(1.15799 0.0663281 0)
(1.14202 0.053291 0)
(1.13078 0.0420862 0)
(1.12312 0.0329639 0)
(1.11789 0.0257543 0)
(1.11427 0.0201082 0)
(1.11174 0.0157243 0)
(1.1099 0.0123206 0)
(1.10853 0.00964889 0)
(1.1075 0.00756036 0)
(1.10672 0.00591891 0)
(1.10611 0.00463073 0)
(1.10563 0.00362778 0)
(1.10525 0.00283926 0)
(1.10495 0.00221724 0)
(1.10472 0.00172823 0)
(1.10453 0.00134636 0)
(1.10438 0.00104848 0)
(1.10426 0.000815742 0)
(1.10417 0.000633708 0)
(1.1041 0.000491428 0)
(1.10404 0.000380414 0)
(1.10399 0.000293983 0)
(1.10396 0.000226871 0)
(1.10393 0.000174756 0)
(1.10391 0.000134302 0)
(1.10389 0.000102846 0)
(1.10387 7.84283e-05 0)
(1.10386 5.94281e-05 0)
(1.10386 4.46451e-05 0)
(1.10385 3.31418e-05 0)
(1.10384 2.39255e-05 0)
(1.10384 1.69946e-05 0)
(1.10384 9.65559e-06 0)
(1.00167 0.0155967 0)
(1.01135 0.0452313 0)
(1.03136 0.0692365 0)
(1.05588 0.0856381 0)
(1.07969 0.0943827 0)
(1.10017 0.0961022 0)
(1.11657 0.0919842 0)
(1.12851 0.0832985 0)
(1.13557 0.0717558 0)
(1.13888 0.0586328 0)
(1.13895 0.0451733 0)
(1.1378 0.0330464 0)
(1.13574 0.0230442 0)
(1.13355 0.0146664 0)
(1.13149 0.00772028 0)
(1.12991 0.00188551 0)
(1.12888 -0.00320649 0)
(1.12844 -0.00784046 0)
(1.12862 -0.0124568 0)
(1.12949 -0.0173683 0)
(1.13109 -0.0229752 0)
(1.13388 -0.0294015 0)
(1.13799 -0.0365221 0)
(1.14368 -0.0443241 0)
(1.15139 -0.0531635 0)
(1.16198 -0.0643075 0)
(1.17764 -0.0794531 0)
(1.20122 -0.0989726 0)
(1.23605 -0.121757 0)
(1.27855 -0.139908 0)
(1.3188 -0.13875 0)
(1.35738 -0.116431 0)
(1.36207 -0.0711034 0)
(1.35588 -0.015997 0)
(1.35002 0.0334728 0)
(1.34363 0.083742 0)
(1.32781 0.12157 0)
(1.30124 0.140701 0)
(1.26445 0.141683 0)
(1.22738 0.12846 0)
(1.1946 0.108042 0)
(1.16972 0.0867161 0)
(1.15241 0.0675193 0)
(1.14103 0.051656 0)
(1.13385 0.0391899 0)
(1.12941 0.0296859 0)
(1.12671 0.0225587 0)
(1.12504 0.0173267 0)
(1.12406 0.0134881 0)
(1.1234 0.0105177 0)
(1.12294 0.00820828 0)
(1.12262 0.00641625 0)
(1.12237 0.00502268 0)
(1.12217 0.00393365 0)
(1.12202 0.0030787 0)
(1.1219 0.00240599 0)
(1.1218 0.00187771 0)
(1.12173 0.00146533 0)
(1.12167 0.00114398 0)
(1.12162 0.000892362 0)
(1.12158 0.000694908 0)
(1.12155 0.000540132 0)
(1.12152 0.000419065 0)
(1.1215 0.000324678 0)
(1.12148 0.000251254 0)
(1.12147 0.000194124 0)
(1.12146 0.000149587 0)
(1.12145 0.000114876 0)
(1.12144 8.78212e-05 0)
(1.12144 6.67368e-05 0)
(1.12143 5.02751e-05 0)
(1.12143 3.73819e-05 0)
(1.12143 2.70996e-05 0)
(1.12143 1.91627e-05 0)
(1.12143 1.07307e-05 0)
(1.00105 0.0109819 0)
(1.00729 0.0323863 0)
(1.02083 0.0508281 0)
(1.03895 0.0649256 0)
(1.05828 0.0739371 0)
(1.07668 0.0777838 0)
(1.09309 0.0768766 0)
(1.10668 0.0719475 0)
(1.11704 0.0639302 0)
(1.12428 0.0539804 0)
(1.12865 0.0433812 0)
(1.13079 0.0330534 0)
(1.13147 0.0238128 0)
(1.13139 0.0159264 0)
(1.13084 0.00913916 0)
(1.13021 0.00309369 0)
(1.12957 -0.00232184 0)
(1.12908 -0.00750028 0)
(1.12896 -0.0128595 0)
(1.1293 -0.0186306 0)
(1.13031 -0.0250712 0)
(1.13227 -0.032505 0)
(1.1355 -0.0410406 0)
(1.14048 -0.0506544 0)
(1.14762 -0.0620616 0)
(1.15774 -0.0775247 0)
(1.17263 -0.0998249 0)
(1.19402 -0.1285 0)
(1.22581 -0.159957 0)
(1.24979 -0.170713 0)
(1.24142 -0.156612 0)
(1.20621 -0.114594 0)
(1.10997 -0.0381179 2.0916e-18)
(1.05723 -0.000215897 6.74939e-17)
(1.0726 0.0253581 5.55842e-17)
(1.11127 0.0591726 -3.81918e-17)
(1.15764 0.102849 -3.52927e-20)
(1.21297 0.153576 0)
(1.21985 0.168715 0)
(1.20601 0.160666 0)
(1.18361 0.136962 0)
(1.16253 0.108053 0)
(1.14715 0.0817583 0)
(1.13739 0.0605175 0)
(1.13172 0.0444569 0)
(1.12866 0.0327595 0)
(1.12715 0.0243658 0)
(1.12648 0.0183312 0)
(1.12628 0.0139195 0)
(1.12631 0.0106705 0)
(1.12642 0.00826325 0)
(1.12654 0.00645483 0)
(1.12664 0.00506893 0)
(1.12673 0.00397503 0)
(1.12681 0.00311281 0)
(1.12687 0.00243558 0)
(1.12691 0.00190212 0)
(1.12695 0.00148477 0)
(1.12698 0.00116004 0)
(1.12699 0.000906414 0)
(1.127 0.000706871 0)
(1.12701 0.000549882 0)
(1.12702 0.000426766 0)
(1.12702 0.000330904 0)
(1.12703 0.000256539 0)
(1.12703 0.000198654 0)
(1.12703 0.000153388 0)
(1.12703 0.000118029 0)
(1.12703 9.03872e-05 0)
(1.12703 6.8807e-05 0)
(1.12703 5.19076e-05 0)
(1.12703 3.86207e-05 0)
(1.12703 2.80475e-05 0)
(1.12703 1.97207e-05 0)
(1.12703 1.08596e-05 0)
(1.00074 0.00790568 0)
(1.00512 0.0235117 0)
(1.01489 0.0374972 0)
(1.02851 0.0488249 0)
(1.04411 0.0569403 0)
(1.06 0.061387 0)
(1.07515 0.0621358 0)
(1.08871 0.0595002 0)
(1.10015 0.0541143 0)
(1.10921 0.0468435 0)
(1.11591 0.0386 0)
(1.12049 0.030224 0)
(1.12337 0.022374 0)
(1.12503 0.0152991 0)
(1.12584 0.00900738 0)
(1.12605 0.00331621 0)
(1.12584 -0.00198009 0)
(1.12541 -0.00720825 0)
(1.12492 -0.0126925 0)
(1.12455 -0.0187972 0)
(1.12452 -0.0259394 0)
(1.12517 -0.0344643 0)
(1.12697 -0.0445456 0)
(1.13046 -0.0561339 0)
(1.13552 -0.0698097 1.61464e-32)
(1.14242 -0.0883005 -1.60536e-32)
(1.14919 -0.115056 0)
(1.15565 -0.147194 0)
(1.15226 -0.170415 0)
(1.10961 -0.147433 6.85258e-17)
(0.935358 -0.0472186 0)
(0 0 0)
(0 0 0)
(0 0 0)
(0 0 0)
(0 0 0)
(0.98362 0.0193317 1.17236e-17)
(1.03758 0.0714431 1.56138e-17)
(1.12027 0.145569 0)
(1.14457 0.162838 0)
(1.14465 0.150647 0)
(1.13851 0.122641 0)
(1.13114 0.0922114 0)
(1.12617 0.0667964 0)
(1.12381 0.047776 0)
(1.12311 0.0342133 0)
(1.12331 0.0247692 0)
(1.12391 0.0182189 0)
(1.12465 0.0136307 0)
(1.12538 0.0103529 0)
(1.12602 0.00795543 0)
(1.12657 0.00616472 0)
(1.12702 0.00480272 0)
(1.12739 0.00375212 0)
(1.12768 0.00292937 0)
(1.12791 0.00228187 0)
(1.12808 0.00177765 0)
(1.12821 0.00139682 0)
(1.12831 0.00110183 0)
(1.12839 0.00086317 0)
(1.12845 0.000673914 0)
(1.1285 0.000525455 0)
(1.12854 0.000408515 0)
(1.12857 0.000316826 0)
(1.12859 0.000245844 0)
(1.12861 0.000190791 0)
(1.12862 0.00014759 0)
(1.12863 0.000113646 0)
(1.12864 8.70414e-05 0)
(1.12864 6.62181e-05 0)
(1.12865 4.99621e-05 0)
(1.12865 3.7153e-05 0)
(1.12865 2.69861e-05 0)
(1.12866 1.88503e-05 0)
(1.12866 1.01627e-05 0)
(1.00056 0.0056805 0)
(1.00388 0.0169559 0)
(1.01139 0.0273182 0)
(1.02213 0.0360385 0)
(1.03492 0.0426668 0)
(1.04874 0.0468324 0)
(1.06257 0.048264 0)
(1.07562 0.047028 0)
(1.08729 0.0435005 0)
(1.09717 0.0382932 0)
(1.10511 0.0321114 0)
(1.11113 0.0256067 0)
(1.11545 0.0192848 0)
(1.11835 0.0134066 0)
(1.12011 0.00802122 0)
(1.12095 0.00303229 0)
(1.12104 -0.00174975 0)
(1.12052 -0.00664121 0)
(1.11953 -0.0119509 0)
(1.11819 -0.0180953 0)
(1.11673 -0.0255616 0)
(1.11542 -0.0348232 0)
(1.11474 -0.0461516 0)
(1.11491 -0.0590231 0)
(1.11516 -0.0732232 0)
(1.1149 -0.0907259 0)
(1.10547 -0.112093 0)
(1.0824 -0.137599 0)
(1.05276 -0.136183 8.32021e-17)
(0.95216 -0.0274536 0)
(0 0 0)
(0 0 0)
(0 0 0)
(0 0 0)
(0 0 0)
(0 0 0)
(0 0 0)
(0.952379 0.00745058 3.1219e-18)
(0.999125 0.0645876 4.86225e-17)
(1.06626 0.1333 0)
(1.08894 0.140488 0)
(1.10103 0.122092 0)
(1.10698 0.0938404 0)
(1.11028 0.0675086 0)
(1.11304 0.0474591 0)
(1.11568 0.0332436 0)
(1.1181 0.0235321 0)
(1.1202 0.0169589 0)
(1.12197 0.0124666 0)
(1.12344 0.00933733 0)
(1.12463 0.00710707 0)
(1.12558 0.0054768 0)
(1.12635 0.00425561 0)
(1.12695 0.00332165 0)
(1.12743 0.00259723 0)
(1.1278 0.00203102 0)
(1.12809 0.00158968 0)
(1.12831 0.00124538 0)
(1.12849 0.000975123 0)
(1.12863 0.000762092 0)
(1.12873 0.000593554 0)
(1.12882 0.000460324 0)
(1.12889 0.000356368 0)
(1.12893 0.000278433 0)
(1.12897 0.000218517 0)
(1.129 0.000169954 0)
(1.12902 0.000131524 0)
(1.12904 0.000101503 0)
(1.12906 7.78812e-05 0)
(1.12907 5.91356e-05 0)
(1.12907 4.45412e-05 0)
(1.12908 3.31067e-05 0)
(1.12908 2.40325e-05 0)
(1.12909 1.65917e-05 0)
(1.12909 8.6913e-06 0)
(1.00046 0.00394366 0)
(1.00314 0.0117876 0)
(1.00926 0.0191185 0)
(1.01819 0.0254556 0)
(1.02912 0.030449 0)
(1.04131 0.0338039 0)
(1.05405 0.035295 0)
(1.06654 0.034839 0)
(1.07813 0.0326209 0)
(1.08836 0.0290563 0)
(1.09696 0.0246572 0)
(1.10382 0.0199 0)
(1.10902 0.0151547 0)
(1.11271 0.0106328 0)
(1.11509 0.00639555 0)
(1.11632 0.00239744 0)
(1.11651 -0.00154569 0)
(1.11575 -0.00570384 0)
(1.11409 -0.010377 0)
(1.11155 -0.016012 0)
(1.10817 -0.0231625 0)
(1.10402 -0.0324003 0)
(1.09934 -0.0440407 0)
(1.09371 -0.056947 0)
(1.08724 -0.0699165 2.1354e-33)
(1.07955 -0.0830011 -2.13348e-33)
(1.05399 -0.0895265 0)
(0.988311 -0.0893353 2.15994e-17)
(0.877239 -0.0360642 0)
(0 0 0)
(0 0 0)
(0 0 0)
(0 0 0)
(0 0 0)
(0 0 0)
(0 0 0)
(0 0 0)
(0 0 0)
(0.951266 0.0178548 1.23391e-17)
(0.995125 0.0753909 -1.56765e-17)
(1.03486 0.110443 0)
(1.05939 0.104579 0)
(1.07925 0.0832499 0)
(1.0924 0.0605243 0)
(1.10131 0.042295 0)
(1.10786 0.0291925 0)
(1.11277 0.0202988 0)
(1.11648 0.014377 0)
(1.11929 0.0104094 0)
(1.12147 0.00770327 0)
(1.12316 0.0058116 0)
(1.12448 0.00445138 0)
(1.12551 0.00344557 0)
(1.12632 0.0026835 0)
(1.12695 0.00209622 0)
(1.12745 0.00163941 0)
(1.12784 0.00128371 0)
(1.12814 0.00100645 0)
(1.12838 0.000789212 0)
(1.12856 0.000617799 0)
(1.12871 0.000482663 0)
(1.12882 0.00037608 0)
(1.12891 0.000292837 0)
(1.12898 0.000228283 0)
(1.12903 0.000177746 0)
(1.12907 0.000137842 0)
(1.1291 0.00010627 0)
(1.12913 8.13639e-05 0)
(1.12915 6.1837e-05 0)
(1.12916 4.71774e-05 0)
(1.12917 3.58808e-05 0)
(1.12918 2.66924e-05 0)
(1.12919 1.92579e-05 0)
(1.12919 1.30827e-05 0)
(1.1292 6.54494e-06 0)
(1.00039 0.00249709 0)
(1.00271 0.00745982 0)
(1.00799 0.0121524 0)
(1.01581 0.0162813 0)
(1.02556 0.0196114 0)
(1.03669 0.0219323 0)
(1.04857 0.0230827 0)
(1.06061 0.022986 0)
(1.07205 0.0217071 0)
(1.08241 0.01949 0)
(1.09135 0.0166676 0)
(1.09869 0.0135549 0)
(1.1044 0.0103939 0)
(1.10856 0.00732638 0)
(1.11129 0.00439866 0)
(1.1127 0.00160189 0)
(1.11288 -0.00120562 0)
(1.11181 -0.00425252 0)
(1.1094 -0.00778244 0)
(1.10554 -0.0122034 0)
(1.09996 -0.0180526 0)
(1.09235 -0.0259488 0)
(1.08228 -0.0359257 0)
(1.06855 -0.0468212 0)
(1.05269 -0.0582162 0)
(1.03475 -0.0679076 0)
(0.987083 -0.056889 0)
(0.910579 -0.0301497 7.39652e-17)
(0 0 0)
(0 0 0)
(0 0 0)
(0 0 0)
(0 0 0)
(0 0 0)
(0 0 0)
(0 0 0)
(0 0 0)
(0 0 0)
(0 0 0)
(0.955976 0.0363747 0)
(0.992475 0.0723634 0)
(1.02438 0.0750994 0)
(1.05405 0.0620742 0)
(1.07584 0.045699 0)
(1.0906 0.0319717 0)
(1.10091 0.0218972 0)
(1.10818 0.0150318 0)
(1.11334 0.0105027 0)
(1.11709 0.00751213 0)
(1.11986 0.0055047 0)
(1.12196 0.00412302 0)
(1.12357 0.00314245 0)
(1.12481 0.00242483 0)
(1.12578 0.00188552 0)
(1.12654 0.00147208 0)
(1.12713 0.00115147 0)
(1.12759 0.000901663 0)
(1.12795 0.000706697 0)
(1.12823 0.000553857 0)
(1.12846 0.000433544 0)
(1.12863 0.000338711 0)
(1.12877 0.000264165 0)
(1.12887 0.000205939 0)
(1.12895 0.000160697 0)
(1.12902 0.00012527 0)
(1.12907 9.72867e-05 0)
(1.12911 7.52173e-05 0)
(1.12914 5.77613e-05 0)
(1.12916 4.40523e-05 0)
(1.12918 3.34523e-05 0)
(1.12919 2.51175e-05 0)
(1.1292 1.83956e-05 0)
(1.12921 1.29536e-05 0)
(1.12921 8.29251e-06 0)
(1.12922 3.66287e-06 0)
(1.00036 0.00121231 0)
(1.00247 0.00362068 0)
(1.00731 0.0059127 0)
(1.01452 0.00795076 0)
(1.02362 0.0096147 0)
(1.03414 0.0107961 0)
(1.04554 0.0114103 0)
(1.05724 0.0114165 0)
(1.06857 0.0108345 0)
(1.07897 0.00977237 0)
(1.08807 0.00839344 0)
(1.09565 0.00685503 0)
(1.10164 0.00527639 0)
(1.10605 0.0037257 0)
(1.10896 0.00222044 0)
(1.11041 0.00075924 0)
(1.1105 -0.000660558 0)
(1.10917 -0.00227541 0)
(1.10618 -0.00418557 0)
(1.10124 -0.00663477 0)
(1.09374 -0.00996337 0)
(1.0828 -0.01454 0)
(1.06689 -0.0202521 0)
(1.04524 -0.0262046 0)
(1.01774 -0.0320376 9.0773e-33)
(0.978178 -0.033455 -9.14747e-33)
(0.875452 -0.0158947 0)
(0.677516 0.00288302 3.68889e-18)
(0 0 0)
(0 0 0)
(0 0 0)
(0 0 0)
(0 0 0)
(0 0 0)
(0 0 0)
(0 0 0)
(0 0 0)
(0 0 0)
(0 0 0)
(0.945714 0.00946722 6.27625e-19)
(0.966739 0.0330629 0)
(0.999862 0.0388127 0)
(1.03625 0.0329979 0)
(1.06399 0.0245729 0)
(1.08295 0.0172412 0)
(1.09599 0.0117827 0)
(1.10503 0.00802762 0)
(1.11124 0.00556125 0)
(1.11564 0.00394576 0)
(1.11882 0.0028723 0)
(1.12119 0.00214093 0)
(1.12299 0.00162653 0)
(1.12436 0.00125262 0)
(1.12543 0.000973136 0)
(1.12627 0.00075964 0)
(1.12692 0.000594418 0)
(1.12743 0.000465638 0)
(1.12782 0.000364999 0)
(1.12814 0.00028601 0)
(1.12838 0.000223909 0)
(1.12857 0.000174984 0)
(1.12872 0.000136539 0)
(1.12884 0.000106394 0)
(1.12893 8.29051e-05 0)
(1.129 6.4477e-05 0)
(1.12905 4.99554e-05 0)
(1.1291 3.84699e-05 0)
(1.12913 2.94039e-05 0)
(1.12916 2.22897e-05 0)
(1.12918 1.67396e-05 0)
(1.12919 1.2353e-05 0)
(1.1292 8.77601e-06 0)
(1.12921 5.9578e-06 0)
(1.12922 3.38596e-06 0)
(1.12922 8.94459e-07 0)
(1.00035 1.09963e-05 0)
(1.00235 1.18227e-05 0)
(1.00706 1.41342e-05 0)
(1.0141 1.40673e-05 0)
(1.023 1.26194e-05 0)
(1.03333 1.00131e-05 0)
(1.04456 6.55111e-06 0)
(1.05615 2.64669e-06 0)
(1.06743 -1.02472e-06 0)
(1.07784 -3.9765e-06 0)
(1.08699 -5.93038e-06 0)
(1.09466 -6.84106e-06 0)
(1.10073 -6.78375e-06 0)
(1.10523 -5.8841e-06 0)
(1.10819 -4.25778e-06 0)
(1.10971 -1.60086e-06 0)
(1.10962 6.24111e-07 0)
(1.10822 4.02952e-06 0)
(1.10504 8.73814e-06 0)
(1.09971 1.52339e-05 0)
(1.09155 2.28732e-05 0)
(1.07953 2.93312e-05 0)
(1.06184 3.42263e-05 0)
(1.03863 3.9123e-05 0)
(1.00971 1.98113e-05 0)
(0.971001 -6.63703e-05 0)
(0.87606 -0.000138371 0)
(0.734266 -8.58542e-05 0)
(0 0 0)
(0 0 0)
(0 0 0)
(0 0 0)
(0 0 0)
(0 0 0)
(0 0 0)
(0 0 0)
(0 0 0)
(0 0 0)
(0 0 0)
(0.944613 4.39783e-06 0)
(0.958863 -3.3478e-06 0)
(0.991264 6.24414e-06 0)
(1.02982 1.97145e-05 0)
(1.0597 2.59411e-05 0)
(1.08016 2.09092e-05 0)
(1.09423 1.04569e-05 0)
(1.1039 4.29276e-06 0)
(1.1105 1.59646e-06 0)
(1.11513 6.05313e-07 0)
(1.11846 6.55028e-07 0)
(1.12093 8.71359e-07 0)
(1.12279 1.11216e-06 0)
(1.12421 1.26443e-06 0)
(1.12531 1.37524e-06 0)
(1.12617 1.44466e-06 0)
(1.12684 1.45673e-06 0)
(1.12737 1.37674e-06 0)
(1.12778 1.21698e-06 0)
(1.1281 1.01872e-06 0)
(1.12835 8.34323e-07 0)
(1.12855 6.74893e-07 0)
(1.1287 5.13675e-07 0)
(1.12882 3.26728e-07 0)
(1.12892 1.08314e-07 0)
(1.12899 -1.19646e-07 0)
(1.12905 -3.35399e-07 0)
(1.12909 -5.37102e-07 0)
(1.12913 -7.37e-07 0)
(1.12915 -9.47596e-07 0)
(1.12917 -1.16708e-06 0)
(1.12919 -1.38318e-06 0)
(1.1292 -1.59675e-06 0)
(1.12921 -1.78012e-06 0)
(1.12922 -2.00657e-06 0)
(1.12922 -2.29825e-06 0)
(1.00036 -0.00118961 0)
(1.00247 -0.00359663 0)
(1.00731 -0.00588424 0)
(1.01452 -0.00792309 0)
(1.02362 -0.00958998 0)
(1.03414 -0.0107765 0)
(1.04554 -0.0113974 0)
(1.05725 -0.0114113 0)
(1.06857 -0.0108365 0)
(1.07897 -0.0097802 0)
(1.08807 -0.00840523 0)
(1.09566 -0.0068686 0)
(1.10164 -0.00528997 0)
(1.10605 -0.00373752 0)
(1.10896 -0.00222938 0)
(1.11041 -0.000764259 0)
(1.11051 0.000661223 0)
(1.10918 0.00228264 0)
(1.10619 0.00420106 0)
(1.10125 0.00666165 0)
(1.09376 0.0100058 0)
(1.08283 0.0146012 0)
(1.06694 0.0203339 0)
(1.04525 0.0263133 0)
(1.01779 0.0320896 0)
(0.978186 0.0333373 0)
(0.87545 0.0156564 0)
(0.677535 -0.00304131 -3.68906e-18)
(0 0 0)
(0 0 0)
(0 0 0)
(0 0 0)
(0 0 0)
(0 0 0)
(0 0 0)
(0 0 0)
(0 0 0)
(0 0 0)
(0 0 0)
(0.945722 -0.0094584 -6.26403e-19)
(0.966716 -0.0330431 0)
(0.999806 -0.038785 0)
(1.03619 -0.0329569 0)
(1.06394 -0.0245267 0)
(1.08292 -0.0172102 0)
(1.09598 -0.0117682 0)
(1.10502 -0.00802279 0)
(1.11124 -0.00556044 0)
(1.11563 -0.00394576 0)
(1.11882 -0.00287171 0)
(1.12119 -0.00213964 0)
(1.12299 -0.00162453 0)
(1.12436 -0.00125027 0)
(1.12543 -0.000970484 0)
(1.12626 -0.000756851 0)
(1.12692 -0.000591557 0)
(1.12742 -0.000462957 0)
(1.12782 -0.0003626 0)
(1.12814 -0.000284018 0)
(1.12838 -0.000222262 0)
(1.12857 -0.000173668 0)
(1.12872 -0.000135532 0)
(1.12884 -0.000105777 0)
(1.12893 -8.27135e-05 0)
(1.129 -6.47404e-05 0)
(1.12905 -5.06505e-05 0)
(1.1291 -3.9553e-05 0)
(1.12913 -3.0898e-05 0)
(1.12916 -2.41864e-05 0)
(1.12918 -1.90798e-05 0)
(1.12919 -1.51066e-05 0)
(1.1292 -1.19483e-05 0)
(1.12921 -9.48346e-06 0)
(1.12922 -7.33521e-06 0)
(1.12922 -5.41847e-06 0)
(1.00039 -0.00246952 0)
(1.00271 -0.00743803 0)
(1.00799 -0.0121252 0)
(1.01581 -0.016256 0)
(1.02556 -0.0195889 0)
(1.03669 -0.0219144 0)
(1.04858 -0.0230709 0)
(1.06061 -0.0229812 0)
(1.07205 -0.0217092 0)
(1.08241 -0.0194976 0)
(1.09135 -0.016679 0)
(1.09869 -0.0135683 0)
(1.1044 -0.0104073 0)
(1.10856 -0.00733853 0)
(1.11129 -0.00440834 0)
(1.1127 -0.00160805 0)
(1.11289 0.00120393 0)
(1.11181 0.00425605 0)
(1.10942 0.00779226 0)
(1.10556 0.0122209 0)
(1.1 0.0180784 0)
(1.09241 0.0259829 0)
(1.08239 0.0359794 0)
(1.06868 0.0469021 0)
(1.05301 0.0581894 0)
(1.03516 0.0677359 0)
(0.987358 0.0566671 0)
(0.910694 0.0300061 -7.39699e-17)
(0 0 0)
(0 0 0)
(0 0 0)
(0 0 0)
(0 0 0)
(0 0 0)
(0 0 0)
(0 0 0)
(0 0 0)
(0 0 0)
(0 0 0)
(0.955963 -0.0363436 0)
(0.992434 -0.0723141 0)
(1.02432 -0.0750529 0)
(1.05399 -0.0620397 0)
(1.0758 -0.0456773 0)
(1.09058 -0.031966 0)
(1.10091 -0.0218969 0)
(1.10818 -0.0150339 0)
(1.11335 -0.0105047 0)
(1.11709 -0.00751292 0)
(1.11986 -0.00550456 0)
(1.12196 -0.00412185 0)
(1.12357 -0.00314064 0)
(1.12481 -0.00242259 0)
(1.12578 -0.00188301 0)
(1.12653 -0.00146941 0)
(1.12713 -0.00114875 0)
(1.12759 -0.000899092 0)
(1.12795 -0.00070442 0)
(1.12823 -0.000551946 0)
(1.12846 -0.000431973 0)
(1.12863 -0.000337468 0)
(1.12877 -0.000263248 0)
(1.12887 -0.000205412 0)
(1.12895 -0.000160589 0)
(1.12902 -0.000125607 0)
(1.12907 -9.80283e-05 0)
(1.12911 -7.63565e-05 0)
(1.12914 -5.92711e-05 0)
(1.12916 -4.59696e-05 0)
(1.12918 -3.57785e-05 0)
(1.12919 -2.78412e-05 0)
(1.1292 -2.14963e-05 0)
(1.12921 -1.6373e-05 0)
(1.12921 -1.21595e-05 0)
(1.12922 -8.11985e-06 0)
(1.00046 -0.00391728 0)
(1.00314 -0.0117651 0)
(1.00927 -0.019092 0)
(1.01819 -0.0254317 0)
(1.02912 -0.0304281 0)
(1.04132 -0.0337874 0)
(1.05406 -0.0352843 0)
(1.06655 -0.0348347 0)
(1.07814 -0.0326229 0)
(1.08837 -0.0290636 0)
(1.09697 -0.0246681 0)
(1.10383 -0.019913 0)
(1.10903 -0.015168 0)
(1.11272 -0.0106452 0)
(1.1151 -0.00640607 0)
(1.11632 -0.00240528 0)
(1.11652 0.00154128 0)
(1.11576 0.00570313 0)
(1.1141 0.0103801 0)
(1.11157 0.0160185 0)
(1.10821 0.0231694 0)
(1.10408 0.0324001 0)
(1.09945 0.0440385 0)
(1.09386 0.0569395 0)
(1.08748 0.0698276 0)
(1.07983 0.0828785 0)
(1.0542 0.0895309 0)
(0.98841 0.0894798 -2.15995e-17)
(0.877269 0.0361332 0)
(0 0 0)
(0 0 0)
(0 0 0)
(0 0 0)
(0 0 0)
(0 0 0)
(0 0 0)
(0 0 0)
(0 0 0)
(0.951268 -0.0178346 -1.23082e-17)
(0.995099 -0.0753336 1.57547e-17)
(1.03484 -0.110374 0)
(1.05937 -0.104536 0)
(1.07924 -0.0832269 0)
(1.09241 -0.0605237 0)
(1.10133 -0.0423014 0)
(1.10788 -0.029195 0)
(1.11279 -0.0202993 0)
(1.11648 -0.0143761 0)
(1.1193 -0.010408 0)
(1.12147 -0.00770158 0)
(1.12316 -0.00580942 0)
(1.12447 -0.00444905 0)
(1.12551 -0.003443 0)
(1.12632 -0.00268092 0)
(1.12695 -0.00209349 0)
(1.12745 -0.00163682 0)
(1.12783 -0.00128124 0)
(1.12814 -0.00100432 0)
(1.12837 -0.000787362 0)
(1.12856 -0.000616346 0)
(1.12871 -0.000481508 0)
(1.12882 -0.000375311 0)
(1.12891 -0.000292439 0)
(1.12898 -0.000228312 0)
(1.12903 -0.000178183 0)
(1.12907 -0.000138654 0)
(1.1291 -0.000107466 0)
(1.12913 -8.29065e-05 0)
(1.12915 -6.37996e-05 0)
(1.12916 -4.95434e-05 0)
(1.12917 -3.85797e-05 0)
(1.12918 -2.97167e-05 0)
(1.12919 -2.25876e-05 0)
(1.12919 -1.67677e-05 0)
(1.1292 -1.0744e-05 0)
(1.00057 -0.00565686 0)
(1.00389 -0.0169342 0)
(1.01139 -0.0272933 0)
(1.02213 -0.0360161 0)
(1.03493 -0.0426475 0)
(1.04875 -0.0468174 0)
(1.06258 -0.0482544 0)
(1.07564 -0.0470242 0)
(1.0873 -0.0435024 0)
(1.09718 -0.0383 0)
(1.10512 -0.0321217 0)
(1.11114 -0.025619 0)
(1.11546 -0.0192977 0)
(1.11836 -0.0134189 0)
(1.12012 -0.00803222 0)
(1.12096 -0.00304143 0)
(1.12105 0.001743 0)
(1.12053 0.0066368 0)
(1.11954 0.0119482 0)
(1.11821 0.0180927 0)
(1.11676 0.0255546 0)
(1.11545 0.0348031 0)
(1.11479 0.0461127 0)
(1.11497 0.0589628 0)
(1.11523 0.07311 0)
(1.11494 0.09061 0)
(1.10546 0.112107 0)
(1.08242 0.137744 0)
(1.05279 0.13629 -8.31949e-17)
(0.95216 0.0274764 0)
(0 0 0)
(0 0 0)
(0 0 0)
(0 0 0)
(0 0 0)
(0 0 0)
(0 0 0)
(0.952382 -0.00744583 -3.12177e-18)
(0.999117 -0.0645646 -4.85956e-17)
(1.06624 -0.13324 0)
(1.08894 -0.140441 0)
(1.10105 -0.122063 0)
(1.10701 -0.0938377 0)
(1.11032 -0.0675114 0)
(1.11307 -0.0474589 0)
(1.1157 -0.0332394 0)
(1.11811 -0.0235258 0)
(1.12021 -0.0169527 0)
(1.12198 -0.0124614 0)
(1.12344 -0.00933293 0)
(1.12463 -0.00710328 0)
(1.12558 -0.00547337 0)
(1.12634 -0.0042524 0)
(1.12695 -0.00331863 0)
(1.12743 -0.00259439 0)
(1.1278 -0.0020284 0)
(1.12808 -0.00158734 0)
(1.12831 -0.00124335 0)
(1.12849 -0.000973371 0)
(1.12862 -0.000760728 0)
(1.12873 -0.0005925 0)
(1.12882 -0.000459686 0)
(1.12888 -0.000356163 0)
(1.12893 -0.000278638 0)
(1.12897 -0.000219078 0)
(1.129 -0.00017089 0)
(1.12902 -0.000132819 0)
(1.12904 -0.000103147 0)
(1.12906 -7.98287e-05 0)
(1.12907 -6.14204e-05 0)
(1.12907 -4.71344e-05 0)
(1.12908 -3.59877e-05 0)
(1.12908 -2.71744e-05 0)
(1.12909 -2.00535e-05 0)
(1.12909 -1.26112e-05 0)
(1.00074 -0.00788617 0)
(1.00513 -0.0234918 0)
(1.0149 -0.0374745 0)
(1.02852 -0.0488038 0)
(1.04412 -0.0569224 0)
(1.06002 -0.0613734 0)
(1.07516 -0.0621273 0)
(1.08873 -0.0594969 0)
(1.10016 -0.0541162 0)
(1.10922 -0.0468498 0)
(1.11592 -0.0386096 0)
(1.1205 -0.0302353 0)
(1.12338 -0.022386 0)
(1.12504 -0.0153109 0)
(1.12585 -0.00901819 0)
(1.12605 -0.00332589 0)
(1.12584 0.00197206 0)
(1.12541 0.00720155 0)
(1.12493 0.0126864 0)
(1.12456 0.0187899 0)
(1.12454 0.0259275 0)
(1.12519 0.0344413 0)
(1.12699 0.0445058 0)
(1.13046 0.0560763 0)
(1.13551 0.0697285 0)
(1.14236 0.0882257 0)
(1.1491 0.115049 0)
(1.15558 0.147274 0)
(1.15224 0.170472 0)
(1.10962 0.147465 -6.85147e-17)
(0.935359 0.047187 -7.61939e-17)
(0 0 0)
(0 0 0)
(0 0 0)
(0 0 0)
(0 0 0)
(0.983622 -0.0193273 1.29886e-18)
(1.03757 -0.0714287 -1.47236e-17)
(1.12026 -0.145542 0)
(1.14457 -0.162805 0)
(1.14467 -0.150614 0)
(1.13854 -0.122629 0)
(1.13118 -0.0922081 0)
(1.1262 -0.066791 0)
(1.12383 -0.0477674 0)
(1.12313 -0.0342012 0)
(1.12332 -0.0247572 0)
(1.12392 -0.0182084 0)
(1.12466 -0.0136225 0)
(1.12538 -0.0103464 0)
(1.12602 -0.0079502 0)
(1.12657 -0.00616021 0)
(1.12702 -0.0047988 0)
(1.12739 -0.00374861 0)
(1.12768 -0.00292623 0)
(1.12791 -0.00227912 0)
(1.12808 -0.00177542 0)
(1.12821 -0.00139485 0)
(1.12831 -0.00110018 0)
(1.12839 -0.000861895 0)
(1.12845 -0.000673073 0)
(1.1285 -0.000525031 0)
(1.12854 -0.000408481 0)
(1.12857 -0.000317163 0)
(1.12859 -0.00024651 0)
(1.12861 -0.00019179 0)
(1.12862 -0.000148915 0)
(1.12863 -0.000115312 0)
(1.12864 -8.89934e-05 0)
(1.12864 -6.84636e-05 0)
(1.12865 -5.2444e-05 0)
(1.12865 -3.98753e-05 0)
(1.12865 -2.9906e-05 0)
(1.12866 -2.20219e-05 0)
(1.12866 -1.37375e-05 0)
(1.00106 -0.0109664 0)
(1.00729 -0.0323696 0)
(1.02084 -0.0508082 0)
(1.03897 -0.0649065 0)
(1.05829 -0.0739209 0)
(1.0767 -0.0777716 0)
(1.09311 -0.076869 0)
(1.10669 -0.0719446 0)
(1.11705 -0.0639321 0)
(1.12429 -0.0539863 0)
(1.12866 -0.0433898 0)
(1.13081 -0.0330635 0)
(1.13149 -0.0238236 0)
(1.1314 -0.0159367 0)
(1.13085 -0.00914893 0)
(1.13021 -0.00310302 0)
(1.12958 0.00231334 0)
(1.12909 0.00749282 0)
(1.12897 0.0128527 0)
(1.12931 0.0186224 0)
(1.13032 0.0250591 0)
(1.13227 0.0324857 0)
(1.1355 0.0410116 0)
(1.14046 0.0506158 0)
(1.14759 0.0620166 0)
(1.15768 0.0774917 0)
(1.17254 0.0998305 0)
(1.19396 0.128526 0)
(1.22579 0.159982 0)
(1.24979 0.17073 0)
(1.2414 0.156634 -8.19162e-17)
(1.20619 0.114604 -8.78051e-17)
(1.10995 0.0381208 -2.09122e-18)
(1.05722 0.000221064 -6.7476e-17)
(1.07258 -0.0253621 1.37276e-18)
(1.11125 -0.0591743 1.14543e-16)
(1.15762 -0.102836 3.54504e-17)
(1.21296 -0.15357 0)
(1.21984 -0.168698 0)
(1.20602 -0.160637 0)
(1.18364 -0.136952 0)
(1.16256 -0.108043 0)
(1.14717 -0.0817444 0)
(1.1374 -0.0605045 0)
(1.13173 -0.0444424 0)
(1.12867 -0.0327444 0)
(1.12715 -0.0243517 0)
(1.12648 -0.0183193 0)
(1.12628 -0.0139099 0)
(1.12631 -0.010663 0)
(1.12642 -0.00825737 0)
(1.12654 -0.00644979 0)
(1.12664 -0.0050645 0)
(1.12673 -0.00397117 0)
(1.12681 -0.00310955 0)
(1.12687 -0.00243293 0)
(1.12691 -0.00189993 0)
(1.12695 -0.00148288 0)
(1.12698 -0.00115845 0)
(1.12699 -0.000905165 0)
(1.127 -0.000706104 0)
(1.12701 -0.000549584 0)
(1.12702 -0.000426906 0)
(1.12702 -0.000331363 0)
(1.12703 -0.000257334 0)
(1.12703 -0.000199705 0)
(1.12703 -0.000154772 0)
(1.12703 -0.00011968 0)
(1.12703 -9.23293e-05 0)
(1.12703 -7.09438e-05 0)
(1.12703 -5.42522e-05 0)
(1.12703 -4.11322e-05 0)
(1.12703 -3.07023e-05 0)
(1.12703 -2.25695e-05 0)
(1.12703 -1.4037e-05 0)
(1.00168 -0.0155869 0)
(1.01136 -0.0452151 0)
(1.03137 -0.0692196 0)
(1.05589 -0.0856223 0)
(1.07971 -0.0943693 0)
(1.10019 -0.0960919 0)
(1.11659 -0.0919778 0)
(1.12852 -0.0832962 0)
(1.13559 -0.0717576 0)
(1.1389 -0.058638 0)
(1.13897 -0.0451809 0)
(1.13781 -0.0330549 0)
(1.13575 -0.0230533 0)
(1.13356 -0.0146753 0)
(1.1315 -0.00772861 0)
(1.12992 -0.00189337 0)
(1.12889 0.00319938 0)
(1.12844 0.00783384 0)
(1.12862 0.0124501 0)
(1.12949 0.0173614 0)
(1.13109 0.0229658 0)
(1.13388 0.0293859 0)
(1.13797 0.0365004 0)
(1.14366 0.0442981 0)
(1.15135 0.0531383 -7.73697e-33)
(1.16193 0.0642921 7.696e-33)
(1.17758 0.0794569 0)
(1.20117 0.0989842 0)
(1.23601 0.121757 0)
(1.27852 0.139911 0)
(1.31877 0.138759 0)
(1.35734 0.116415 0)
(1.36202 0.0710923 0)
(1.35583 0.0160041 0)
(1.34997 -0.0334607 0)
(1.34359 -0.083749 0)
(1.32778 -0.121574 0)
(1.30122 -0.140697 0)
(1.26445 -0.141683 0)
(1.22739 -0.128456 0)
(1.1946 -0.108028 0)
(1.16972 -0.0866978 0)
(1.15241 -0.0675029 0)
(1.14103 -0.0516405 0)
(1.13385 -0.0391743 0)
(1.12941 -0.0296708 0)
(1.12671 -0.0225451 0)
(1.12504 -0.0173154 0)
(1.12406 -0.013479 0)
(1.12339 -0.0105101 0)
(1.12294 -0.008202 0)
(1.12262 -0.00641092 0)
(1.12237 -0.00501794 0)
(1.12217 -0.00392965 0)
(1.12202 -0.00307536 0)
(1.1219 -0.00240338 0)
(1.1218 -0.00187551 0)
(1.12173 -0.00146354 0)
(1.12167 -0.00114244 0)
(1.12162 -0.000891244 0)
(1.12158 -0.000694212 0)
(1.12155 -0.000539959 0)
(1.12152 -0.000419287 0)
(1.1215 -0.000325271 0)
(1.12148 -0.000252102 0)
(1.12147 -0.000195245 0)
(1.12146 -0.000150942 0)
(1.12145 -0.000116501 0)
(1.12144 -8.96407e-05 0)
(1.12144 -6.87505e-05 0)
(1.12143 -5.24026e-05 0)
(1.12143 -3.96774e-05 0)
(1.12143 -2.94447e-05 0)
(1.12143 -2.16732e-05 0)
(1.12142 -1.35101e-05 0)
(1.00292 -0.0231143 0)
(1.01937 -0.0647011 0)
(1.0498 -0.0948864 0)
(1.08196 -0.112295 0)
(1.108 -0.118118 0)
(1.12698 -0.11473 0)
(1.13865 -0.105491 0)
(1.14494 -0.0909062 0)
(1.14454 -0.0738305 0)
(1.14171 -0.0573124 0)
(1.13695 -0.0422149 0)
(1.13158 -0.0296485 0)
(1.12663 -0.0197465 0)
(1.12229 -0.0118352 0)
(1.11888 -0.00557485 0)
(1.11652 -0.000498736 0)
(1.11518 0.00383317 0)
(1.11477 0.00781492 0)
(1.11524 0.0118346 0)
(1.11662 0.0160705 0)
(1.11895 0.0206831 0)
(1.12241 0.0257629 0)
(1.12717 0.0313754 0)
(1.13339 0.03748 0)
(1.14134 0.0439964 0)
(1.1512 0.0516905 0)
(1.16504 0.0612624 0)
(1.18431 0.0723027 0)
(1.21122 0.0838953 0)
(1.2464 0.0926481 0)
(1.28651 0.0936364 0)
(1.3246 0.0829953 0)
(1.35316 0.0551293 0)
(1.36272 0.0151596 0)
(1.35871 -0.0260528 0)
(1.34404 -0.0621612 0)
(1.31735 -0.0875019 0)
(1.28132 -0.0992623 0)
(1.24351 -0.0994988 0)
(1.20886 -0.0919195 0)
(1.18001 -0.0798805 0)
(1.15797 -0.066311 0)
(1.14201 -0.0532742 0)
(1.13077 -0.0420696 0)
(1.12311 -0.0329491 0)
(1.11788 -0.0257399 0)
(1.11427 -0.0200957 0)
(1.11173 -0.0157135 0)
(1.1099 -0.0123118 0)
(1.10853 -0.00964162 0)
(1.1075 -0.00755439 0)
(1.10672 -0.00591377 0)
(1.10611 -0.00462642 0)
(1.10563 -0.00362394 0)
(1.10525 -0.00283614 0)
(1.10495 -0.00221458 0)
(1.10472 -0.00172617 0)
(1.10453 -0.00134462 0)
(1.10438 -0.00104713 0)
(1.10426 -0.000814676 0)
(1.10417 -0.00063312 0)
(1.1041 -0.000491239 0)
(1.10404 -0.000380708 0)
(1.10399 -0.0002946 0)
(1.10396 -0.000227802 0)
(1.10393 -0.00017588 0)
(1.10391 -0.000135642 0)
(1.10389 -0.000104336 0)
(1.10388 -8.00832e-05 0)
(1.10386 -6.11861e-05 0)
(1.10386 -4.65117e-05 0)
(1.10385 -3.51079e-05 0)
(1.10384 -2.59225e-05 0)
(1.10384 -1.90924e-05 0)
(1.10384 -1.19602e-05 0)
(1.00547 -0.0374773 0)
(1.03496 -0.0951977 0)
(1.07795 -0.129669 0)
(1.11029 -0.141581 0)
(1.12769 -0.139183 0)
(1.13898 -0.126367 0)
(1.13797 -0.108917 0)
(1.13198 -0.0895748 0)
(1.1219 -0.0695561 0)
(1.11016 -0.0512326 0)
(1.09858 -0.0354724 0)
(1.08866 -0.0230177 0)
(1.08084 -0.0137621 0)
(1.07504 -0.00705885 0)
(1.0711 -0.00213917 0)
(1.06873 0.00165356 0)
(1.0677 0.00478922 0)
(1.06778 0.00769715 0)
(1.06888 0.0106687 0)
(1.07098 0.0138394 0)
(1.07412 0.017344 0)
(1.0784 0.0212529 0)
(1.08392 0.0255688 0)
(1.0908 0.0302405 0)
(1.09916 0.0352453 0)
(1.10918 0.0406719 0)
(1.12159 0.0465251 0)
(1.1373 0.0525679 0)
(1.15727 0.0579928 0)
(1.18184 0.060951 0)
(1.20959 0.0588106 0)
(1.23688 0.0491767 0)
(1.25927 0.0308192 0)
(1.27102 0.00777964 0)
(1.27075 -0.0165343 0)
(1.25884 -0.0391731 0)
(1.23747 -0.0561722 0)
(1.21046 -0.0654603 0)
(1.18198 -0.0675687 0)
(1.15543 -0.0641706 0)
(1.13252 -0.0572974 0)
(1.11395 -0.0489336 0)
(1.09957 -0.0405148 0)
(1.08871 -0.0328592 0)
(1.08059 -0.026325 0)
(1.07453 -0.0209229 0)
(1.06999 -0.016548 0)
(1.06655 -0.0130663 0)
(1.06392 -0.0103111 0)
(1.06188 -0.00812219 0)
(1.06029 -0.00638627 0)
(1.05905 -0.00501407 0)
(1.05807 -0.00393071 0)
(1.0573 -0.00307662 0)
(1.0567 -0.00240327 0)
(1.05622 -0.00187377 0)
(1.05584 -0.00145809 0)
(1.05555 -0.00113334 0)
(1.05531 -0.000879719 0)
(1.05513 -0.000682368 0)
(1.05498 -0.00052844 0)
(1.05487 -0.0004089 0)
(1.05478 -0.000315857 0)
(1.05471 -0.000243827 0)
(1.05466 -0.000187891 0)
(1.05462 -0.000144694 0)
(1.05459 -0.000111141 0)
(1.05456 -8.52567e-05 0)
(1.05454 -6.51263e-05 0)
(1.05452 -4.96259e-05 0)
(1.05451 -3.7499e-05 0)
(1.0545 -2.8287e-05 0)
(1.0545 -2.06671e-05 0)
(1.05449 -1.52509e-05 0)
(1.05449 -9.59448e-06 0)
(1.01277 -0.0739246 0)
(1.06009 -0.147899 0)
(1.09619 -0.164167 0)
(1.10909 -0.158986 0)
(1.10339 -0.146097 0)
(1.08752 -0.125438 0)
(1.06426 -0.100307 0)
(1.03794 -0.0746954 0)
(1.01252 -0.0518124 0)
(0.991595 -0.0342392 0)
(0.975409 -0.0213078 0)
(0.963764 -0.0122674 0)
(0.955855 -0.00617859 0)
(0.950836 -0.00206 0)
(0.947997 0.000829636 0)
(0.946837 0.00299699 0)
(0.946931 0.00485181 0)
(0.948106 0.00670063 0)
(0.950276 0.00863711 0)
(0.95343 0.0107811 0)
(0.957618 0.0132105 0)
(0.962929 0.0159537 0)
(0.969469 0.0189976 0)
(0.977336 0.0222916 0)
(0.986615 0.0257661 0)
(0.997443 0.0293683 0)
(1.01007 0.0329871 0)
(1.02482 0.036301 0)
(1.04191 0.0386948 0)
(1.06118 0.0391506 0)
(1.08158 0.0363457 0)
(1.10115 0.0292059 0)
(1.11673 0.0177211 0)
(1.12519 0.00348041 0)
(1.12518 -0.0117633 0)
(1.11656 -0.0257511 0)
(1.10079 -0.0362329 0)
(1.08044 -0.0421889 0)
(1.05828 -0.0438776 0)
(1.03663 -0.0422106 0)
(1.01706 -0.0383253 0)
(1.00026 -0.033342 0)
(0.986391 -0.0281183 0)
(0.975227 -0.0232062 0)
(0.96636 -0.0188684 0)
(0.959363 -0.0151784 0)
(0.953859 -0.0121183 0)
(0.949531 -0.00962928 0)
(0.94612 -0.0076245 0)
(0.943428 -0.00601505 0)
(0.941305 -0.00472908 0)
(0.939632 -0.0037066 0)
(0.938316 -0.00289755 0)
(0.93728 -0.00226007 0)
(0.936467 -0.00175935 0)
(0.935828 -0.00136649 0)
(0.935329 -0.00105949 0)
(0.934938 -0.000820085 0)
(0.934633 -0.000634223 0)
(0.934395 -0.000489808 0)
(0.93421 -0.000377981 0)
(0.934066 -0.000291234 0)
(0.933954 -0.000224261 0)
(0.933867 -0.000172386 0)
(0.9338 -0.000132442 0)
(0.933748 -0.000101496 0)
(0.933707 -7.77047e-05 0)
(0.933676 -5.92502e-05 0)
(0.933652 -4.51069e-05 0)
(0.933634 -3.412e-05 0)
(0.93362 -2.57184e-05 0)
(0.933609 -1.92164e-05 0)
(0.933601 -1.39905e-05 0)
(0.933595 -1.02495e-05 0)
(0.933589 -6.52322e-06 0)
(1.01384 -0.12234 0)
(1.05092 -0.186723 0)
(1.03821 -0.176997 0)
(0.990432 -0.154808 0)
(0.929661 -0.123903 0)
(0.867721 -0.0883232 0)
(0.815726 -0.0598067 0)
(0.774257 -0.0386632 0)
(0.743722 -0.0237166 0)
(0.722823 -0.0137039 0)
(0.709205 -0.00717724 0)
(0.700896 -0.00307159 0)
(0.696248 -0.000541931 0)
(0.694006 0.000976767 0)
(0.693545 0.00195809 0)
(0.694201 0.00283266 0)
(0.695835 0.00365898 0)
(0.69832 0.00454226 0)
(0.701651 0.00555786 0)
(0.705892 0.00675129 0)
(0.711146 0.00814632 0)
(0.71754 0.0097463 0)
(0.725204 0.0115357 0)
(0.734252 0.0134738 0)
(0.744771 0.0154983 0)
(0.756838 0.0175305 0)
(0.770513 0.0194308 0)
(0.785782 0.0209516 0)
(0.802453 0.0217165 0)
(0.819968 0.0212121 0)
(0.837337 0.0188556 0)
(0.852734 0.0142791 0)
(0.863991 0.00762888 0)
(0.869245 3.3893e-05 0)
(0.867933 -0.00786718 0)
(0.859748 -0.014991 0)
(0.845809 -0.0202518 0)
(0.828037 -0.0232126 0)
(0.808501 -0.0240189 0)
(0.788935 -0.0231363 0)
(0.770753 -0.0211179 0)
(0.754614 -0.0184967 0)
(0.740817 -0.0157061 0)
(0.729329 -0.0130379 0)
(0.71993 -0.0106477 0)
(0.712332 -0.00859176 0)
(0.70624 -0.00687089 0)
(0.701384 -0.00545852 0)
(0.697528 -0.00431408 0)
(0.694476 -0.00339386 0)
(0.692069 -0.00265898 0)
(0.690176 -0.00207585 0)
(0.688693 -0.00161568 0)
(0.687532 -0.00125437 0)
(0.686626 -0.000971611 0)
(0.685921 -0.000750938 0)
(0.685372 -0.000579292 0)
(0.684947 -0.000446217 0)
(0.684617 -0.000343329 0)
(0.684362 -0.00026386 0)
(0.684165 -0.000202592 0)
(0.684013 -0.000155369 0)
(0.683895 -0.000119048 0)
(0.683805 -9.1078e-05 0)
(0.683735 -6.95959e-05 0)
(0.683682 -5.30406e-05 0)
(0.68364 -4.03496e-05 0)
(0.683609 -3.05679e-05 0)
(0.683585 -2.31066e-05 0)
(0.683567 -1.7357e-05 0)
(0.683553 -1.2988e-05 0)
(0.683543 -9.61145e-06 0)
(0.683535 -6.9227e-06 0)
(0.683529 -4.9992e-06 0)
(0.683524 -3.31041e-06 0)
(0.792438 -0.0206874 0)
(0.74986 -0.0852688 0)
(0.649259 -0.0830207 0)
(0.517713 -0.0484689 0)
(0.423625 -0.0240881 0)
(0.364478 -0.0123187 0)
(0.325923 -0.00616698 0)
(0.300772 -0.00276369 0)
(0.285301 -0.000942232 0)
(0.276446 -7.48057e-05 0)
(0.271784 0.000342988 0)
(0.269695 0.000538362 0)
(0.269259 0.000637496 0)
(0.269713 0.000689989 0)
(0.270804 0.000755353 0)
(0.272336 0.000848016 0)
(0.274322 0.000968622 0)
(0.276782 0.00113458 0)
(0.279787 0.00135087 0)
(0.28344 0.00162008 0)
(0.28786 0.0019444 0)
(0.293173 0.0023218 0)
(0.299503 0.00274587 0)
(0.306951 0.00320317 0)
(0.315582 0.00367054 0)
(0.325417 0.00411468 0)
(0.336406 0.00448471 0)
(0.348383 0.00470675 0)
(0.360999 0.00468717 0)
(0.373663 0.00432033 0)
(0.385438 0.0035336 0)
(0.395198 0.00232553 0)
(0.401529 0.000817265 0)
(0.403488 -0.000795928 0)
(0.401139 -0.00248338 0)
(0.394215 -0.00383545 0)
(0.383608 -0.00473196 0)
(0.370631 -0.00515338 0)
(0.356603 -0.00515951 0)
(0.342644 -0.00486494 0)
(0.329607 -0.00437768 0)
(0.317956 -0.00378968 0)
(0.307919 -0.0031851 0)
(0.299503 -0.00261927 0)
(0.292582 -0.00211959 0)
(0.286972 -0.00169416 0)
(0.282472 -0.00134109 0)
(0.278891 -0.00105395 0)
(0.276059 -0.000823673 0)
(0.27383 -0.000640453 0)
(0.272083 -0.000495748 0)
(0.27072 -0.000382306 0)
(0.269659 -0.000293829 0)
(0.268837 -0.000225339 0)
(0.2682 -0.000172345 0)
(0.267709 -0.000131624 0)
(0.26733 -0.00010021 0)
(0.267039 -7.62746e-05 0)
(0.266815 -5.78687e-05 0)
(0.266643 -4.39764e-05 0)
(0.266511 -3.32694e-05 0)
(0.266411 -2.52392e-05 0)
(0.266334 -1.89811e-05 0)
(0.266275 -1.43297e-05 0)
(0.26623 -1.06575e-05 0)
(0.266195 -7.99326e-06 0)
(0.266169 -5.85929e-06 0)
(0.26615 -4.377e-06 0)
(0.266135 -3.1555e-06 0)
(0.266124 -2.36321e-06 0)
(0.266115 -1.66873e-06 0)
(0.266109 -1.2256e-06 0)
(0.266105 -8.10334e-07 0)
(0.266101 -5.15833e-07 0)
(0.266098 -3.71474e-07 0)
)
;

boundaryField
{
    ibCylinder
    {
        type            movingImmersedBoundaryVelocity;
        patchType       immersedBoundary;
        setDeadValue    true;
        deadValue       (0 0 0);
        value           nonuniform List<vector> 0();
    }
    in
    {
        type            fixedValue;
        value           uniform (1 0 0);
    }
    out
    {
        type            inletOutlet;
        inletValue      uniform (0 0 0);
        value           nonuniform List<vector> 
25
(
(0.266102 2.09443e-07 0)
(0.683527 2.6347e-06 0)
(0.933591 5.29998e-06 0)
(1.05449 7.81866e-06 0)
(1.10384 9.65559e-06 0)
(1.12143 1.07307e-05 0)
(1.12703 1.08596e-05 0)
(1.12866 1.01627e-05 0)
(1.12909 8.6913e-06 0)
(1.1292 6.54494e-06 0)
(1.12922 3.66287e-06 0)
(1.12922 8.94459e-07 0)
(1.12922 -2.29825e-06 0)
(1.12922 -5.41847e-06 0)
(1.12922 -8.11985e-06 0)
(1.1292 -1.0744e-05 0)
(1.12909 -1.26112e-05 0)
(1.12866 -1.37375e-05 0)
(1.12703 -1.4037e-05 0)
(1.12142 -1.35101e-05 0)
(1.10384 -1.19602e-05 0)
(1.05449 -9.59448e-06 0)
(0.933589 -6.52322e-06 0)
(0.683524 -3.31041e-06 0)
(0.266098 -3.71474e-07 0)
)
;
    }
    top
    {
        type            fixedValue;
        value           uniform (0 0 0);
    }
    bottom
    {
        type            fixedValue;
        value           uniform (0 0 0);
    }
    frontAndBack
    {
        type            empty;
    }
}


// ************************************************************************* //
