/*--------------------------------*- C++ -*----------------------------------*\
| =========                 |                                                 |
| \\      /  F ield         | OpenFOAM: The Open Source CFD Toolbox           |
|  \\    /   O peration     | Version:  2206                                  |
|   \\  /    A nd           | Website:  www.openfoam.com                      |
|    \\/     M anipulation  |                                                 |
\*---------------------------------------------------------------------------*/
FoamFile
{
    version     2.0;
    format      ascii;
    arch        "LSB;label=32;scalar=64";
    class       surfaceVectorField;
    location    "0.3";
    object      Uf;
}
// * * * * * * * * * * * * * * * * * * * * * * * * * * * * * * * * * * * * * //

dimensions      [0 1 -1 0 0 0 0];

internalField   nonuniform List<vector> 
3650
(
(0.8598 0.0529789 0)
(0.903141 0.140201 0)
(0.702079 0.0841458 0)
(0.900391 0.15772 0)
(0.5692 0.0657457 0)
(0.843729 0.13288 0)
(0.467311 0.0362792 0)
(0.754067 0.101888 0)
(0.393923 0.018204 0)
(0.676635 0.0733885 0)
(0.344766 0.00924328 0)
(0.616091 0.049157 0)
(0.312648 0.00446562 0)
(0.570815 0.0321183 0)
(0.292519 0.00185322 0)
(0.537505 0.020129 0)
(0.280596 0.000508833 0)
(0.514503 0.0119232 0)
(0.273948 -0.000133674 0)
(0.499627 0.00664852 0)
(0.270641 -0.000440118 0)
(0.490488 0.00330704 0)
(0.269409 -0.000587167 0)
(0.48529 0.00123252 0)
(0.269446 -0.000662749 0)
(0.482749 -3.78017e-05 0)
(0.270239 -0.000721464 0)
(0.481856 -0.000792258 0)
(0.271534 -0.000800336 0)
(0.482171 -0.0012946 0)
(0.273292 -0.000906914 0)
(0.483265 -0.00175833 0)
(0.2755 -0.00105026 0)
(0.485075 -0.00220796 0)
(0.278216 -0.00124169 0)
(0.487547 -0.00271559 0)
(0.281527 -0.00148495 0)
(0.490715 -0.00331117 0)
(0.285545 -0.00178245 0)
(0.494662 -0.0040172 0)
(0.290393 -0.00213408 0)
(0.4995 -0.00484769 0)
(0.296197 -0.00253538 0)
(0.505355 -0.00580417 0)
(0.303074 -0.00297634 0)
(0.512354 -0.006877 0)
(0.31111 -0.00343853 0)
(0.520606 -0.00803614 0)
(0.320349 -0.00389409 0)
(0.530184 -0.00923944 0)
(0.330781 -0.00430108 0)
(0.541138 -0.0104319 0)
(0.342305 -0.00459704 0)
(0.553473 -0.0115234 0)
(0.35467 -0.00469849 0)
(0.567098 -0.0123647 0)
(0.367406 -0.00450567 0)
(0.581744 -0.0127371 0)
(0.379752 -0.00392906 0)
(0.596836 -0.0123454 0)
(0.390638 -0.00293168 0)
(0.61141 -0.0108865 0)
(0.398798 -0.00157354 0)
(0.62399 -0.00815986 0)
(0.40306 -1.27821e-05 0)
(0.632784 -0.00426202 0)
(0.402905 0.00163766 0)
(0.636392 0.000154637 0)
(0.398146 0.00315772 0)
(0.634564 0.00475978 0)
(0.389259 0.0042824 0)
(0.627012 0.00888648 0)
(0.37733 0.00494183 0)
(0.614744 0.0119289 0)
(0.363691 0.00515629 0)
(0.599372 0.0136389 0)
(0.3496 0.00501273 0)
(0.582593 0.0140913 0)
(0.33603 0.00462233 0)
(0.56583 0.0135697 0)
(0.323636 0.00408499 0)
(0.550218 0.0123947 0)
(0.312776 0.00348885 0)
(0.53632 0.0108601 0)
(0.303554 0.00290372 0)
(0.5244 0.00922177 0)
(0.295901 0.00237103 0)
(0.514444 0.00765261 0)
(0.289656 0.00190853 0)
(0.506281 0.00624563 0)
(0.284621 0.00151925 0)
(0.499673 0.00503463 0)
(0.2806 0.00119906 0)
(0.494374 0.00402115 0)
(0.27741 0.000940182 0)
(0.490153 0.00318958 0)
(0.274893 0.000733262 0)
(0.486807 0.00251657 0)
(0.272917 0.000569139 0)
(0.484164 0.00197631 0)
(0.271371 0.000439899 0)
(0.482086 0.00154552 0)
(0.270167 0.000338767 0)
(0.480457 0.00120436 0)
(0.269231 0.000260106 0)
(0.479183 0.000935543 0)
(0.268506 0.000199229 0)
(0.47819 0.000725027 0)
(0.267945 0.000152287 0)
(0.477418 0.000560527 0)
(0.267513 0.000116183 0)
(0.476819 0.000432562 0)
(0.267179 8.84823e-05 0)
(0.476354 0.000333054 0)
(0.266923 6.72536e-05 0)
(0.475995 0.000256152 0)
(0.266726 5.1014e-05 0)
(0.475717 0.000196622 0)
(0.266575 3.86229e-05 0)
(0.475504 0.00015083 0)
(0.266459 2.91984e-05 0)
(0.475339 0.00011544 0)
(0.266371 2.2037e-05 0)
(0.475212 8.83323e-05 0)
(0.266303 1.65864e-05 0)
(0.475114 6.73795e-05 0)
(0.266252 1.24232e-05 0)
(0.47504 5.13826e-05 0)
(0.266213 9.24946e-06 0)
(0.474982 3.89947e-05 0)
(0.266183 6.85495e-06 0)
(0.474939 2.95849e-05 0)
(0.266161 5.07504e-06 0)
(0.474906 2.23087e-05 0)
(0.266144 3.75733e-06 0)
(0.47488 1.68673e-05 0)
(0.266131 2.76928e-06 0)
(0.474861 1.26419e-05 0)
(0.266122 2.01484e-06 0)
(0.474847 9.49338e-06 0)
(0.266114 1.41188e-06 0)
(0.474836 6.99088e-06 0)
(0.266109 9.49747e-07 0)
(0.474828 5.09749e-06 0)
(0.266106 5.75576e-07 0)
(0.474822 3.54446e-06 0)
(0.266103 3.05907e-07 0)
(0.474818 2.39695e-06 0)
(0.474815 1.42438e-06 0)
(1.05164 0.154533 0)
(1.01331 0.0885626 0)
(1.0473 0.181863 0)
(1.05551 0.16206 0)
(1.01135 0.165905 0)
(1.06719 0.16883 0)
(0.958455 0.139358 0)
(1.04975 0.154783 0)
(0.898532 0.106115 0)
(1.01652 0.133311 0)
(0.841714 0.074066 0)
(0.977608 0.105976 0)
(0.794512 0.0492351 0)
(0.939979 0.07932 0)
(0.758559 0.0311893 0)
(0.906083 0.0560826 0)
(0.733056 0.0187092 0)
(0.878107 0.0374262 0)
(0.715851 0.0104394 0)
(0.857196 0.0238537 0)
(0.704937 0.00512354 0)
(0.842295 0.0142207 0)
(0.698495 0.00180639 0)
(0.832321 0.007675 0)
(0.695085 -0.000217157 0)
(0.826044 0.00337233 0)
(0.693743 -0.00146658 0)
(0.822416 0.000549597 0)
(0.693839 -0.00239396 0)
(0.820767 -0.00139012 0)
(0.694991 -0.00324383 0)
(0.820518 -0.00290983 0)
(0.697034 -0.00409842 0)
(0.821383 -0.00425115 0)
(0.69993 -0.00504802 0)
(0.823215 -0.00561141 0)
(0.703703 -0.00615294 0)
(0.825967 -0.00708374 0)
(0.708435 -0.007448 0)
(0.829666 -0.00874868 0)
(0.714242 -0.00894683 0)
(0.834389 -0.0106546 0)
(0.721254 -0.0106431 0)
(0.840244 -0.0128167 0)
(0.729597 -0.0125082 0)
(0.847349 -0.0152195 0)
(0.739375 -0.0144902 0)
(0.855811 -0.0178147 0)
(0.750671 -0.0165182 0)
(0.865714 -0.0205354 0)
(0.763557 -0.0184838 0)
(0.877164 -0.023318 0)
(0.778065 -0.0201938 0)
(0.89032 -0.0260311 0)
(0.794096 -0.0213367 0)
(0.905329 -0.0283955 0)
(0.811289 -0.021467 0)
(0.922212 -0.0299304 0)
(0.828849 -0.0200362 0)
(0.940604 -0.0299053 0)
(0.845346 -0.0165691 0)
(0.95949 -0.0273831 0)
(0.858809 -0.0109556 0)
(0.976975 -0.0216231 0)
(0.867173 -0.0038336 0)
(0.990391 -0.0126266 0)
(0.869144 0.00391329 0)
(0.997243 -0.00181568 0)
(0.864296 0.0114247 0)
(0.996587 0.00960721 0)
(0.853115 0.0176168 0)
(0.98819 0.0200679 0)
(0.837116 0.0217285 0)
(0.973338 0.0279272 0)
(0.818334 0.0236138 0)
(0.954281 0.0324214 0)
(0.798704 0.0235781 0)
(0.933436 0.0337214 0)
(0.779768 0.0221298 0)
(0.91283 0.0325061 0)
(0.762556 0.0198114 0)
(0.893951 0.0296063 0)
(0.747575 0.017106 0)
(0.877476 0.0258409 0)
(0.734939 0.0143767 0)
(0.863638 0.0218581 0)
(0.724511 0.0118475 0)
(0.852307 0.0180811 0)
(0.716029 0.00962415 0)
(0.84317 0.0147268 0)
(0.709201 0.00773535 0)
(0.835869 0.0118624 0)
(0.703744 0.00616824 0)
(0.830067 0.00947833 0)
(0.699402 0.00488926 0)
(0.825472 0.00753124 0)
(0.69596 0.0038564 0)
(0.821836 0.00595884 0)
(0.69324 0.00302841 0)
(0.818962 0.00469606 0)
(0.691098 0.00236909 0)
(0.816696 0.00368762 0)
(0.689416 0.00184722 0)
(0.814912 0.00288642 0)
(0.688099 0.00143636 0)
(0.81351 0.00225315 0)
(0.687069 0.00111425 0)
(0.812411 0.00175479 0)
(0.686265 0.000862443 0)
(0.81155 0.00136382 0)
(0.68564 0.00066615 0)
(0.810877 0.00105759 0)
(0.685154 0.000513621 0)
(0.810352 0.00081859 0)
(0.684778 0.000395461 0)
(0.809943 0.000632577 0)
(0.684486 0.000304096 0)
(0.809625 0.00048827 0)
(0.68426 0.000233531 0)
(0.809378 0.000376384 0)
(0.684086 0.000179073 0)
(0.809187 0.00028978 0)
(0.683951 0.000137089 0)
(0.809038 0.000222716 0)
(0.683848 0.000104752 0)
(0.808923 0.000170907 0)
(0.683768 7.98811e-05 0)
(0.808834 0.000130872 0)
(0.683707 6.0768e-05 0)
(0.808766 0.000100034 0)
(0.68366 4.61071e-05 0)
(0.808713 7.62651e-05 0)
(0.683624 3.48848e-05 0)
(0.808673 5.80195e-05 0)
(0.683597 2.63089e-05 0)
(0.808642 4.39869e-05 0)
(0.683576 1.97489e-05 0)
(0.808618 3.32315e-05 0)
(0.683561 1.47104e-05 0)
(0.8086 2.4943e-05 0)
(0.683549 1.08224e-05 0)
(0.808587 1.85386e-05 0)
(0.683541 7.75973e-06 0)
(0.808577 1.36025e-05 0)
(0.683534 5.42236e-06 0)
(0.808569 9.60157e-06 0)
(0.68353 3.54592e-06 0)
(0.808564 6.7741e-06 0)
(0.808559 3.94998e-06 0)
(1.03962 0.110916 0)
(1.00912 0.0489441 0)
(1.08174 0.156039 0)
(1.04752 0.119941 0)
(1.10254 0.161582 0)
(1.08707 0.148022 0)
(1.10576 0.152546 0)
(1.10968 0.151566 0)
(1.09566 0.135771 0)
(1.11553 0.143415 0)
(1.07575 0.112875 0)
(1.11323 0.125883 0)
(1.05083 0.0875019 0)
(1.1011 0.104243 0)
(1.02498 0.0632528 0)
(1.08494 0.0819255 0)
(1.00191 0.0430236 0)
(1.06719 0.0605001 0)
(0.983323 0.0277707 0)
(1.05086 0.0424413 0)
(0.969469 0.0167848 0)
(1.03698 0.0280751 0)
(0.959744 0.00922056 0)
(1.0262 0.0174004 0)
(0.953294 0.00411748 0)
(1.01834 0.00982163 0)
(0.949373 0.000614029 0)
(1.01293 0.00447082 0)
(0.947388 -0.00191392 0)
(1.00954 0.000595354 0)
(0.946856 -0.00392442 0)
(1.00778 -0.00237767 0)
(0.94749 -0.00577581 0)
(1.00732 -0.00488438 0)
(0.949149 -0.00766845 0)
(1.00795 -0.00727093 0)
(0.951801 -0.00970916 0)
(1.00959 -0.00973514 0)
(0.955459 -0.0119969 0)
(1.01222 -0.0124065 0)
(0.960193 -0.0145848 0)
(1.01588 -0.0153887 0)
(0.966101 -0.0174804 0)
(1.02068 -0.0187248 0)
(0.973289 -0.0206511 0)
(1.02671 -0.0224069 0)
(0.981852 -0.0240361 0)
(1.03409 -0.0263786 0)
(0.991896 -0.0275738 0)
(1.04291 -0.0305787 4.7675e-34)
(1.00363 -0.0311826 0)
(1.05334 -0.0350501 -4.74951e-34)
(1.01734 -0.0346476 0)
(1.06587 -0.0397444 0)
(1.03331 -0.0375017 0)
(1.08109 -0.044365 0)
(1.05159 -0.0389269 0)
(1.09962 -0.0482098 0)
(1.07158 -0.0377508 0)
(1.12154 -0.0498925 0)
(1.09169 -0.0327762 0)
(1.14562 -0.0474998 0)
(1.10942 -0.0234636 0)
(1.16905 -0.0393535 0)
(1.12157 -0.0106021 0)
(1.18803 -0.0247707 0)
(1.12575 0.00413726 0)
(1.19813 -0.00599894 0)
(1.12132 0.0187494 0)
(1.19799 0.0140411 0)
(1.10898 0.0309828 0)
(1.18773 0.0324102 0)
(1.09074 0.0392028 0)
(1.16916 0.046163 0)
(1.06938 0.0430285 0)
(1.14548 0.0537861 0)
(1.04741 0.0430445 0)
(1.12017 0.0556846 0)
(1.02675 0.0402732 0)
(1.09607 0.0531717 0)
(1.00852 0.0358418 0)
(1.07483 0.0478286 0)
(0.993186 0.0307394 0)
(1.05714 0.0411799 0)
(0.980683 0.0256716 0)
(1.04301 0.0343614 0)
(0.970686 0.0210463 0)
(1.03199 0.0280776 0)
(0.962771 0.0170318 0)
(1.0235 0.0226418 0)
(0.956536 0.013656 0)
(1.01696 0.0180975 0)
(0.951635 0.0108805 0)
(1.01194 0.0143786 0)
(0.947779 0.00863262 0)
(1.00805 0.0113877 0)
(0.944737 0.00682458 0)
(1.00503 0.00900108 0)
(0.942338 0.00537605 0)
(1.00266 0.00709553 0)
(0.940446 0.00422123 0)
(1.0008 0.00557904 0)
(0.938957 0.003305 0)
(0.999344 0.00437586 0)
(0.937785 0.00258143 0)
(0.998197 0.00342501 0)
(0.936863 0.00201209 0)
(0.997295 0.00267647 0)
(0.936139 0.00156506 0)
(0.996584 0.0020877 0)
(0.935572 0.00121482 0)
(0.996024 0.00162495 0)
(0.935128 0.000941283 0)
(0.995586 0.0012624 0)
(0.934781 0.000728319 0)
(0.995242 0.000979344 0)
(0.93451 0.000562876 0)
(0.994972 0.000758955 0)
(0.934299 0.000434468 0)
(0.994761 0.000587457 0)
(0.934134 0.00033487 0)
(0.994596 0.000454117 0)
(0.934006 0.000257674 0)
(0.994467 0.000350444 0)
(0.933907 0.000197924 0)
(0.994367 0.000270001 0)
(0.93383 0.00015174 0)
(0.994289 0.000207627 0)
(0.933771 0.000116103 0)
(0.994228 0.000159397 0)
(0.933725 8.86325e-05 0)
(0.994181 0.00012211 0)
(0.93369 6.74777e-05 0)
(0.994144 9.33305e-05 0)
(0.933662 5.11857e-05 0)
(0.994116 7.10925e-05 0)
(0.933642 3.86333e-05 0)
(0.994095 5.39281e-05 0)
(0.933626 2.89319e-05 0)
(0.994078 4.06496e-05 0)
(0.933614 2.14445e-05 0)
(0.994065 3.03458e-05 0)
(0.933605 1.55478e-05 0)
(0.994056 2.24143e-05 0)
(0.933599 1.10246e-05 0)
(0.994049 1.59896e-05 0)
(0.933594 7.22397e-06 0)
(0.994044 1.13555e-05 0)
(0.99404 6.55109e-06 0)
(1.01976 0.0663445 0)
(1.00419 0.029181 0)
(1.05936 0.112443 0)
(1.02716 0.0803475 0)
(1.09464 0.135634 0)
(1.06387 0.112737 0)
(1.11886 0.14039 0)
(1.09611 0.127352 0)
(1.13334 0.132781 0)
(1.11783 0.128932 0)
(1.13834 0.117647 0)
(1.13296 0.120879 0)
(1.13503 0.0992479 0)
(1.13829 0.107558 0)
(1.12679 0.0795646 0)
(1.13844 0.0901643 0)
(1.11587 0.0603914 0)
(1.1332 0.0714247 0)
(1.1042 0.0433483 0)
(1.12592 0.0541113 0)
(1.09354 0.0292403 0)
(1.11774 0.0387308 0)
(1.08471 0.0183852 0)
(1.11011 0.0262282 0)
(1.07788 0.0104061 0)
(1.10372 0.0166561 0)
(1.07302 0.00459526 0)
(1.09866 0.00933239 0)
(1.06988 0.000239601 0)
(1.09498 0.00373288 0)
(1.06818 -0.00322407 0)
(1.09262 -0.000678446 0)
(1.06772 -0.0062454 0)
(1.09144 -0.00442085 0)
(1.0683 -0.00918507 0)
(1.09128 -0.0078503 0)
(1.06989 -0.0122566 0)
(1.09207 -0.0113241 0)
(1.07249 -0.0155953 0)
(1.09381 -0.0150127 0)
(1.07619 -0.019304 0)
(1.09655 -0.0190808 0)
(1.08106 -0.0234189 0)
(1.10042 -0.0236017 0)
(1.08724 -0.0279149 0)
(1.10556 -0.028584 0)
(1.09484 -0.0327537 4.7675e-34)
(1.11212 -0.0339815 0)
(1.10402 -0.0379673 2.14839e-36)
(1.12028 -0.0397533 4.7675e-34)
(1.11521 -0.0436033 -4.74951e-34)
(1.13023 -0.0462396 -4.74951e-34)
(1.12927 -0.0495486 0)
(1.14336 -0.0538054 0)
(1.14713 -0.0552834 0)
(1.16084 -0.0622286 0)
(1.16952 -0.0594758 0)
(1.18428 -0.0706019 0)
(1.19596 -0.0598817 0)
(1.21416 -0.0763303 0)
(1.22369 -0.0539917 0)
(1.24808 -0.075228 0)
(1.24859 -0.0399947 0)
(1.28077 -0.064254 0)
(1.26589 -0.0192987 0)
(1.30625 -0.0420711 0)
(1.27164 0.00437254 0)
(1.3169 -0.011746 0)
(1.2653 0.0278442 0)
(1.31476 0.020382 0)
(1.24839 0.0476595 0)
(1.30147 0.0493182 0)
(1.22396 0.0608037 0)
(1.27744 0.0705909 0)
(1.19615 0.0665071 0)
(1.24591 0.0815957 0)
(1.1686 0.0658704 0)
(1.21277 0.0832417 0)
(1.1438 0.0607425 0)
(1.18218 0.0779627 0)
(1.12306 0.0531283 0)
(1.15629 0.0685698 0)
(1.1066 0.0447384 0)
(1.13598 0.0576422 0)
(1.09401 0.0367011 0)
(1.12081 0.0469486 0)
(1.08455 0.0296054 0)
(1.10975 0.0375417 0)
(1.07748 0.0236362 0)
(1.10187 0.0297157 0)
(1.07219 0.0187465 0)
(1.09622 0.0233853 0)
(1.06822 0.0148167 0)
(1.09214 0.0183484 0)
(1.0652 0.0116967 0)
(1.08915 0.0144077 0)
(1.06287 0.00922331 0)
(1.08691 0.0113326 0)
(1.06106 0.00725981 0)
(1.08521 0.00890394 0)
(1.05965 0.00570488 0)
(1.0839 0.00698955 0)
(1.05854 0.00447647 0)
(1.08288 0.00548024 0)
(1.05768 0.00350723 0)
(1.08209 0.00429227 0)
(1.05699 0.00274307 0)
(1.08147 0.00336132 0)
(1.05645 0.0021412 0)
(1.08097 0.00262844 0)
(1.05602 0.00166816 0)
(1.08059 0.00205111 0)
(1.05569 0.00129751 0)
(1.08028 0.00159764 0)
(1.05542 0.00100795 0)
(1.08004 0.00124316 0)
(1.05522 0.000782125 0)
(1.07985 0.000966631 0)
(1.05505 0.000606126 0)
(1.0797 0.000750842 0)
(1.05493 0.00046902 0)
(1.07958 0.000582395 0)
(1.05482 0.000362318 0)
(1.07948 0.000450961 0)
(1.05475 0.000279404 0)
(1.07941 0.000348587 0)
(1.05468 0.000215094 0)
(1.07935 0.000268986 0)
(1.05464 0.000165293 0)
(1.07931 0.000207246 0)
(1.0546 0.000126753 0)
(1.07927 0.000159374 0)
(1.05457 9.69291e-05 0)
(1.07924 0.000122274 0)
(1.05455 7.38445e-05 0)
(1.07922 9.34873e-05 0)
(1.05453 5.59708e-05 0)
(1.07921 7.11749e-05 0)
(1.05452 4.2102e-05 0)
(1.07919 5.38445e-05 0)
(1.05451 3.13604e-05 0)
(1.07918 4.03723e-05 0)
(1.0545 2.29021e-05 0)
(1.07918 2.99293e-05 0)
(1.05449 1.63627e-05 0)
(1.07917 2.15331e-05 0)
(1.05449 1.07108e-05 0)
(1.07917 1.53109e-05 0)
(1.07916 8.7424e-06 0)
(1.0104 0.0439175 0)
(1.0023 0.0187805 0)
(1.03604 0.0798069 0)
(1.01536 0.0547033 0)
(1.06664 0.103604 0)
(1.04058 0.0821461 0)
(1.09495 0.115218 0)
(1.06891 0.0990409 0)
(1.11751 0.116434 0)
(1.09384 0.106366 0)
(1.13288 0.110117 0)
(1.11357 0.105509 0)
(1.14171 0.0982016 0)
(1.12761 0.0987311 0)
(1.14465 0.0823679 0)
(1.13671 0.0872213 0)
(1.14311 0.065568 0)
(1.14005 0.0729712 0)
(1.13919 0.0497582 0)
(1.14029 0.0580251 0)
(1.1342 0.0359252 0)
(1.13794 0.0437258 0)
(1.12907 0.0246907 0)
(1.13468 0.0313554 0)
(1.1244 0.0157842 0)
(1.13118 0.0213315 0)
(1.12054 0.00869875 0)
(1.12791 0.0131861 0)
(1.11767 0.00303098 0)
(1.12518 0.00660586 0)
(1.11582 -0.00167261 0)
(1.12322 0.00116753 0)
(1.11495 -0.005829 0)
(1.12203 -0.00354624 0)
(1.11498 -0.00982941 0)
(1.1216 -0.00787706 0)
(1.11589 -0.0139576 0)
(1.12193 -0.0122357 0)
(1.11772 -0.0183834 0)
(1.12305 -0.0168486 0)
(1.1206 -0.0232322 0)
(1.12502 -0.0219564 0)
(1.12469 -0.0285814 0)
(1.12815 -0.0276917 0)
(1.13016 -0.034442 0)
(1.13259 -0.0340551 0)
(1.13718 -0.0407528 0)
(1.13855 -0.041002 0)
(1.14608 -0.0478559 0)
(1.14638 -0.0486557 0)
(1.15789 -0.0564824 0)
(1.15661 -0.0580449 0)
(1.17438 -0.0667829 0)
(1.17136 -0.0702983 0)
(1.19741 -0.0781012 0)
(1.19278 -0.0852514 0)
(1.22861 -0.0882767 0)
(1.22365 -0.10181 0)
(1.26675 -0.0931411 0)
(1.26249 -0.114461 0)
(1.30628 -0.0883076 0)
(1.30267 -0.114758 0)
(1.33996 -0.069057 0)
(1.341 -0.0979364 0)
(1.35864 -0.0351439 0)
(1.35763 -0.0607509 0)
(1.36141 0.00544258 0)
(1.35932 -0.0145228 0)
(1.35217 0.0440972 0)
(1.35438 0.029626 0)
(1.33086 0.0748201 0)
(1.34385 0.0706251 0)
(1.29916 0.0933696 0)
(1.3226 0.102295 0)
(1.26225 0.0993712 0)
(1.29129 0.118505 0)
(1.22596 0.0957105 0)
(1.25399 0.119528 0)
(1.19413 0.0859122 0)
(1.21813 0.109796 0)
(1.16876 0.0731125 0)
(1.18731 0.0939456 0)
(1.14981 0.0598095 0)
(1.16385 0.0765835 0)
(1.13626 0.0476886 0)
(1.14722 0.0604979 0)
(1.12684 0.037525 0)
(1.13591 0.0469634 0)
(1.12041 0.0293591 0)
(1.12849 0.03615 0)
(1.11601 0.0229313 0)
(1.12365 0.0277851 0)
(1.11296 0.0179162 0)
(1.12049 0.0213967 0)
(1.11079 0.0140224 0)
(1.11839 0.0165805 0)
(1.10918 0.0109847 0)
(1.11698 0.0129366 0)
(1.10799 0.00860463 0)
(1.11596 0.0100946 0)
(1.10709 0.00673964 0)
(1.11522 0.00788862 0)
(1.1064 0.00527482 0)
(1.11467 0.00617358 0)
(1.10586 0.00412926 0)
(1.11424 0.00483477 0)
(1.10543 0.00323352 0)
(1.1139 0.00378822 0)
(1.10509 0.00252825 0)
(1.11363 0.00296518 0)
(1.10483 0.00197274 0)
(1.11342 0.00231691 0)
(1.10462 0.0015373 0)
(1.11326 0.00180744 0)
(1.10445 0.00119742 0)
(1.11313 0.00140925 0)
(1.10432 0.000932111 0)
(1.11303 0.0010987 0)
(1.10422 0.000724725 0)
(1.11294 0.000855854 0)
(1.10413 0.000562568 0)
(1.11287 0.000665647 0)
(1.10407 0.000435921 0)
(1.11282 0.000516772 0)
(1.10401 0.000337198 0)
(1.11278 0.000400462 0)
(1.10397 0.000260427 0)
(1.11275 0.00030984 0)
(1.10394 0.000200814 0)
(1.11272 0.000239408 0)
(1.10392 0.000154529 0)
(1.1127 0.000184679 0)
(1.1039 0.000118574 0)
(1.11268 0.000142113 0)
(1.10388 9.06373e-05 0)
(1.11267 0.000108981 0)
(1.10387 6.89282e-05 0)
(1.11266 8.3206e-05 0)
(1.10386 5.20366e-05 0)
(1.11265 6.31383e-05 0)
(1.10385 3.88935e-05 0)
(1.11264 4.7494e-05 0)
(1.10385 2.85337e-05 0)
(1.11264 3.5283e-05 0)
(1.10384 2.04601e-05 0)
(1.11264 2.55245e-05 0)
(1.10384 1.33251e-05 0)
(1.11263 1.80868e-05 0)
(1.11263 1.0196e-05 0)
(1.00588 0.030414 0)
(1.00136 0.0128958 0)
(1.02207 0.0572339 0)
(1.00932 0.0385188 0)
(1.04422 0.0774373 0)
(1.0261 0.0599985 0)
(1.06789 0.0900104 0)
(1.04742 0.0753643 0)
(1.08998 0.0952424 0)
(1.06899 0.0842794 0)
(1.10841 0.0940432 0)
(1.08843 0.0870792 0)
(1.12256 0.0876414 0)
(1.10483 0.0845831 0)
(1.13206 0.0775272 0)
(1.11759 0.0777242 0)
(1.13717 0.0651943 0)
(1.12631 0.0678554 0)
(1.13889 0.051903 0)
(1.13158 0.0563077 0)
(1.13836 0.0391099 0)
(1.1338 0.0442562 0)
(1.1367 0.0280453 0)
(1.13429 0.0330152 0)
(1.13461 0.0188553 0)
(1.13361 0.0234177 0)
(1.13251 0.0111933 0)
(1.13247 0.0152918 0)
(1.13069 0.0048029 0)
(1.13117 0.00842502 0)
(1.12938 -0.00066049 0)
(1.13006 0.00247641 0)
(1.12864 -0.00552347 0)
(1.12923 -0.00280079 0)
(1.12849 -0.0101486 0)
(1.12876 -0.00773476 0)
(1.129 -0.0149125 0)
(1.12879 -0.0127404 0)
(1.13024 -0.0201717 0)
(1.12939 -0.0180954 0)
(1.13243 -0.0261883 0)
(1.1307 -0.0241377 0)
(1.13582 -0.0329618 0)
(1.13308 -0.0310866 0)
(1.14069 -0.0404231 0)
(1.13674 -0.0389222 0)
(1.14732 -0.0487438 0)
(1.14208 -0.0476325 0)
(1.1564 -0.0587355 0)
(1.1495 -0.0577382 0)
(1.16938 -0.0718803 0)
(1.15986 -0.0710264 0)
(1.18898 -0.0892128 0)
(1.17514 -0.0898946 0)
(1.21788 -0.110365 0)
(1.19762 -0.114149 0)
(1.2572 -0.130833 0)
(1.23093 -0.141132 0)
(1.29889 -0.139329 0)
(1.26417 -0.156149 0)
(1.33712 -0.127591 0)
(1.28011 -0.152986 0)
(1.36319 -0.0937674 0)
(1.28179 -0.124006 0)
(1.36043 -0.0435502 0)
(1.23602 -0.0579929 1.0458e-18)
(1.35267 0.00873792 0)
(1.20656 -0.00676134 3.37469e-17)
(1.34854 0.0586074 0)
(1.21131 0.0337499 2.77921e-17)
(1.33564 0.102656 0)
(1.22745 0.083524 -1.90959e-17)
(1.31372 0.131135 0)
(1.24273 0.124223 -1.76463e-20)
(1.28231 0.141192 0)
(1.2571 0.149913 0)
(1.24567 0.135071 0)
(1.24215 0.156166 0)
(1.2106 0.118251 0)
(1.2167 0.144864 0)
(1.18184 0.0973789 0)
(1.18911 0.122707 0)
(1.16088 0.0771177 0)
(1.16613 0.0975488 0)
(1.14659 0.0595877 0)
(1.14978 0.0747795 0)
(1.13735 0.0454229 0)
(1.13921 0.0562112 0)
(1.13156 0.0344379 0)
(1.13279 0.0419394 0)
(1.12801 0.0261223 0)
(1.12904 0.0313333 0)
(1.12584 0.0199427 0)
(1.12693 0.0235604 0)
(1.12452 0.0154074 0)
(1.12576 0.0179027 0)
(1.1237 0.0120029 0)
(1.12517 0.013758 0)
(1.12316 0.00936298 0)
(1.12485 0.0106405 0)
(1.12277 0.00731226 0)
(1.12468 0.00827118 0)
(1.12249 0.00571946 0)
(1.12458 0.00645845 0)
(1.12226 0.00447817 0)
(1.12451 0.0050592 0)
(1.12209 0.00350617 0)
(1.12445 0.00396304 0)
(1.12195 0.00274235 0)
(1.12441 0.00310091 0)
(1.12185 0.00214185 0)
(1.12438 0.00242303 0)
(1.12176 0.00167152 0)
(1.12436 0.00189074 0)
(1.1217 0.00130466 0)
(1.12434 0.00147619 0)
(1.12164 0.00101817 0)
(1.12432 0.00115363 0)
(1.1216 0.000793635 0)
(1.12431 0.000900722 0)
(1.12156 0.00061752 0)
(1.12429 0.000701886 0)
(1.12153 0.000479598 0)
(1.12428 0.000545826 0)
(1.12151 0.000371872 0)
(1.12427 0.000423628 0)
(1.12149 0.000287966 0)
(1.12426 0.000328334 0)
(1.12148 0.000222689 0)
(1.12425 0.000254273 0)
(1.12146 0.000171856 0)
(1.12425 0.000196649 0)
(1.12145 0.000132232 0)
(1.12424 0.000151681 0)
(1.12145 0.000101349 0)
(1.12424 0.000116588 0)
(1.12144 7.7279e-05 0)
(1.12424 8.91993e-05 0)
(1.12144 5.8506e-05 0)
(1.12423 6.78308e-05 0)
(1.12143 4.38285e-05 0)
(1.12423 5.11248e-05 0)
(1.12143 3.22408e-05 0)
(1.12423 3.80175e-05 0)
(1.12143 2.31312e-05 0)
(1.12423 2.75766e-05 0)
(1.12143 1.49467e-05 0)
(1.12423 1.94348e-05 0)
(1.12423 1.07856e-05 0)
(1.00368 0.0216841 0)
(1.0009 0.00921897 0)
(1.01442 0.0416072 0)
(1.0062 0.0277723 0)
(1.0303 0.0578768 0)
(1.01786 0.0441184 0)
(1.04876 0.0694313 0)
(1.03373 0.0569096 0)
(1.06753 0.0758604 0)
(1.05119 0.0655068 0)
(1.08494 0.0773302 0)
(1.06834 0.0696731 0)
(1.09993 0.074412 0)
(1.08412 0.0695912 0)
(1.11186 0.0679389 0)
(1.0977 0.0657895 0)
(1.12063 0.0589553 0)
(1.10859 0.0590875 0)
(1.12647 0.0486808 0)
(1.11674 0.0504705 0)
(1.12971 0.0382173 0)
(1.12228 0.0410128 0)
(1.13109 0.0284331 0)
(1.12564 0.0316418 0)
(1.13141 0.0198696 0)
(1.12742 0.0230921 0)
(1.13112 0.0125328 0)
(1.12821 0.0155876 0)
(1.13053 0.00611642 0)
(1.12834 0.0090153 0)
(1.12988 0.000385925 0)
(1.12813 0.00312778 0)
(1.1293 -0.00491106 0)
(1.1277 -0.00222955 0)
(1.129 -0.0101799 0)
(1.12724 -0.00742855 0)
(1.1291 -0.015745 0)
(1.12694 -0.0128387 0)
(1.12978 -0.0218509 0)
(1.12693 -0.018778 0)
(1.13125 -0.0287881 0)
(1.12742 -0.0256033 0)
(1.13379 -0.0367728 0)
(1.12872 -0.0336333 0)
(1.13785 -0.0458475 0)
(1.13124 -0.0429834 0)
(1.14387 -0.056358 0)
(1.13547 -0.0536502 0)
(1.15239 -0.0697931 0)
(1.14157 -0.066258 8.0732e-33)
(1.16471 -0.0886748 0)
(1.15008 -0.0833405 -8.02679e-33)
(1.18281 -0.114162 0)
(1.16091 -0.107997 0)
(1.20855 -0.144229 0)
(1.17484 -0.13989 0)
(1.23699 -0.165335 0)
(1.18903 -0.169569 0)
(1.24912 -0.163663 0)
(1.1797 -0.168279 3.42629e-17)
(1.21982 -0.135603 0)
(1.08839 -0.110576 0)
(1.16184 -0.0763557 1.0458e-18)
(0.603106 0.515193 0)
(1.0848 -0.0191669 3.47927e-17)
(0.554986 0.355012 1.0458e-18)
(1.0622 0.0125711 6.1539e-17)
(0.528617 0.277997 3.37469e-17)
(1.09476 0.0422653 8.6962e-18)
(0.5363 0.265966 2.77921e-17)
(1.13432 0.0810109 -1.91135e-17)
(0.555633 0.22377 -1.90959e-17)
(1.18386 0.128212 -1.76463e-20)
(1.07063 0.0537869 5.84415e-18)
(1.21583 0.161145 0)
(1.12527 0.117945 7.8069e-18)
(1.21222 0.16469 0)
(1.17006 0.159769 0)
(1.19444 0.148814 0)
(1.17529 0.162648 0)
(1.17292 0.122507 0)
(1.16413 0.14422 0)
(1.15468 0.0949057 0)
(1.15052 0.115793 0)
(1.14216 0.0711379 0)
(1.13915 0.0872979 0)
(1.1345 0.0524872 0)
(1.13178 0.0638695 0)
(1.13016 0.0386082 0)
(1.12777 0.0462827 0)
(1.12789 0.0285626 0)
(1.12589 0.0336073 0)
(1.1268 0.0213485 0)
(1.12523 0.0246496 0)
(1.12636 0.0161253 0)
(1.1252 0.0183394 0)
(1.12628 0.012295 0)
(1.12546 0.0138366 0)
(1.12636 0.00946688 0)
(1.12584 0.0105665 0)
(1.12647 0.00735904 0)
(1.12622 0.00815418 0)
(1.12659 0.00576188 0)
(1.12655 0.00634378 0)
(1.12669 0.00452198 0)
(1.12683 0.00495985 0)
(1.12677 0.00354392 0)
(1.12706 0.00388083 0)
(1.12684 0.00277419 0)
(1.12724 0.00303463 0)
(1.12689 0.00216885 0)
(1.12739 0.00236945 0)
(1.12693 0.00169344 0)
(1.1275 0.00184708 0)
(1.12696 0.00132241 0)
(1.12758 0.00144493 0)
(1.12698 0.00103323 0)
(1.12764 0.00113355 0)
(1.127 0.000806642 0)
(1.12769 0.000886928 0)
(1.12701 0.000628376 0)
(1.12773 0.00069186 0)
(1.12702 0.000488324 0)
(1.12776 0.000538412 0)
(1.12702 0.000378835 0)
(1.12778 0.000418011 0)
(1.12702 0.000293722 0)
(1.1278 0.000324292 0)
(1.12703 0.000227596 0)
(1.12781 0.000251693 0)
(1.12703 0.000176021 0)
(1.12782 0.000195116 0)
(1.12703 0.000135709 0)
(1.12783 0.00015078 0)
(1.12703 0.000104208 0)
(1.12783 0.000116073 0)
(1.12703 7.95971e-05 0)
(1.12783 8.89178e-05 0)
(1.12703 6.03573e-05 0)
(1.12784 6.76683e-05 0)
(1.12703 4.52642e-05 0)
(1.12784 5.10433e-05 0)
(1.12703 3.33341e-05 0)
(1.12784 3.79613e-05 0)
(1.12703 2.38841e-05 0)
(1.12784 2.75678e-05 0)
(1.12703 1.52902e-05 0)
(1.12784 1.93131e-05 0)
(1.12784 1.05194e-05 0)
(1.00255 0.0157087 0)
(1.00065 0.00666516 0)
(1.01021 0.0305045 0)
(1.0045 0.0201202 0)
(1.02197 0.0431611 0)
(1.01314 0.0323581 0)
(1.03644 0.0528826 0)
(1.02532 0.0424365 0)
(1.05211 0.0591637 0)
(1.03952 0.0498346 0)
(1.06763 0.0617614 0)
(1.05437 0.054156 0)
(1.08197 0.060818 0)
(1.06886 0.0552476 0)
(1.09445 0.0568072 0)
(1.08217 0.053313 0)
(1.10469 0.0504789 0)
(1.09372 0.0488509 0)
(1.11256 0.0427218 0)
(1.10319 0.0425958 0)
(1.1182 0.034412 0)
(1.11051 0.0353751 0)
(1.12192 0.026299 0)
(1.11581 0.0279237 0)
(1.12419 0.0188365 0)
(1.11941 0.020822 0)
(1.12543 0.0121532 0)
(1.12169 0.0143403 0)
(1.12595 0.00616179 0)
(1.12298 0.00849681 0)
(1.12594 0.000668058 0)
(1.1235 0.00314506 0)
(1.12561 -0.00459417 0)
(1.12344 -0.00190436 0)
(1.12516 -0.00995038 0)
(1.12296 -0.00698071 0)
(1.12473 -0.0157448 0)
(1.12222 -0.0124071 0)
(1.12452 -0.0223683 0)
(1.12137 -0.0185669 0)
(1.12482 -0.0302019 0)
(1.12062 -0.0259013 0)
(1.12601 -0.039505 0)
(1.12029 -0.0348277 0)
(1.12862 -0.0503398 0)
(1.12086 -0.0455931 0)
(1.13289 -0.0629718 8.0732e-33)
(1.12268 -0.0579215 0)
(1.13863 -0.0790551 5.65863e-35)
(1.12534 -0.0719971 8.0732e-33)
(1.14566 -0.101678 -8.02679e-33)
(1.12866 -0.0903615 -8.02679e-33)
(1.15286 -0.131125 0)
(1.12733 -0.115196 0)
(1.15555 -0.158804 0)
(1.11902 -0.142583 0)
(1.14462 -0.158924 3.42629e-17)
(1.10251 -0.158638 4.16011e-17)
(1.11547 -0.0973258 3.42629e-17)
(1.03089 -0.117721 3.42629e-17)
(1.19118 -0.0236093 0)
(0.467679 0.253319 0)
(0.476294 0 0)
(0 0.00144154 0)
(0.307777 0 0)
(0 -0.00231788 0)
(0.322118 0 0)
(0 0.00614794 0)
(0.40644 0 0)
(0 0.0131557 0)
(0.587575 0.00966584 5.8618e-18)
(0 0.0282691 0)
(1.02411 0.0453874 1.36687e-17)
(0.49181 0.111166 5.8618e-18)
(1.07663 0.108506 7.8069e-18)
(0.994981 0.0371932 9.36784e-18)
(1.13017 0.154204 0)
(1.0597 0.106232 2.43112e-17)
(1.14378 0.156743 0)
(1.10542 0.149037 0)
(1.14179 0.136644 0)
(1.1168 0.146216 0)
(1.13471 0.107426 0)
(1.11977 0.122873 0)
(1.12858 0.0795039 0)
(1.11906 0.0934285 0)
(1.12501 0.0572862 0)
(1.11823 0.0674383 0)
(1.12348 0.0409947 0)
(1.11843 0.0478098 0)
(1.12322 0.0294913 0)
(1.1194 0.0338656 0)
(1.12362 0.0214941 0)
(1.1207 0.0242543 0)
(1.12429 0.0159248 0)
(1.12206 0.017668 0)
(1.12502 0.0119918 0)
(1.12331 0.0131037 0)
(1.1257 0.00915419 0)
(1.12441 0.00988265 0)
(1.1263 0.00706008 0)
(1.12532 0.00755893 0)
(1.1268 0.00548372 0)
(1.12608 0.00584398 0)
(1.12721 0.00427742 0)
(1.12669 0.00454986 0)
(1.12754 0.00334075 0)
(1.12717 0.00355417 0)
(1.12779 0.00260562 0)
(1.12755 0.0027771 0)
(1.128 0.00202976 0)
(1.12785 0.00216842 0)
(1.12815 0.00158723 0)
(1.12808 0.00169464 0)
(1.12826 0.00124932 0)
(1.12826 0.00132974 0)
(1.12835 0.000982501 0)
(1.1284 0.00104409 0)
(1.12842 0.000768542 0)
(1.12851 0.00081623 0)
(1.12848 0.000599684 0)
(1.12859 0.000636517 0)
(1.12852 0.000466985 0)
(1.12866 0.000495143 0)
(1.12856 0.00036267 0)
(1.12871 0.000383869 0)
(1.12858 0.000281335 0)
(1.12875 0.000298264 0)
(1.1286 0.000218318 0)
(1.12878 0.000232541 0)
(1.12862 0.00016919 0)
(1.12881 0.000180735 0)
(1.12863 0.000130618 0)
(1.12882 0.000139809 0)
(1.12864 0.000100343 0)
(1.12884 0.000107679 0)
(1.12864 7.66297e-05 0)
(1.12885 8.24824e-05 0)
(1.12865 5.80901e-05 0)
(1.12886 6.27185e-05 0)
(1.12865 4.35576e-05 0)
(1.12886 4.73127e-05 0)
(1.12865 3.20696e-05 0)
(1.12887 3.51807e-05 0)
(1.12866 2.29182e-05 0)
(1.12887 2.55406e-05 0)
(1.12866 1.45065e-05 0)
(1.12887 1.77455e-05 0)
(1.12887 9.44007e-06 0)
(1.00193 0.0113182 0)
(1.00051 0.00473499 0)
(1.00775 0.022137 0)
(1.00351 0.0142973 0)
(1.01693 0.0316783 0)
(1.01032 0.023178 0)
(1.02863 0.0393527 0)
(1.02016 0.0307413 0)
(1.04189 0.0447496 0)
(1.03202 0.0365714 0)
(1.0557 0.0475482 0)
(1.04503 0.0403436 0)
(1.06914 0.047646 0)
(1.05831 0.041814 0)
(1.08149 0.0452642 0)
(1.07108 0.0409658 0)
(1.09225 0.0408968 0)
(1.08271 0.0380871 0)
(1.10115 0.0352023 0)
(1.09277 0.0336946 0)
(1.10813 0.0288591 0)
(1.10103 0.0283974 0)
(1.11329 0.0224458 0)
(1.10748 0.0227579 0)
(1.1169 0.0163457 0)
(1.11224 0.0172139 0)
(1.11924 0.0107139 0)
(1.11553 0.0120048 0)
(1.12055 0.00552676 0)
(1.1176 0.00718722 0)
(1.12101 0.00064127 0)
(1.11863 0.00268722 0)
(1.12079 -0.00419548 0)
(1.11878 -0.00168647 0)
(1.12004 -0.00929604 0)
(1.11814 -0.00623193 0)
(1.11888 -0.0150231 0)
(1.11681 -0.0112464 0)
(1.11748 -0.0218284 0)
(1.11487 -0.0171636 0)
(1.11608 -0.0301924 0)
(1.11245 -0.0245098 0)
(1.11507 -0.0404874 0)
(1.10972 -0.0338086 0)
(1.1148 -0.0525873 0)
(1.10704 -0.0453316 0)
(1.1151 -0.0661231 0)
(1.10431 -0.0582158 0)
(1.1149 -0.0819745 0)
(1.1012 -0.071793 1.0677e-33)
(1.11166 -0.10141 0)
(1.09723 -0.087123 -1.06674e-33)
(1.09801 -0.124846 0)
(1.07973 -0.101551 0)
(1.07464 -0.136891 4.16011e-17)
(1.03535 -0.119206 1.07997e-17)
(1.05291 -0.0818181 4.16011e-17)
(0.965001 -0.118175 4.16011e-17)
(1.05125 -0.0137268 0)
(0.47608 0.257446 0)
(0.161373 0 0)
(0 0.00525725 0)
(0.011999 0 0)
(0 0.000751361 0)
(0.0222206 0 0)
(0 0.000705291 0)
(0.0473115 0 0)
(0 0.00132203 0)
(0.107938 0 0)
(0 0.00387909 0)
(0.261065 0 0)
(0 0.00616307 0)
(0.547689 0.00372529 1.56095e-18)
(0 0.00372616 0)
(0.972827 0.0360191 2.58722e-17)
(0.476189 0.0569777 1.56095e-18)
(1.03191 0.0989439 2.43112e-17)
(0.975196 0.0484724 3.04808e-17)
(1.07508 0.136894 0)
(1.03069 0.105864 -7.83825e-18)
(1.09508 0.13129 0)
(1.0619 0.126219 0)
(1.10415 0.107966 0)
(1.08021 0.113803 0)
(1.10861 0.0806745 0)
(1.09312 0.0889671 0)
(1.11172 0.0574838 0)
(1.10134 0.0643302 0)
(1.11444 0.0403513 0)
(1.10718 0.045088 0)
(1.11694 0.0283878 0)
(1.11177 0.0313596 0)
(1.11918 0.0202455 0)
(1.11544 0.022016 0)
(1.12111 0.0147128 0)
(1.11834 0.0157414 0)
(1.12272 0.010902 0)
(1.12063 0.0114902 0)
(1.12404 0.0082222 0)
(1.12245 0.00856012 0)
(1.12511 0.00629194 0)
(1.12389 0.00648929 0)
(1.12597 0.00486621 0)
(1.12503 0.0049864 0)
(1.12666 0.00378863 0)
(1.12593 0.003867 0)
(1.12719 0.00295944 0)
(1.12663 0.00301462 0)
(1.12762 0.00231413 0)
(1.12719 0.00235515 0)
(1.12794 0.00181035 0)
(1.12762 0.00184066 0)
(1.1282 0.00141753 0)
(1.12796 0.00144015 0)
(1.1284 0.00111025 0)
(1.12822 0.00112911 0)
(1.12856 0.000868607 0)
(1.12843 0.000885563 0)
(1.12868 0.000677823 0)
(1.12859 0.000692952 0)
(1.12878 0.000526939 0)
(1.12872 0.000540532 0)
(1.12885 0.000408346 0)
(1.12882 0.00042032 0)
(1.12891 0.000317401 0)
(1.1289 0.000326725 0)
(1.12895 0.000248475 0)
(1.12896 0.000255197 0)
(1.12899 0.000194235 0)
(1.129 0.000199313 0)
(1.12901 0.000150739 0)
(1.12904 0.000154606 0)
(1.12903 0.000116514 0)
(1.12906 0.000119431 0)
(1.12905 8.96923e-05 0)
(1.12908 9.18834e-05 0)
(1.12906 6.85084e-05 0)
(1.1291 7.01386e-05 0)
(1.12907 5.18384e-05 0)
(1.12911 5.32549e-05 0)
(1.12908 3.8824e-05 0)
(1.12912 4.02565e-05 0)
(1.12908 2.85696e-05 0)
(1.12913 2.99467e-05 0)
(1.12909 2.03121e-05 0)
(1.12914 2.1669e-05 0)
(1.12909 1.26415e-05 0)
(1.12914 1.48279e-05 0)
(1.12914 7.6056e-06 0)
(1.00156 0.00786564 0)
(1.00042 0.00317391 0)
(1.00628 0.0154531 0)
(1.00292 0.00957768 0)
(1.01385 0.022287 0)
(1.00863 0.0156073 0)
(1.02373 0.0279523 0)
(1.017 0.0208604 0)
(1.03527 0.0321265 0)
(1.02734 0.0250367 0)
(1.04773 0.0345495 0)
(1.039 0.0278815 0)
(1.06034 0.035067 0)
(1.05131 0.0292074 0)
(1.07237 0.03373 0)
(1.06357 0.0289343 0)
(1.08327 0.0308386 0)
(1.07509 0.0271822 0)
(1.09268 0.0268567 0)
(1.08539 0.0242871 0)
(1.10041 0.0222786 0)
(1.09415 0.0206715 0)
(1.10643 0.0175274 0)
(1.10126 0.0167308 0)
(1.11088 0.0128937 0)
(1.10671 0.0127703 0)
(1.11392 0.00851417 0)
(1.11064 0.00896721 0)
(1.11573 0.0043965 0)
(1.11319 0.00537628 0)
(1.11644 0.000425875 0)
(1.11451 0.0019725 0)
(1.11616 -0.00362477 0)
(1.1147 -0.00140493 0)
(1.11496 -0.00804041 0)
(1.11378 -0.00502831 0)
(1.11286 -0.0131945 0)
(1.11174 -0.00915322 0)
(1.10991 -0.0195873 0)
(1.10854 -0.0142101 0)
(1.10615 -0.0277814 0)
(1.10407 -0.0207506 0)
(1.10171 -0.0382205 0)
(1.09818 -0.0293651 0)
(1.09665 -0.0504939 0)
(1.09081 -0.0402702 0)
(1.09064 -0.0634318 1.0677e-33)
(1.08113 -0.0522122 0)
(1.08313 -0.0764588 1.965e-36)
(1.06996 -0.0642771 1.0677e-33)
(1.07135 -0.0862638 -1.06674e-33)
(1.05715 -0.0753402 -1.06674e-33)
(1.04417 -0.0894309 1.07997e-17)
(1.02054 -0.074374 0)
(1.00674 -0.0626997 1.07997e-17)
(0.949445 -0.0663732 4.77823e-17)
(1.20571 -0.0180321 0)
(0.438619 0.321031 0)
(0.238093 0 0)
(0 -0.00830567 0)
(0.00329768 0 0)
(0 0.000504427 0)
(0.00561683 0 0)
(0 0.0004034 0)
(0.0115107 0 0)
(0 0.00053614 0)
(0.0257589 0 0)
(0 0.000732928 0)
(0.0460856 0 0)
(0 0.0017003 0)
(0.102055 0 0)
(0 0.00130264 0)
(0.28471 0 0)
(0 0.00411506 0)
(0.610353 0.00892742 6.16956e-18)
(0 0.0143214 0)
(0.96559 0.0466229 -1.66869e-18)
(0.475633 0.0291916 6.16956e-18)
(1.01237 0.0929171 -7.83825e-18)
(0.97555 0.0586871 -7.83825e-18)
(1.04648 0.107511 0)
(1.01367 0.0921075 0)
(1.06991 0.0939146 0)
(1.04189 0.0903727 0)
(1.08593 0.0718871 0)
(1.06665 0.0729421 0)
(1.09694 0.0514097 0)
(1.08412 0.0533252 0)
(1.10472 0.0357438 0)
(1.09596 0.0373 0)
(1.11042 0.0247456 0)
(1.10439 0.025664 0)
(1.11469 0.0173379 0)
(1.11048 0.0177499 0)
(1.11793 0.0123932 0)
(1.11491 0.0125009 0)
(1.12041 0.00905634 0)
(1.11819 0.00900502 0)
(1.12234 0.00675743 0)
(1.12067 0.0066357 0)
(1.12383 0.00513149 0)
(1.12256 0.00499169 0)
(1.12501 0.00394848 0)
(1.12402 0.00381499 0)
(1.12592 0.00306454 0)
(1.12516 0.00294867 0)
(1.12664 0.00238986 0)
(1.12605 0.00229462 0)
(1.12721 0.00186781 0)
(1.12674 0.00179182 0)
(1.12765 0.00146156 0)
(1.12729 0.00140118 0)
(1.12799 0.00114508 0)
(1.12771 0.00109691 0)
(1.12826 0.000897833 0)
(1.12804 0.00085956 0)
(1.12847 0.000703506 0)
(1.12831 0.000673725 0)
(1.12864 0.000550231 0)
(1.12851 0.000527264 0)
(1.12877 0.000429371 0)
(1.12867 0.000411748 0)
(1.12887 0.000334458 0)
(1.12879 0.000320719 0)
(1.12894 0.00026056 0)
(1.12889 0.000249685 0)
(1.129 0.000203015 0)
(1.12896 0.000194808 0)
(1.12905 0.000157794 0)
(1.12902 0.000151957 0)
(1.12909 0.000122056 0)
(1.12907 0.000117996 0)
(1.12912 9.38168e-05 0)
(1.1291 9.11077e-05 0)
(1.12914 7.16005e-05 0)
(1.12913 6.98843e-05 0)
(1.12916 5.45072e-05 0)
(1.12915 5.33086e-05 0)
(1.12917 4.15291e-05 0)
(1.12917 4.06619e-05 0)
(1.12918 3.12866e-05 0)
(1.12918 3.07247e-05 0)
(1.12918 2.29752e-05 0)
(1.12919 2.26639e-05 0)
(1.12919 1.61703e-05 0)
(1.1292 1.61996e-05 0)
(1.12919 9.81384e-06 0)
(1.1292 1.07498e-05 0)
(1.12921 5.12484e-06 0)
(1.00134 0.00497846 0)
(1.00038 0.0018292 0)
(1.00541 0.0098061 0)
(1.00259 0.00551522 0)
(1.012 0.0142169 0)
(1.00765 0.00901661 0)
(1.02075 0.0179464 0)
(1.01517 0.0121103 0)
(1.03117 0.0207719 0)
(1.02459 0.0146154 0)
(1.04268 0.0225075 0)
(1.03541 0.0163714 0)
(1.05463 0.0230343 0)
(1.04706 0.0172556 0)
(1.06635 0.0223466 0)
(1.05892 0.017212 0)
(1.07725 0.0205986 0)
(1.07031 0.0162819 0)
(1.0869 0.0180788 0)
(1.08069 0.0146396 0)
(1.09504 0.0151113 0)
(1.08971 0.0125364 0)
(1.10156 0.0119744 0)
(1.09717 0.0102082 0)
(1.1065 0.00886012 0)
(1.10302 0.00783502 0)
(1.10994 0.00586252 0)
(1.10731 0.00552128 0)
(1.11202 0.00300027 0)
(1.11012 0.00329694 0)
(1.11283 0.000198135 0)
(1.11155 0.0011612 0)
(1.11239 -0.00272907 0)
(1.11169 -0.000959009 0)
(1.11066 -0.00601748 0)
(1.11049 -0.00330051 0)
(1.10754 -0.00999293 0)
(1.10779 -0.00603928 0)
(1.10285 -0.015128 0)
(1.10339 -0.00951137 0)
(1.09626 -0.0220007 0)
(1.09685 -0.0141666 0)
(1.08743 -0.0309373 0)
(1.08757 -0.020528 0)
(1.07573 -0.0413734 0)
(1.07458 -0.0285716 0)
(1.0609 -0.0525187 0)
(1.0569 -0.0373887 0)
(1.04359 -0.0630619 0)
(1.03521 -0.0469615 4.53865e-33)
(1.02274 -0.0623983 0)
(1.00647 -0.0544905 -4.57374e-33)
(0.990465 -0.0435193 3.69826e-17)
(0.931267 -0.0420983 0)
(1.66483 -0.0150749 3.69826e-17)
(0.794048 0.0040207 3.88271e-17)
(0.42658 0 0)
(0 0.000702481 0)
(0.00163828 0 0)
(0 0 0)
(0.00158647 0 0)
(0 -5.33752e-06 0)
(0.00351506 0 0)
(0 -6.50464e-05 0)
(0.00756984 0 0)
(0 -3.20917e-05 0)
(0.0159281 0 0)
(0 0.000663347 0)
(0.0281161 0 0)
(0 -5.03597e-05 0)
(0.067185 0 0)
(0 -1.63493e-06 0)
(0.160253 0 0)
(0 0.00260796 0)
(0.387519 0 0)
(0 0.00468336 0)
(0.782961 0.0181874 0)
(0 0.0112622 0)
(0.96904 0.054369 0)
(0.950845 0.0261859 3.13812e-19)
(1.00722 0.0737314 0)
(0.979607 0.0539279 0)
(1.04015 0.0685868 0)
(1.01212 0.0574389 0)
(1.06531 0.0538866 0)
(1.04515 0.0477882 0)
(1.08334 0.0388353 0)
(1.06991 0.0352897 0)
(1.09593 0.0269344 0)
(1.08677 0.0247101 0)
(1.10468 0.0184645 0)
(1.09845 0.016914 0)
(1.11084 0.0127673 0)
(1.1066 0.0115873 0)
(1.11527 0.00900742 0)
(1.11229 0.00807294 0)
(1.11852 0.00650842 0)
(1.11636 0.00575853 0)
(1.12095 0.00481386 0)
(1.11934 0.00420965 0)
(1.12279 0.00363274 0)
(1.12158 0.00314769 0)
(1.12421 0.00278364 0)
(1.12328 0.00239617 0)
(1.12531 0.00215517 0)
(1.12459 0.00184742 0)
(1.12617 0.0016788 0)
(1.12561 0.00143585 0)
(1.12684 0.00131177 0)
(1.1264 0.00112082 0)
(1.12736 0.00102657 0)
(1.12702 0.00087673 0)
(1.12777 0.00080418 0)
(1.12751 0.00068654 0)
(1.1281 0.000630277 0)
(1.12789 0.000537968 0)
(1.12835 0.000493701 0)
(1.12819 0.000421528 0)
(1.12855 0.000386127 0)
(1.12842 0.000329935 0)
(1.1287 0.000301438 0)
(1.1286 0.00025778 0)
(1.12882 0.000235052 0)
(1.12874 0.000201037 0)
(1.12891 0.000183318 0)
(1.12885 0.00015664 0)
(1.12899 0.000142983 0)
(1.12894 0.000122105 0)
(1.12904 0.000111278 0)
(1.12901 9.50819e-05 0)
(1.12909 8.6252e-05 0)
(1.12906 7.37658e-05 0)
(1.12912 6.64893e-05 0)
(1.1291 5.69178e-05 0)
(1.12915 5.09068e-05 0)
(1.12913 4.35959e-05 0)
(1.12917 3.87523e-05 0)
(1.12916 3.31438e-05 0)
(1.12918 2.92849e-05 0)
(1.12918 2.50879e-05 0)
(1.1292 2.17565e-05 0)
(1.12919 1.87646e-05 0)
(1.1292 1.56746e-05 0)
(1.1292 1.36275e-05 0)
(1.12921 1.0623e-05 0)
(1.12921 9.48819e-06 0)
(1.12922 5.97769e-06 0)
(1.12922 5.89386e-06 0)
(1.12922 2.31845e-06 0)
(1.00123 0.00241649 0)
(1.00035 0.000603315 0)
(1.00493 0.00476669 0)
(1.00241 0.00180629 0)
(1.01099 0.00693173 0)
(1.00719 0.00295691 0)
(1.01912 0.00878273 0)
(1.01431 0.00398193 0)
(1.02892 0.0102054 0)
(1.02331 0.00481531 0)
(1.03989 0.0111032 0)
(1.03373 0.00540578 0)
(1.05143 0.0114134 0)
(1.04505 0.00571139 0)
(1.06293 0.0111255 0)
(1.0567 0.00571292 0)
(1.07379 0.0103034 0)
(1.068 0.00542031 0)
(1.08355 0.00908291 0)
(1.0784 0.00488702 0)
(1.09189 0.00762424 0)
(1.08753 0.00419586 0)
(1.09867 0.00606571 0)
(1.09516 0.00342577 0)
(1.10387 0.00450105 0)
(1.10118 0.00263663 0)
(1.10753 0.00297307 0)
(1.10564 0.0018627 0)
(1.10971 0.00148984 0)
(1.10857 0.00111232 0)
(1.11051 4.93407e-05 0)
(1.11006 0.000366924 0)
(1.1099 -0.00146798 0)
(1.11006 -0.000353539 0)
(1.10775 -0.00323049 0)
(1.10869 -0.00114787 0)
(1.10381 -0.00541017 0)
(1.10561 -0.00210315 0)
(1.09763 -0.00829907 0)
(1.10047 -0.00333351 0)
(1.08847 -0.0122517 0)
(1.09264 -0.00499894 0)
(1.07523 -0.017396 0)
(1.08117 -0.00729268 0)
(1.05678 -0.0232283 0)
(1.06436 -0.0101223 0)
(1.03244 -0.0291211 4.53865e-33)
(1.04193 -0.013043 0)
(1.00124 -0.0327463 -8.44633e-35)
(1.01373 -0.0157629 4.53865e-33)
(0.963177 -0.0246749 -4.57374e-33)
(0.974589 -0.0164267 -4.57374e-33)
(0.931222 -0.00650586 1.84444e-18)
(0.875756 -0.0101429 0)
(1.05438 0.00144151 1.84444e-18)
(0.705891 -0.00808059 1.84444e-18)
(0.136112 0 0)
(0 0.00071949 0)
(0.00149362 0 0)
(0 0 0)
(0.00141194 0 0)
(0 -1.96487e-07 0)
(0.0028348 0 0)
(0 -1.09006e-05 0)
(0.00678594 0 0)
(0 0.000414249 0)
(0.0118779 0 0)
(0 -2.05924e-05 0)
(0.0238948 0 0)
(0 -3.65537e-06 0)
(0.054307 0 0)
(0 0.00139391 0)
(0.103933 0 0)
(0 0.000175348 0)
(0.263253 0 0)
(0 0.000574122 0)
(0.61552 0.00473361 3.13812e-19)
(0 0.00233973 0)
(0.94492 0.0212651 3.13812e-19)
(0.945163 0.00620088 3.13812e-19)
(0.981708 0.0359378 0)
(0.962801 0.0171392 0)
(1.01953 0.0359053 0)
(0.995563 0.0196213 0)
(1.05071 0.0287854 0)
(1.03303 0.0166055 0)
(1.07364 0.020907 0)
(1.06184 0.0123605 0)
(1.08968 0.014512 0)
(1.08156 0.00866876 0)
(1.10067 0.00990517 0)
(1.09511 0.00591963 0)
(1.10823 0.00679443 0)
(1.10446 0.0040328 0)
(1.11351 0.00475351 0)
(1.11087 0.00279452 0)
(1.11728 0.00340903 0)
(1.11538 0.00198281 0)
(1.12005 0.00250662 0)
(1.11864 0.00144373 0)
(1.12212 0.00188373 0)
(1.12106 0.00107629 0)
(1.1237 0.00143958 0)
(1.12289 0.000817846 0)
(1.12492 0.00111288 0)
(1.12429 0.000629923 0)
(1.12586 0.000866388 0)
(1.12537 0.000489511 0)
(1.1266 0.000677029 0)
(1.12622 0.000382246 0)
(1.12718 0.000530028 0)
(1.12688 0.000299243 0)
(1.12763 0.000415318 0)
(1.1274 0.000234487 0)
(1.12798 0.000325505 0)
(1.1278 0.000183841 0)
(1.12826 0.00025496 0)
(1.12812 0.000144072 0)
(1.12848 0.000199447 0)
(1.12837 0.000112801 0)
(1.12865 0.000155761 0)
(1.12856 8.81572e-05 0)
(1.12878 0.000121467 0)
(1.12871 6.87894e-05 0)
(1.12888 9.46497e-05 0)
(1.12883 5.35637e-05 0)
(1.12896 7.3691e-05 0)
(1.12892 4.16608e-05 0)
(1.12903 5.72162e-05 0)
(1.129 3.22911e-05 0)
(1.12908 4.42126e-05 0)
(1.12905 2.48975e-05 0)
(1.12911 3.39369e-05 0)
(1.12909 1.90349e-05 0)
(1.12914 2.58468e-05 0)
(1.12913 1.43764e-05 0)
(1.12917 1.95146e-05 0)
(1.12915 1.06886e-05 0)
(1.12918 1.45463e-05 0)
(1.12917 7.78682e-06 0)
(1.1292 1.05645e-05 0)
(1.12919 5.48292e-06 0)
(1.12921 7.36691e-06 0)
(1.1292 3.58471e-06 0)
(1.12921 4.67188e-06 0)
(1.12921 2.07131e-06 0)
(1.12922 2.14021e-06 0)
(1.12922 6.63625e-07 0)
(1.12922 -7.33379e-07 0)
(1.00118 1.14095e-05 0)
(1.00035 -0.000580867 0)
(1.00477 1.29785e-05 0)
(1.00241 -0.00178228 0)
(1.01066 1.41008e-05 0)
(1.00719 -0.00292855 0)
(1.01859 1.33434e-05 0)
(1.01431 -0.00395404 0)
(1.0282 1.13163e-05 0)
(1.02331 -0.00479032 0)
(1.03899 8.28208e-06 0)
(1.03374 -0.00538594 0)
(1.0504 4.5989e-06 0)
(1.04505 -0.0056984 0)
(1.06182 8.10986e-07 0)
(1.0567 -0.00570764 0)
(1.07266 -2.50061e-06 0)
(1.068 -0.00542233 0)
(1.08245 -4.95344e-06 0)
(1.0784 -0.00489488 0)
(1.09085 -6.38572e-06 0)
(1.08753 -0.00420766 0)
(1.09772 -6.81241e-06 0)
(1.09516 -0.00343934 0)
(1.103 -6.33393e-06 0)
(1.10119 -0.00265016 0)
(1.10674 -5.07094e-06 0)
(1.10564 -0.00187443 0)
(1.10897 -2.92932e-06 0)
(1.10857 -0.001121 0)
(1.10971 -4.88376e-07 0)
(1.11006 -0.000370979 0)
(1.109 2.32682e-06 0)
(1.11006 0.000354619 0)
(1.1067 6.38383e-06 0)
(1.1087 0.00115576 0)
(1.10248 1.1986e-05 0)
(1.10562 0.00211988 0)
(1.09578 1.90536e-05 0)
(1.10048 0.00336237 0)
(1.08574 2.61022e-05 0)
(1.09265 0.00504289 0)
(1.07109 3.17788e-05 0)
(1.08118 0.00735226 0)
(1.05078 3.66747e-05 0)
(1.06439 0.0101959 0)
(1.0246 2.94672e-05 0)
(1.04194 0.0131327 0)
(0.993038 -2.32795e-05 0)
(1.01375 0.0158014 0)
(0.960342 -0.000102371 0)
(0.974593 0.0162698 0)
(0.940378 -0.000112113 0)
(0.875755 0.00982125 0)
(1.0146 -4.29271e-05 0)
(0.7059 0.00791748 -1.84453e-18)
(0.142894 0 0)
(0 -0.000785071 0)
(0.00149435 0 0)
(0 0 0)
(0.00129231 0 0)
(0 1.96335e-07 0)
(0.00318746 0 0)
(0 1.0925e-05 0)
(0.00507293 0 0)
(0 -0.000414094 0)
(0.0104408 0 0)
(0 2.08133e-05 0)
(0.0244001 0 0)
(0 9.67826e-06 0)
(0.0433692 0 0)
(0 -0.00174073 0)
(0.0960511 0 0)
(0 -0.000185996 0)
(0.241499 0 0)
(0 -0.000576857 0)
(0.599859 2.19892e-06 0)
(0 -0.00233869 0)
(0.938777 5.25017e-07 0)
(0.945167 -0.006192 -3.13202e-19)
(0.973051 1.44817e-06 0)
(0.962789 -0.0171348 0)
(1.01227 1.29793e-05 0)
(0.995535 -0.0196016 0)
(1.04544 2.28278e-05 0)
(1.03301 -0.0165656 0)
(1.07012 2.34251e-05 0)
(1.06182 -0.0123118 0)
(1.08742 1.5683e-05 0)
(1.08154 -0.00863233 0)
(1.09924 7.37484e-06 0)
(1.0951 -0.00590193 0)
(1.1073 2.94461e-06 0)
(1.10446 -0.00402614 0)
(1.11289 1.10089e-06 0)
(1.11087 -0.00279256 0)
(1.11685 6.30171e-07 0)
(1.11538 -0.0019822 0)
(1.11974 7.63194e-07 0)
(1.11864 -0.00144277 0)
(1.12189 9.91762e-07 0)
(1.12106 -0.00107456 0)
(1.12352 1.1883e-06 0)
(1.12289 -0.000815662 0)
(1.12478 1.31984e-06 0)
(1.12429 -0.000627424 0)
(1.12576 1.40995e-06 0)
(1.12537 -0.000486747 0)
(1.12652 1.4507e-06 0)
(1.12622 -0.000379362 0)
(1.12711 1.41674e-06 0)
(1.12688 -0.000296306 0)
(1.12758 1.29686e-06 0)
(1.1274 -0.000231738 0)
(1.12794 1.11785e-06 0)
(1.1278 -0.000181396 0)
(1.12823 9.26522e-07 0)
(1.12812 -0.000142017 0)
(1.12845 7.54608e-07 0)
(1.12837 -0.000111105 0)
(1.12863 5.94284e-07 0)
(1.12856 -8.68012e-05 0)
(1.12877 4.20201e-07 0)
(1.12871 -6.77467e-05 0)
(1.12887 2.17521e-07 0)
(1.12883 -5.29141e-05 0)
(1.12896 -5.66602e-09 0)
(1.12892 -4.14368e-05 0)
(1.12902 -2.27523e-07 0)
(1.12899 -3.2527e-05 0)
(1.12907 -4.3625e-07 0)
(1.12905 -2.55639e-05 0)
(1.12911 -6.37051e-07 0)
(1.12909 -2.00992e-05 0)
(1.12914 -8.42298e-07 0)
(1.12913 -1.58491e-05 0)
(1.12916 -1.05734e-06 0)
(1.12915 -1.25746e-05 0)
(1.12918 -1.27513e-06 0)
(1.12917 -1.01174e-05 0)
(1.1292 -1.48997e-06 0)
(1.12919 -8.23711e-06 0)
(1.12921 -1.68844e-06 0)
(1.1292 -6.76329e-06 0)
(1.12921 -1.89334e-06 0)
(1.12921 -5.60806e-06 0)
(1.12922 -2.15241e-06 0)
(1.12922 -4.64523e-06 0)
(1.12922 -3.83305e-06 0)
(1.00122 -0.00239312 0)
(1.00037 -0.00180413 0)
(1.00493 -0.00474044 0)
(1.00259 -0.00549219 0)
(1.01099 -0.00690366 0)
(1.00765 -0.0089887 0)
(1.01912 -0.00875653 0)
(1.01517 -0.0120837 0)
(1.02892 -0.0101832 0)
(1.02459 -0.0145917 0)
(1.03989 -0.011087 0)
(1.03542 -0.0163526 0)
(1.05144 -0.0114044 0)
(1.04706 -0.0172433 0)
(1.06294 -0.0111239 0)
(1.05893 -0.0172069 0)
(1.0738 -0.0103083 0)
(1.07031 -0.0162838 0)
(1.08355 -0.00909271 0)
(1.08069 -0.0146473 0)
(1.09189 -0.00763691 0)
(1.08971 -0.0125479 0)
(1.09867 -0.00607928 0)
(1.09717 -0.0102216 0)
(1.10387 -0.00451374 0)
(1.10302 -0.00784845 0)
(1.10753 -0.00298345 0)
(1.10731 -0.00553318 0)
(1.10971 -0.00149682 0)
(1.11012 -0.00330611 0)
(1.11051 -5.1518e-05 0)
(1.11156 -0.00116666 0)
(1.10991 0.00147193 0)
(1.1117 0.000958549 0)
(1.10775 0.00324185 0)
(1.1105 0.00330588 0)
(1.10382 0.00543135 0)
(1.10781 0.006052 0)
(1.09765 0.00833372 0)
(1.10341 0.00953362 0)
(1.08849 0.0123035 0)
(1.09688 0.0142011 0)
(1.07527 0.0174676 0)
(1.08762 0.0205768 0)
(1.05682 0.0233236 0)
(1.07466 0.028644 0)
(1.03246 0.0292015 0)
(1.05696 0.0374959 0)
(1.00127 0.0327134 0)
(1.0354 0.0469959 0)
(0.96319 0.0244968 0)
(1.00667 0.054347 0)
(0.931182 0.00630753 -1.84453e-18)
(0.931404 0.0418295 0)
(1.05441 -0.00152066 -1.84453e-18)
(0.794114 -0.00421367 -3.88295e-17)
(0.136086 0 0)
(0 -0.000788548 0)
(0.00149363 0 0)
(0 0 0)
(0.00141203 0 0)
(0 5.34095e-06 0)
(0.00283473 0 0)
(0 6.5073e-05 0)
(0.0067795 0 0)
(0 3.21383e-05 0)
(0.0118122 0 0)
(0 -0.000662152 0)
(0.0235721 0 0)
(0 5.52148e-05 0)
(0.0542085 0 0)
(0 1.52588e-05 0)
(0.103933 0 0)
(0 -0.00260869 0)
(0.263259 0 0)
(0 -0.00467996 0)
(0.615527 -0.0047292 -3.13202e-19)
(0 -0.011253 0)
(0.944913 -0.0212507 -3.13202e-19)
(0.950843 -0.0261631 -3.13202e-19)
(0.981669 -0.035914 0)
(0.979575 -0.0538915 0)
(1.01947 -0.0358709 0)
(1.01206 -0.0574017 0)
(1.05065 -0.0287418 0)
(1.04509 -0.0477502 0)
(1.0736 -0.0208684 0)
(1.06987 -0.0352558 0)
(1.08966 -0.0144892 0)
(1.08675 -0.0246923 0)
(1.10066 -0.00989552 0)
(1.09844 -0.0169067 0)
(1.10822 -0.00679161 0)
(1.1066 -0.0115859 0)
(1.1135 -0.0047531 0)
(1.11229 -0.00807348 0)
(1.11728 -0.00340874 0)
(1.11636 -0.00575883 0)
(1.12005 -0.00250567 0)
(1.11934 -0.00420924 0)
(1.12212 -0.00188209 0)
(1.12158 -0.00314632 0)
(1.1237 -0.0014374 0)
(1.12328 -0.00239421 0)
(1.12491 -0.00111038 0)
(1.12459 -0.00184506 0)
(1.12586 -0.000863668 0)
(1.12561 -0.00143322 0)
(1.1266 -0.000674204 0)
(1.1264 -0.00111803 0)
(1.12718 -0.000527257 0)
(1.12702 -0.000873914 0)
(1.12763 -0.000412779 0)
(1.12751 -0.000683869 0)
(1.12798 -0.000323309 0)
(1.12789 -0.000535614 0)
(1.12826 -0.00025314 0)
(1.12818 -0.000419533 0)
(1.12848 -0.000197965 0)
(1.12842 -0.000328302 0)
(1.12865 -0.0001546 0)
(1.1286 -0.000256471 0)
(1.12878 -0.000120655 0)
(1.12874 -0.00020006 0)
(1.12888 -9.42454e-05 0)
(1.12885 -0.000156046 0)
(1.12896 -7.37269e-05 0)
(1.12894 -0.000121943 0)
(1.12903 -5.76955e-05 0)
(1.12901 -9.53677e-05 0)
(1.12908 -4.51017e-05 0)
(1.12906 -7.44721e-05 0)
(1.12911 -3.52255e-05 0)
(1.1291 -5.80189e-05 0)
(1.12914 -2.75422e-05 0)
(1.12913 -4.50884e-05 0)
(1.12917 -2.16331e-05 0)
(1.12916 -3.50492e-05 0)
(1.12918 -1.70932e-05 0)
(1.12918 -2.74219e-05 0)
(1.1292 -1.35275e-05 0)
(1.12919 -2.15044e-05 0)
(1.12921 -1.07159e-05 0)
(1.1292 -1.67626e-05 0)
(1.12921 -8.40934e-06 0)
(1.12921 -1.29629e-05 0)
(1.12922 -6.37684e-06 0)
(1.12922 -9.801e-06 0)
(1.12922 -6.80453e-06 0)
(1.00134 -0.00495377 0)
(1.00042 -0.00314695 0)
(1.00541 -0.00978161 0)
(1.00292 -0.00955539 0)
(1.012 -0.0141906 0)
(1.00863 -0.0155803 0)
(1.02075 -0.0179225 0)
(1.017 -0.0208356 0)
(1.03117 -0.0207516 0)
(1.02734 -0.0250149 0)
(1.04268 -0.0224926 0)
(1.039 -0.0278641 0)
(1.05464 -0.0230261 0)
(1.05132 -0.0291961 0)
(1.06636 -0.0223452 0)
(1.06358 -0.0289297 0)
(1.07726 -0.0206034 0)
(1.0751 -0.0271841 0)
(1.08691 -0.0180883 0)
(1.08539 -0.0242945 0)
(1.09504 -0.0151237 0)
(1.09416 -0.0206826 0)
(1.10156 -0.0119878 0)
(1.10126 -0.0167439 0)
(1.1065 -0.00887293 0)
(1.10672 -0.0127836 0)
(1.10995 -0.00587344 0)
(1.11064 -0.00897944 0)
(1.11203 -0.0030082 0)
(1.11319 -0.00538634 0)
(1.11284 -0.000202062 0)
(1.11451 -0.00197951 0)
(1.11239 0.00272999 0)
(1.11471 0.00140207 0)
(1.11067 0.00602415 0)
(1.11379 0.00502977 0)
(1.10756 0.0100066 0)
(1.11176 0.00915976 0)
(1.10287 0.0151496 0)
(1.10857 0.0142222 0)
(1.09631 0.0220306 0)
(1.1041 0.0207672 0)
(1.0875 0.0309811 0)
(1.09824 0.0293823 0)
(1.07585 0.0414408 0)
(1.09092 0.0402958 0)
(1.0611 0.0525458 0)
(1.08127 0.0522457 0)
(1.04389 0.0629626 0)
(1.07024 0.0642087 0)
(1.02305 0.0622015 0)
(1.0575 0.075189 0)
(0.990591 0.0433366 -3.6985e-17)
(1.02078 0.0742899 0)
(1.66521 0.0150031 -3.6985e-17)
(0.949552 0.0664188 -4.77847e-17)
(0.426692 0 0)
(0.438635 -0.321017 0)
(0.00163842 0 0)
(0 0.00831497 0)
(0.00158673 0 0)
(0 -0.000504488 0)
(0.00351539 0 0)
(0 -0.000403365 0)
(0.0075687 0 0)
(0 -0.000536017 0)
(0.0159234 0 0)
(0 -0.000732864 0)
(0.0281179 0 0)
(0 -0.00169959 0)
(0.0671842 0 0)
(0 -0.00129637 0)
(0.160261 0 0)
(0 -0.00411138 0)
(0.387538 0 0)
(0 -0.0143111 0)
(0.782979 -0.0181718 0)
(0.475634 -0.0291627 -6.15408e-18)
(0.969015 -0.0543288 0)
(0.975531 -0.0586404 7.87733e-18)
(1.00717 -0.0736835 0)
(1.01364 -0.0920476 0)
(1.0401 -0.0685463 0)
(1.04185 -0.0903278 0)
(1.06526 -0.0538585 0)
(1.06661 -0.0729135 0)
(1.08332 -0.0388217 0)
(1.0841 -0.0533132 0)
(1.09592 -0.0269315 0)
(1.09596 -0.0372994 0)
(1.10468 -0.0184654 0)
(1.10439 -0.0256646 0)
(1.11085 -0.0127693 0)
(1.11049 -0.0177507 0)
(1.11527 -0.00900881 0)
(1.11491 -0.0125011 0)
(1.11852 -0.00650874 0)
(1.11819 -0.00900453 0)
(1.12094 -0.0048132 0)
(1.12067 -0.00663465 0)
(1.12279 -0.00363124 0)
(1.12256 -0.00498993 0)
(1.12421 -0.00278161 0)
(1.12402 -0.00381286 0)
(1.12531 -0.0021528 0)
(1.12516 -0.00294622 0)
(1.12617 -0.00167621 0)
(1.12605 -0.00229204 0)
(1.12684 -0.00130908 0)
(1.12674 -0.00178909 0)
(1.12736 -0.00102392 0)
(1.12729 -0.00139849 0)
(1.12777 -0.000801756 0)
(1.12771 -0.00109436 0)
(1.1281 -0.000628183 0)
(1.12804 -0.000857338 0)
(1.12835 -0.000491959 0)
(1.1283 -0.000671817 0)
(1.12855 -0.000384721 0)
(1.12851 -0.000525739 0)
(1.1287 -0.000300358 0)
(1.12867 -0.000410526 0)
(1.12882 -0.00023433 0)
(1.12879 -0.000319861 0)
(1.12891 -0.000183 0)
(1.12889 -0.000249206 0)
(1.12899 -0.000143098 0)
(1.12896 -0.000194759 0)
(1.12904 -0.000111817 0)
(1.12902 -0.000152333 0)
(1.12909 -8.71924e-05 0)
(1.12907 -0.000118771 0)
(1.12912 -6.78138e-05 0)
(1.1291 -9.22706e-05 0)
(1.12915 -5.26204e-05 0)
(1.12913 -7.14119e-05 0)
(1.12917 -4.08741e-05 0)
(1.12915 -5.52473e-05 0)
(1.12918 -3.18099e-05 0)
(1.12917 -4.29989e-05 0)
(1.1292 -2.46687e-05 0)
(1.12918 -3.34235e-05 0)
(1.1292 -1.89346e-05 0)
(1.12919 -2.57177e-05 0)
(1.12921 -1.42663e-05 0)
(1.1292 -1.95682e-05 0)
(1.12922 -1.01397e-05 0)
(1.1292 -1.45148e-05 0)
(1.12921 -9.44116e-06 0)
(1.00156 -0.00784119 0)
(1.00051 -0.00470979 0)
(1.00628 -0.0154285 0)
(1.00352 -0.0142752 0)
(1.01385 -0.0222618 0)
(1.01033 -0.0231523 0)
(1.02374 -0.0279299 0)
(1.02016 -0.0307181 0)
(1.03527 -0.0321078 0)
(1.03203 -0.0365512 0)
(1.04774 -0.0345359 0)
(1.04504 -0.0403278 0)
(1.06034 -0.0350595 0)
(1.05832 -0.0418038 0)
(1.07238 -0.0337288 0)
(1.07109 -0.0409618 0)
(1.08328 -0.0308432 0)
(1.08272 -0.038089 0)
(1.09269 -0.0268658 0)
(1.09278 -0.0337016 0)
(1.10041 -0.0222905 0)
(1.10104 -0.028408 0)
(1.10644 -0.0175405 0)
(1.10749 -0.0227704 0)
(1.11088 -0.0129066 0)
(1.11224 -0.017227 0)
(1.11392 -0.00852564 0)
(1.11554 -0.0120171 0)
(1.11573 -0.00440567 0)
(1.11761 -0.00719797 0)
(1.11645 -0.000432 0)
(1.11864 -0.00269567 0)
(1.11617 0.00362221 0)
(1.11878 0.00168095 0)
(1.11497 0.0080416 0)
(1.11815 0.0062294 0)
(1.11288 0.0131993 0)
(1.11682 0.0112465 0)
(1.10994 0.0195939 0)
(1.11489 0.0171653 0)
(1.1062 0.0277848 0)
(1.11248 0.0245092 0)
(1.10178 0.0382193 0)
(1.10976 0.0337971 0)
(1.09677 0.050489 0)
(1.10712 0.0453071 0)
(1.09085 0.0633835 0)
(1.10441 0.058172 0)
(1.08338 0.0763531 0)
(1.10136 0.07168 0)
(1.07158 0.0862047 0)
(1.09739 0.0869885 0)
(1.04431 0.0895053 -1.07998e-17)
(1.07983 0.101554 0)
(1.00681 0.0628065 -1.07998e-17)
(1.03541 0.119348 -1.07998e-17)
(1.20577 0.0180666 0)
(0.965031 0.118287 -4.15974e-17)
(0.238071 0 0)
(0.47608 -0.257411 0)
(0.00329828 0 0)
(0 -0.00525777 0)
(0.00561783 0 0)
(0 -0.000751238 0)
(0.0115205 0 0)
(0 -0.000705704 0)
(0.0258028 0 0)
(0 -0.00132459 0)
(0.0461079 0 0)
(0 -0.0038778 0)
(0.102067 0 0)
(0 -0.00615923 0)
(0.28473 0 0)
(0 -0.00371877 0)
(0.610375 -0.00891732 -6.15408e-18)
(0.476191 -0.0569233 -1.56089e-18)
(0.96558 -0.0465841 1.72325e-18)
(0.975193 -0.0484564 -3.04519e-17)
(1.01234 -0.0928539 7.87733e-18)
(1.03067 -0.105808 7.87733e-18)
(1.04645 -0.107455 0)
(1.06189 -0.12616 0)
(1.06989 -0.0938812 0)
(1.08021 -0.113766 0)
(1.08593 -0.0718753 0)
(1.09313 -0.0889537 0)
(1.09695 -0.0514126 0)
(1.10136 -0.0643315 0)
(1.10474 -0.0357482 0)
(1.1072 -0.045091 0)
(1.11043 -0.0247472 0)
(1.11179 -0.0313586 0)
(1.1147 -0.0173377 0)
(1.11545 -0.0220132 0)
(1.11793 -0.012392 0)
(1.11835 -0.0157378 0)
(1.12042 -0.00905477 0)
(1.12064 -0.0114868 0)
(1.12234 -0.0067555 0)
(1.12245 -0.00855705 0)
(1.12383 -0.00512924 0)
(1.12389 -0.00648628 0)
(1.125 -0.00394603 0)
(1.12503 -0.00498348 0)
(1.12592 -0.00306196 0)
(1.12593 -0.00386409 0)
(1.12664 -0.00238721 0)
(1.12663 -0.00301179 0)
(1.12721 -0.00186516 0)
(1.12719 -0.00235235 0)
(1.12765 -0.00145903 0)
(1.12762 -0.00183801 0)
(1.12799 -0.00114278 0)
(1.12796 -0.00143774 0)
(1.12826 -0.000895843 0)
(1.12822 -0.00112701 0)
(1.12847 -0.000701854 0)
(1.12843 -0.00088376 0)
(1.12864 -0.000548927 0)
(1.12859 -0.000691532 0)
(1.12877 -0.000428409 0)
(1.12872 -0.000539429 0)
(1.12887 -0.000333875 0)
(1.12882 -0.000419608 0)
(1.12894 -0.000260375 0)
(1.1289 -0.000326421 0)
(1.129 -0.000203247 0)
(1.12895 -0.000255299 0)
(1.12905 -0.000158419 0)
(1.129 -0.000199797 0)
(1.12909 -0.00012306 0)
(1.12904 -0.000155467 0)
(1.12912 -9.51863e-05 0)
(1.12906 -0.000120669 0)
(1.12914 -7.33531e-05 0)
(1.12908 -9.34668e-05 0)
(1.12915 -5.66715e-05 0)
(1.1291 -7.20774e-05 0)
(1.12917 -4.40616e-05 0)
(1.12911 -5.55709e-05 0)
(1.12918 -3.41482e-05 0)
(1.12912 -4.28997e-05 0)
(1.12918 -2.61521e-05 0)
(1.12913 -3.28977e-05 0)
(1.12919 -1.96777e-05 0)
(1.12914 -2.49004e-05 0)
(1.12919 -1.37558e-05 0)
(1.12914 -1.84033e-05 0)
(1.12914 -1.16714e-05 0)
(1.00193 -0.0112955 0)
(1.00065 -0.00664343 0)
(1.00776 -0.0221137 0)
(1.00451 -0.0200994 0)
(1.01694 -0.0316547 0)
(1.01314 -0.0323343 0)
(1.02864 -0.0393318 0)
(1.02533 -0.0424147 0)
(1.0419 -0.0447324 0)
(1.03953 -0.049816 0)
(1.05571 -0.0475359 0)
(1.05438 -0.0541417 0)
(1.06915 -0.0476393 0)
(1.06887 -0.0552385 0)
(1.0815 -0.0452633 0)
(1.08218 -0.0533094 0)
(1.09226 -0.0409012 0)
(1.09373 -0.0488528 0)
(1.10116 -0.0352109 0)
(1.1032 -0.0426023 0)
(1.10814 -0.0288704 0)
(1.11052 -0.0353851 0)
(1.1133 -0.0224583 0)
(1.11582 -0.0279354 0)
(1.11691 -0.0163583 0)
(1.11942 -0.0208344 0)
(1.11925 -0.0107256 0)
(1.1217 -0.0143524 0)
(1.12056 -0.00553683 0)
(1.12298 -0.00850771 0)
(1.12101 -0.000649216 0)
(1.12351 -0.00315448 0)
(1.1208 0.0041899 0)
(1.12344 0.00189695 0)
(1.12005 0.00929252 0)
(1.12297 0.00697514 0)
(1.1189 0.0150205 0)
(1.12224 0.0124027 0)
(1.1175 0.0218237 0)
(1.12139 0.0185619 0)
(1.11612 0.0301789 0)
(1.12065 0.0258917 0)
(1.11511 0.0404579 0)
(1.12032 0.034806 0)
(1.11486 0.0525378 0)
(1.12089 0.0455541 0)
(1.11517 0.0660364 0)
(1.12272 0.0578648 0)
(1.11495 0.08186 0)
(1.12537 0.0719004 0)
(1.11166 0.101359 0)
(1.12865 0.0902719 0)
(1.09802 0.124926 0)
(1.12728 0.115199 0)
(1.07468 0.137017 -4.15974e-17)
(1.119 0.142689 0)
(1.05294 0.0818834 -4.15974e-17)
(1.10252 0.158715 -4.15974e-17)
(1.05133 0.0137382 0)
(1.03089 0.117747 -3.42573e-17)
(0.161431 0 0)
(0.46768 -0.253301 -3.8097e-17)
(0.0120112 0 0)
(0 -0.00144238 0)
(0.022239 0 0)
(0 0.00232612 0)
(0.0473271 0 0)
(0 -0.00615235 0)
(0.107966 0 0)
(0 -0.0131569 0)
(0.261106 0 0)
(0 -0.0282559 0)
(0.54769 -0.00372291 -1.56089e-18)
(0.491811 -0.111127 6.49431e-19)
(0.97285 -0.0360052 -2.58587e-17)
(0.994977 -0.037216 -8.9227e-18)
(1.03189 -0.0989022 -2.42978e-17)
(1.05969 -0.106208 -2.42978e-17)
(1.07507 -0.13684 0)
(1.10541 -0.148989 0)
(1.09509 -0.131252 0)
(1.11681 -0.146176 0)
(1.10417 -0.107951 0)
(1.11979 -0.122852 0)
(1.10864 -0.0806745 0)
(1.1191 -0.093425 0)
(1.11175 -0.0574851 0)
(1.11826 -0.0674373 0)
(1.11446 -0.0403491 0)
(1.11845 -0.0478056 0)
(1.11696 -0.0283826 0)
(1.11942 -0.0338576 0)
(1.11919 -0.0202392 0)
(1.12072 -0.0242452 0)
(1.12112 -0.014707 0)
(1.12207 -0.0176597 0)
(1.12273 -0.0108972 0)
(1.12332 -0.013097 0)
(1.12405 -0.00821811 0)
(1.12441 -0.00987719 0)
(1.12512 -0.00628833 0)
(1.12533 -0.00755442 0)
(1.12597 -0.00486288 0)
(1.12608 -0.00584001 0)
(1.12665 -0.00378551 0)
(1.12668 -0.00454628 0)
(1.12719 -0.00295651 0)
(1.12717 -0.0035509 0)
(1.12761 -0.0023114 0)
(1.12755 -0.00277412 0)
(1.12794 -0.00180787 0)
(1.12785 -0.00216575 0)
(1.1282 -0.00141534 0)
(1.12808 -0.00169236 0)
(1.1284 -0.00110836 0)
(1.12826 -0.00132772 0)
(1.12856 -0.000867049 0)
(1.1284 -0.00104238 0)
(1.12868 -0.000676614 0)
(1.12851 -0.000814892 0)
(1.12878 -0.000526093 0)
(1.12859 -0.000635566 0)
(1.12885 -0.000407924 0)
(1.12866 -0.0004946 0)
(1.12891 -0.0003174 0)
(1.12871 -0.000383735 0)
(1.12895 -0.000248858 0)
(1.12875 -0.000298522 0)
(1.12899 -0.000194984 0)
(1.12878 -0.000233156 0)
(1.12901 -0.000151855 0)
(1.1288 -0.000181695 0)
(1.12903 -0.000117983 0)
(1.12882 -0.000141114 0)
(1.12905 -9.14877e-05 0)
(1.12884 -0.000109326 0)
(1.12906 -7.06245e-05 0)
(1.12885 -8.4435e-05 0)
(1.12907 -5.42774e-05 0)
(1.12886 -6.49853e-05 0)
(1.12908 -4.15611e-05 0)
(1.12886 -4.98506e-05 0)
(1.12908 -3.15811e-05 0)
(1.12887 -3.79792e-05 0)
(1.12909 -2.36139e-05 0)
(1.12887 -2.857e-05 0)
(1.12909 -1.63323e-05 0)
(1.12887 -2.10612e-05 0)
(1.12887 -1.31863e-05 0)
(1.00256 -0.015689 0)
(1.0009 -0.00920161 0)
(1.01021 -0.0304831 0)
(1.00621 -0.0277538 0)
(1.02198 -0.0431391 0)
(1.01787 -0.0440971 0)
(1.03645 -0.0528631 0)
(1.03374 -0.0568895 0)
(1.05212 -0.0591479 0)
(1.05121 -0.0654898 0)
(1.06764 -0.0617503 0)
(1.06836 -0.0696602 0)
(1.08199 -0.0608121 0)
(1.08413 -0.0695831 0)
(1.09446 -0.0568066 0)
(1.09771 -0.0657865 0)
(1.1047 -0.050483 0)
(1.10861 -0.0590893 0)
(1.11257 -0.0427297 0)
(1.11676 -0.0504765 0)
(1.11821 -0.0344224 0)
(1.12229 -0.0410218 0)
(1.12193 -0.0263107 0)
(1.12565 -0.0316525 0)
(1.1242 -0.0188485 0)
(1.12743 -0.0231035 0)
(1.12544 -0.0121645 0)
(1.12822 -0.0155987 0)
(1.12596 -0.00617204 0)
(1.12835 -0.0090256 0)
(1.12594 -0.000676912 0)
(1.12813 -0.00313732 0)
(1.12562 0.00458681 0)
(1.12771 0.00222124 0)
(1.12517 0.00994398 0)
(1.12725 0.00742148 0)
(1.12474 0.0157382 0)
(1.12695 0.0128323 0)
(1.12453 0.0223587 0)
(1.12693 0.0187705 0)
(1.12483 0.0301844 0)
(1.12743 0.0255917 0)
(1.12603 0.0394735 0)
(1.12873 0.0336127 0)
(1.12863 0.050291 0)
(1.13124 0.0429497 0)
(1.13289 0.0629024 0)
(1.13546 0.0536041 0)
(1.1386 0.0789771 0)
(1.14155 0.0661974 0)
(1.14558 0.101637 0)
(1.15002 0.0832899 0)
(1.15277 0.131161 0)
(1.16082 0.108001 0)
(1.15552 0.158873 0)
(1.17477 0.139946 0)
(1.14462 0.158968 -3.42573e-17)
(1.18902 0.169608 0)
(1.11545 0.0973258 -7.23543e-17)
(1.17971 0.168292 -3.42573e-17)
(1.19135 0.0235935 -3.8097e-17)
(1.08838 0.110569 -7.9055e-17)
(0.476495 0 0)
(0.603093 -0.515106 -4.39025e-17)
(0.3079 0 0)
(0.554974 -0.35493 -1.04561e-18)
(0.322216 0 0)
(0.528608 -0.277933 -3.3738e-17)
(0.406538 0 0)
(0.53629 -0.265914 6.86378e-19)
(0.587646 -0.00966367 6.49431e-19)
(0.555627 -0.223732 5.72714e-17)
(1.0241 -0.045378 -6.71238e-18)
(1.07062 -0.0537823 1.83746e-17)
(1.07662 -0.108485 -7.36181e-18)
(1.12527 -0.117938 -7.36181e-18)
(1.13016 -0.154173 0)
(1.17005 -0.159749 0)
(1.14379 -0.156709 0)
(1.17529 -0.162618 0)
(1.14181 -0.136621 0)
(1.16415 -0.144199 0)
(1.13474 -0.107418 0)
(1.15055 -0.115783 0)
(1.12861 -0.0794995 0)
(1.13918 -0.0872903 0)
(1.12503 -0.0572792 0)
(1.1318 -0.0638602 0)
(1.1235 -0.0409843 0)
(1.12778 -0.0462712 0)
(1.12323 -0.0294792 0)
(1.1259 -0.0335939 0)
(1.12362 -0.0214828 0)
(1.12524 -0.0246366 0)
(1.12429 -0.0159155 0)
(1.1252 -0.0183283 0)
(1.12502 -0.0119844 0)
(1.12547 -0.0138278 0)
(1.12571 -0.0091483 0)
(1.12584 -0.0105595 0)
(1.1263 -0.00705521 0)
(1.12622 -0.0081486 0)
(1.1268 -0.0054795 0)
(1.12655 -0.00633899 0)
(1.12721 -0.0042737 0)
(1.12683 -0.00495564 0)
(1.12754 -0.00333742 0)
(1.12706 -0.00387713 0)
(1.12779 -0.00260267 0)
(1.12724 -0.00303147 0)
(1.12799 -0.00202727 0)
(1.12739 -0.00236676 0)
(1.12815 -0.00158513 0)
(1.1275 -0.00184486 0)
(1.12826 -0.00124752 0)
(1.12758 -0.00144302 0)
(1.12835 -0.000981039 0)
(1.12764 -0.00113193 0)
(1.12842 -0.000767484 0)
(1.12769 -0.000885676 0)
(1.12848 -0.000599052 0)
(1.12773 -0.000691045 0)
(1.12852 -0.000466756 0)
(1.12776 -0.000538048 0)
(1.12856 -0.000362822 0)
(1.12778 -0.000418063 0)
(1.12858 -0.000281837 0)
(1.1278 -0.000324695 0)
(1.1286 -0.00021915 0)
(1.12781 -0.000252425 0)
(1.12862 -0.000170352 0)
(1.12782 -0.000196146 0)
(1.12863 -0.000132113 0)
(1.12783 -0.000152136 0)
(1.12864 -0.000102153 0)
(1.12783 -0.000117735 0)
(1.12864 -7.87285e-05 0)
(1.12783 -9.08638e-05 0)
(1.12865 -6.04538e-05 0)
(1.12784 -6.98586e-05 0)
(1.12865 -4.61597e-05 0)
(1.12784 -5.34537e-05 0)
(1.12865 -3.48906e-05 0)
(1.12784 -4.05764e-05 0)
(1.12865 -2.59639e-05 0)
(1.12784 -3.035e-05 0)
(1.12866 -1.78797e-05 0)
(1.12784 -2.23156e-05 0)
(1.12784 -1.389e-05 0)
(1.00368 -0.021668 0)
(1.00137 -0.0128832 0)
(1.01443 -0.0415889 0)
(1.00933 -0.0385024 0)
(1.03031 -0.0578574 0)
(1.0261 -0.0599801 0)
(1.04877 -0.0694137 0)
(1.04743 -0.0753468 0)
(1.06755 -0.0758462 0)
(1.069 -0.0842646 0)
(1.08495 -0.0773203 0)
(1.08844 -0.0870679 0)
(1.09995 -0.0744068 0)
(1.10485 -0.084576 0)
(1.11188 -0.0679384 0)
(1.11761 -0.0777216 0)
(1.12065 -0.0589592 0)
(1.12632 -0.0678572 0)
(1.12648 -0.048688 0)
(1.1316 -0.0563132 0)
(1.12973 -0.0382266 0)
(1.13382 -0.0442642 0)
(1.1311 -0.0284435 0)
(1.13431 -0.0330244 0)
(1.13142 -0.0198802 0)
(1.13362 -0.0234276 0)
(1.13113 -0.0125428 0)
(1.13248 -0.0153014 0)
(1.13053 -0.00612598 0)
(1.13118 -0.00843417 0)
(1.12988 -0.000394841 0)
(1.13007 -0.00248499 0)
(1.12931 0.00490308 0)
(1.12923 0.00279301 0)
(1.129 0.0101727 0)
(1.12876 0.00772772 0)
(1.1291 0.0157376 0)
(1.12879 0.0127337 0)
(1.12978 0.0218408 0)
(1.1294 0.0180879 0)
(1.13125 0.0287724 0)
(1.1307 0.0241269 0)
(1.13379 0.0367487 0)
(1.13307 0.0310692 0)
(1.13784 0.0458137 0)
(1.13673 0.0388969 0)
(1.14385 0.0563162 0)
(1.14206 0.0475999 0)
(1.15234 0.0697541 0)
(1.14947 0.0577025 -3.86848e-33)
(1.16463 0.0886611 0)
(1.1598 0.071002 3.848e-33)
(1.18273 0.114178 0)
(1.17506 0.0898983 0)
(1.20851 0.144254 0)
(1.19756 0.114167 0)
(1.23698 0.165356 0)
(1.2309 0.141141 0)
(1.24911 0.163682 -4.09581e-17)
(1.26416 0.156157 0)
(1.2198 0.135619 -8.48606e-17)
(1.28008 0.152992 -4.09581e-17)
(1.16181 0.0763626 -4.49481e-17)
(1.28176 0.123998 -4.39025e-17)
(1.08478 0.0191709 -3.47836e-17)
(1.23599 0.0579865 -1.04561e-18)
(1.06218 -0.0125705 -3.30516e-17)
(1.20652 0.00676289 -3.3738e-17)
(1.09474 -0.0422682 5.79578e-17)
(1.21128 -0.0337473 6.86378e-19)
(1.13431 -0.081005 7.49966e-17)
(1.22742 -0.0835256 5.72714e-17)
(1.18385 -0.128203 1.77252e-17)
(1.2427 -0.124217 1.77252e-17)
(1.21582 -0.161134 0)
(1.25709 -0.149908 0)
(1.21222 -0.164667 0)
(1.24215 -0.156156 0)
(1.19445 -0.148795 0)
(1.2167 -0.144848 0)
(1.17295 -0.122498 0)
(1.18912 -0.122695 0)
(1.1547 -0.0948938 0)
(1.16614 -0.0975347 0)
(1.14217 -0.0711244 0)
(1.14979 -0.0747641 0)
(1.13451 -0.0524734 0)
(1.13922 -0.056197 0)
(1.13016 -0.0385934 0)
(1.13279 -0.0419244 0)
(1.12789 -0.028548 0)
(1.12904 -0.0313181 0)
(1.1268 -0.0213355 0)
(1.12693 -0.0235465 0)
(1.12636 -0.0161146 0)
(1.12576 -0.017891 0)
(1.12628 -0.0122865 0)
(1.12517 -0.0137486 0)
(1.12636 -0.00946021 0)
(1.12485 -0.0106329 0)
(1.12647 -0.00735358 0)
(1.12468 -0.00826508 0)
(1.12659 -0.00575715 0)
(1.12458 -0.00645327 0)
(1.12669 -0.00451783 0)
(1.12451 -0.00505467 0)
(1.12677 -0.00354036 0)
(1.12445 -0.00395913 0)
(1.12683 -0.00277124 0)
(1.12441 -0.00309763 0)
(1.12689 -0.00216643 0)
(1.12438 -0.00242039 0)
(1.12693 -0.0016914 0)
(1.12436 -0.00188856 0)
(1.12696 -0.00132066 0)
(1.12434 -0.00147437 0)
(1.12698 -0.00103181 0)
(1.12432 -0.00115209 0)
(1.127 -0.000805634 0)
(1.12431 -0.000899557 0)
(1.12701 -0.000627844 0)
(1.12429 -0.000701171 0)
(1.12701 -0.000488245 0)
(1.12428 -0.000545601 0)
(1.12702 -0.000379134 0)
(1.12427 -0.000423819 0)
(1.12702 -0.000294348 0)
(1.12426 -0.000328868 0)
(1.12703 -0.000228519 0)
(1.12425 -0.000255099 0)
(1.12703 -0.000177238 0)
(1.12425 -0.000197742 0)
(1.12703 -0.000137226 0)
(1.12424 -0.000153054 0)
(1.12703 -0.000106005 0)
(1.12424 -0.000118228 0)
(1.12703 -8.16365e-05 0)
(1.12424 -9.10812e-05 0)
(1.12703 -6.2598e-05 0)
(1.12423 -6.99066e-05 0)
(1.12703 -4.76922e-05 0)
(1.12423 -5.33619e-05 0)
(1.12703 -3.59173e-05 0)
(1.12423 -4.04228e-05 0)
(1.12703 -2.66359e-05 0)
(1.12423 -3.00808e-05 0)
(1.12703 -1.83033e-05 0)
(1.12423 -2.21189e-05 0)
(1.12423 -1.37695e-05 0)
(1.00589 -0.030401 0)
(1.0023 -0.0187719 0)
(1.02208 -0.0572173 0)
(1.01536 -0.0546891 0)
(1.04423 -0.0774209 0)
(1.04058 -0.082131 0)
(1.06791 -0.0899958 0)
(1.06892 -0.0990266 0)
(1.09 -0.0952306 0)
(1.09385 -0.106354 0)
(1.10843 -0.0940349 0)
(1.11358 -0.105499 0)
(1.12258 -0.087637 0)
(1.12762 -0.0987253 0)
(1.13207 -0.0775269 0)
(1.13673 -0.0872195 0)
(1.13719 -0.0651978 0)
(1.14007 -0.0729731 0)
(1.13891 -0.0519094 0)
(1.1403 -0.0580301 0)
(1.13837 -0.0391179 0)
(1.13796 -0.0437327 0)
(1.13671 -0.0280541 0)
(1.13469 -0.031363 0)
(1.13462 -0.0188643 0)
(1.13119 -0.0213394 0)
(1.13252 -0.0112019 0)
(1.12792 -0.0131937 0)
(1.1307 -0.00481099 0)
(1.12519 -0.00661302 0)
(1.12938 0.000653009 0)
(1.12322 -0.00117434 0)
(1.12864 0.00551661 0)
(1.12203 0.00354003 0)
(1.12849 0.0101419 0)
(1.1216 0.00787141 0)
(1.129 0.0149057 0)
(1.12193 0.0122301 0)
(1.13024 0.0201636 0)
(1.12305 0.0168422 0)
(1.13242 0.0261759 0)
(1.12502 0.0219479 0)
(1.13581 0.0329432 0)
(1.12814 0.0276789 0)
(1.14067 0.0403993 0)
(1.13257 0.0340374 0)
(1.14729 0.0487182 -3.86848e-33)
(1.13853 0.0409818 0)
(1.15635 0.0587152 -2.4752e-35)
(1.14634 0.0486359 -3.86848e-33)
(1.16932 0.0718745 3.848e-33)
(1.15656 0.0580308 3.848e-33)
(1.18892 0.0892205 0)
(1.17131 0.0702983 0)
(1.21783 0.110371 0)
(1.19274 0.0852571 0)
(1.25716 0.130834 0)
(1.22362 0.101808 0)
(1.29886 0.139335 0)
(1.26246 0.114462 0)
(1.33708 0.127587 0)
(1.30264 0.114769 0)
(1.36314 0.0937539 0)
(1.34097 0.0979357 0)
(1.36038 0.0435482 0)
(1.35759 0.0607471 0)
(1.35262 -0.00872833 0)
(1.35927 0.0145272 0)
(1.3485 -0.0586049 0)
(1.35434 -0.0296257 0)
(1.33561 -0.102661 0)
(1.34381 -0.0706363 0)
(1.31369 -0.131135 0)
(1.32257 -0.102303 0)
(1.2823 -0.14119 0)
(1.29127 -0.118512 0)
(1.24567 -0.13507 0)
(1.25398 -0.119532 0)
(1.21061 -0.118242 0)
(1.21812 -0.109788 0)
(1.18185 -0.0973627 0)
(1.18731 -0.0939295 0)
(1.16088 -0.0771004 0)
(1.16385 -0.0765655 0)
(1.14659 -0.0595717 0)
(1.14721 -0.0604808 0)
(1.13734 -0.0454074 0)
(1.1359 -0.0469472 0)
(1.13155 -0.0344225 0)
(1.12848 -0.0361345 0)
(1.12801 -0.026108 0)
(1.12365 -0.0277701 0)
(1.12584 -0.0199303 0)
(1.12049 -0.0213836 0)
(1.12452 -0.0153972 0)
(1.11839 -0.0165694 0)
(1.1237 -0.0119945 0)
(1.11698 -0.0129276 0)
(1.12315 -0.00935605 0)
(1.11596 -0.0100873 0)
(1.12277 -0.00730646 0)
(1.11522 -0.00788246 0)
(1.12249 -0.00571443 0)
(1.11467 -0.00616841 0)
(1.12226 -0.00447379 0)
(1.11424 -0.0048303 0)
(1.12209 -0.0035025 0)
(1.1139 -0.00378435 0)
(1.12195 -0.00273937 0)
(1.11363 -0.00296197 0)
(1.12185 -0.00213945 0)
(1.11342 -0.0023143 0)
(1.12176 -0.00166953 0)
(1.11326 -0.00180534 0)
(1.1217 -0.00130299 0)
(1.11313 -0.00140752 0)
(1.12164 -0.00101684 0)
(1.11302 -0.00109728 0)
(1.1216 -0.000792728 0)
(1.11294 -0.000854788 0)
(1.12156 -0.000617085 0)
(1.11287 -0.000665019 0)
(1.12153 -0.000479623 0)
(1.11282 -0.000516611 0)
(1.12151 -0.000372279 0)
(1.11278 -0.000400731 0)
(1.12149 -0.000288687 0)
(1.11275 -0.00031046 0)
(1.12148 -0.000223673 0)
(1.11272 -0.000240309 0)
(1.12146 -0.000173093 0)
(1.1127 -0.000185817 0)
(1.12145 -0.000133722 0)
(1.11268 -0.000143471 0)
(1.12145 -0.000103071 0)
(1.11267 -0.000110549 0)
(1.12144 -7.91956e-05 0)
(1.11266 -8.49518e-05 0)
(1.12144 -6.05765e-05 0)
(1.11265 -6.50331e-05 0)
(1.12143 -4.604e-05 0)
(1.11265 -4.94991e-05 0)
(1.12143 -3.45611e-05 0)
(1.11264 -3.74255e-05 0)
(1.12143 -2.5559e-05 0)
(1.11264 -2.77036e-05 0)
(1.12143 -1.75917e-05 0)
(1.11263 -2.04063e-05 0)
(1.11263 -1.27462e-05 0)
(1.0104 -0.0439077 0)
(1.0042 -0.0291751 0)
(1.03605 -0.0797938 0)
(1.02716 -0.0803366 0)
(1.06664 -0.103591 0)
(1.06388 -0.112725 0)
(1.09496 -0.115206 0)
(1.09612 -0.127341 0)
(1.11753 -0.116424 0)
(1.11785 -0.128923 0)
(1.1329 -0.110111 0)
(1.13298 -0.120872 0)
(1.14173 -0.0981985 0)
(1.13831 -0.107553 0)
(1.14467 -0.0823683 0)
(1.13846 -0.0901636 0)
(1.14313 -0.0655715 0)
(1.13322 -0.0714268 0)
(1.13921 -0.0497636 0)
(1.12593 -0.0541155 0)
(1.13421 -0.0359317 0)
(1.11776 -0.0387362 0)
(1.12909 -0.0246975 0)
(1.11012 -0.026234 0)
(1.12441 -0.0157908 0)
(1.10374 -0.0166618 0)
(1.12055 -0.008705 0)
(1.09867 -0.00933764 0)
(1.11768 -0.00303679 0)
(1.09499 -0.00373755 0)
(1.11583 0.00166722 0)
(1.09263 0.000673874 0)
(1.11495 0.00582404 0)
(1.09144 0.00441713 0)
(1.11497 0.00982476 0)
(1.09128 0.00784697 0)
(1.11588 0.0139525 0)
(1.09206 0.0113208 0)
(1.11772 0.0183768 0)
(1.0938 0.0150086 0)
(1.12059 0.023223 0)
(1.09654 0.0190749 0)
(1.12467 0.0285692 0)
(1.1004 0.0235931 0)
(1.13014 0.0344277 0)
(1.10554 0.0285725 0)
(1.13715 0.0407382 0)
(1.11209 0.0339684 0)
(1.14605 0.0478435 0)
(1.12025 0.0397408 0)
(1.15784 0.0564764 0)
(1.13019 0.0462316 0)
(1.17434 0.0667825 0)
(1.14331 0.0538033 0)
(1.19737 0.078099 0)
(1.1608 0.062228 0)
(1.22858 0.0882717 0)
(1.18424 0.0705978 0)
(1.26671 0.0931422 0)
(1.21412 0.0763268 0)
(1.30625 0.0883159 0)
(1.24805 0.0752326 0)
(1.33992 0.0690623 0)
(1.28074 0.0642591 0)
(1.3586 0.0351444 0)
(1.30622 0.0420736 0)
(1.36138 -0.00544659 0)
(1.31687 0.0117462 0)
(1.35214 -0.044107 0)
(1.31473 -0.0203886 0)
(1.33083 -0.0748315 0)
(1.30144 -0.0493307 0)
(1.29913 -0.0933821 0)
(1.27741 -0.0706041 0)
(1.26223 -0.0993805 0)
(1.24589 -0.081607 0)
(1.22594 -0.0957091 0)
(1.21275 -0.083246 0)
(1.19411 -0.0859 0)
(1.18215 -0.0779568 0)
(1.16874 -0.0730958 0)
(1.15627 -0.0685563 0)
(1.1498 -0.0597926 0)
(1.13596 -0.0576269 0)
(1.13625 -0.0476719 0)
(1.12079 -0.0469332 0)
(1.12683 -0.0375094 0)
(1.10974 -0.0375266 0)
(1.1204 -0.0293445 0)
(1.10185 -0.029702 0)
(1.116 -0.0229178 0)
(1.09621 -0.0233724 0)
(1.11295 -0.0179046 0)
(1.09213 -0.0183372 0)
(1.11078 -0.0140126 0)
(1.08914 -0.0143981 0)
(1.10918 -0.0109767 0)
(1.08691 -0.0113247 0)
(1.10799 -0.00859801 0)
(1.0852 -0.0088974 0)
(1.10709 -0.00673408 0)
(1.08389 -0.00698408 0)
(1.1064 -0.00527009 0)
(1.08288 -0.0054756 0)
(1.10586 -0.00412518 0)
(1.08209 -0.00428824 0)
(1.10543 -0.00323004 0)
(1.08147 -0.00335781 0)
(1.10509 -0.00252536 0)
(1.08097 -0.00262543 0)
(1.10483 -0.00197037 0)
(1.08058 -0.00204863 0)
(1.10462 -0.0015354 0)
(1.08028 -0.00159561 0)
(1.10445 -0.00119588 0)
(1.08004 -0.00124157 0)
(1.10432 -0.000930903 0)
(1.07985 -0.000965322 0)
(1.10422 -0.000723898 0)
(1.0797 -0.000749917 0)
(1.10413 -0.00056218 0)
(1.07958 -0.000581825 0)
(1.10407 -0.000435974 0)
(1.07948 -0.000450839 0)
(1.10402 -0.000337654 0)
(1.07941 -0.000348865 0)
(1.10397 -0.000261201 0)
(1.07935 -0.000269643 0)
(1.10394 -0.000201841 0)
(1.07931 -0.000208166 0)
(1.10392 -0.000155761 0)
(1.07927 -0.000160519 0)
(1.1039 -0.000119989 0)
(1.07925 -0.000123564 0)
(1.10388 -9.22096e-05 0)
(1.07922 -9.49183e-05 0)
(1.10387 -7.06346e-05 0)
(1.07921 -7.26945e-05 0)
(1.10386 -5.38489e-05 0)
(1.07919 -5.54677e-05 0)
(1.10385 -4.08098e-05 0)
(1.07918 -4.20515e-05 0)
(1.10385 -3.05152e-05 0)
(1.07918 -3.17256e-05 0)
(1.10384 -2.25075e-05 0)
(1.07917 -2.33202e-05 0)
(1.10384 -1.55263e-05 0)
(1.07917 -1.71863e-05 0)
(1.07916 -1.07789e-05 0)
(1.01977 -0.0663375 0)
(1.00912 -0.0489402 0)
(1.05936 -0.112433 0)
(1.04753 -0.119934 0)
(1.09465 -0.135625 0)
(1.08707 -0.148014 0)
(1.11887 -0.140382 0)
(1.10969 -0.151558 0)
(1.13335 -0.132775 0)
(1.11554 -0.143409 0)
(1.13836 -0.117642 0)
(1.11325 -0.125879 0)
(1.13505 -0.099246 0)
(1.10112 -0.104241 0)
(1.12681 -0.0795655 0)
(1.08496 -0.0819255 0)
(1.11589 -0.0603943 0)
(1.06721 -0.060502 0)
(1.10421 -0.0433525 0)
(1.05088 -0.0424444 0)
(1.09356 -0.0292451 0)
(1.03699 -0.0280788 0)
(1.08473 -0.0183899 0)
(1.02621 -0.0174041 0)
(1.07789 -0.0104105 0)
(1.01835 -0.00982493 0)
(1.07303 -0.00459901 0)
(1.01294 -0.00447349 0)
(1.06988 -0.000242805 0)
(1.00955 -0.000597449 0)
(1.06818 0.00322139 0)
(1.00778 0.00237598 0)
(1.06772 0.00624319 0)
(1.00732 0.00488342 0)
(1.06829 0.00918292 0)
(1.00794 0.00727027 0)
(1.06988 0.0122541 0)
(1.00958 0.0097343 0)
(1.07248 0.0155917 0)
(1.01221 0.0124049 0)
(1.07617 0.0192984 0)
(1.01587 0.0153858 0)
(1.08104 0.0234108 0)
(1.02066 0.0187196 0)
(1.08722 0.0279047 0)
(1.02669 0.0223993 0)
(1.09481 0.0327429 0)
(1.03407 0.0263698 0)
(1.10398 0.0379586 0)
(1.04289 0.0305701 0)
(1.11517 0.0435985 0)
(1.05331 0.0350431 0)
(1.12923 0.0495465 0)
(1.06583 0.0397409 0)
(1.1471 0.0552804 0)
(1.08106 0.0443629 0)
(1.16949 0.0594719 0)
(1.09959 0.048205 0)
(1.19593 0.0598808 0)
(1.12151 0.0498886 0)
(1.22366 0.0539936 0)
(1.14559 0.0475001 0)
(1.24856 0.039998 0)
(1.16902 0.0393557 0)
(1.26586 0.0192994 0)
(1.188 0.0247724 0)
(1.27161 -0.00437731 0)
(1.1981 0.00599643 0)
(1.26527 -0.0278537 0)
(1.19797 -0.0140478 0)
(1.24836 -0.0476727 0)
(1.1877 -0.0324206 0)
(1.22393 -0.0608163 0)
(1.16913 -0.0461741 0)
(1.19612 -0.0665145 0)
(1.14545 -0.0537952 0)
(1.16856 -0.0658697 0)
(1.12013 -0.0556879 0)
(1.14377 -0.060734 0)
(1.09603 -0.0531675 0)
(1.12303 -0.0531155 0)
(1.07479 -0.0478192 0)
(1.10658 -0.0447242 0)
(1.05711 -0.0411686 0)
(1.09399 -0.036687 0)
(1.04298 -0.0343497 0)
(1.08453 -0.0295921 0)
(1.03197 -0.0280662 0)
(1.07746 -0.0236239 0)
(1.02348 -0.0226311 0)
(1.07218 -0.0187354 0)
(1.01695 -0.0180877 0)
(1.06821 -0.0148071 0)
(1.01192 -0.0143699 0)
(1.06519 -0.0116887 0)
(1.00804 -0.0113803 0)
(1.06286 -0.00921663 0)
(1.00502 -0.00899484 0)
(1.06105 -0.00725423 0)
(1.00265 -0.0070904 0)
(1.05964 -0.00570017 0)
(1.0008 -0.00557471 0)
(1.05854 -0.00447239 0)
(0.999339 -0.00437219 0)
(1.05767 -0.00350367 0)
(0.998193 -0.00342177 0)
(1.05699 -0.00273994 0)
(0.997292 -0.00267362 0)
(1.05645 -0.00213852 0)
(0.996582 -0.00208512 0)
(1.05602 -0.00166593 0)
(0.996023 -0.00162277 0)
(1.05569 -0.00129572 0)
(0.995585 -0.00126057 0)
(1.05543 -0.00100653 0)
(0.995242 -0.000977934 0)
(1.05522 -0.000781044 0)
(0.994973 -0.00075783 0)
(1.05505 -0.000605404 0)
(0.994762 -0.000586684 0)
(1.05493 -0.00046867 0)
(0.994597 -0.000453636 0)
(1.05483 -0.000362379 0)
(0.994469 -0.000350357 0)
(1.05475 -0.000279842 0)
(0.994369 -0.000270268 0)
(1.05469 -0.000215859 0)
(0.994291 -0.000208246 0)
(1.05464 -0.000166292 0)
(0.99423 -0.000160262 0)
(1.0546 -0.000127918 0)
(0.994183 -0.00012315 0)
(1.05457 -9.8199e-05 0)
(0.994146 -9.44559e-05 0)
(1.05455 -7.51915e-05 0)
(0.994118 -7.22655e-05 0)
(1.05453 -5.73761e-05 0)
(0.994096 -5.51207e-05 0)
(1.05452 -4.35625e-05 0)
(0.994079 -4.18684e-05 0)
(1.05451 -3.2893e-05 0)
(0.994066 -3.16019e-05 0)
(1.0545 -2.44771e-05 0)
(0.994056 -2.37409e-05 0)
(1.05449 -1.7959e-05 0)
(0.994049 -1.73179e-05 0)
(1.05449 -1.24227e-05 0)
(0.994043 -1.27346e-05 0)
(0.994038 -8.0541e-06 0)
(1.03962 -0.110912 0)
(1.01331 -0.0885605 0)
(1.08174 -0.156033 0)
(1.05551 -0.162055 0)
(1.10255 -0.161576 0)
(1.0672 -0.168825 0)
(1.10577 -0.152541 0)
(1.04976 -0.154779 0)
(1.09567 -0.135768 0)
(1.01653 -0.133307 0)
(1.07577 -0.112873 0)
(0.977621 -0.105973 0)
(1.05084 -0.0875013 0)
(0.939994 -0.079319 0)
(1.025 -0.0632539 0)
(0.906098 -0.056083 0)
(1.00193 -0.0430258 0)
(0.878121 -0.0374276 0)
(0.983337 -0.0277735 0)
(0.857209 -0.0238555 0)
(0.969481 -0.0167876 0)
(0.842307 -0.0142227 0)
(0.959754 -0.00922302 0)
(0.83233 -0.00767662 0)
(0.953302 -0.0041193 0)
(0.826052 -0.00337344 0)
(0.949378 -0.000615184 0)
(0.822421 -0.000549949 0)
(0.94739 0.00191331 0)
(0.820771 0.00139024 0)
(0.946856 0.0039244 0)
(0.820519 0.00291059 0)
(0.947486 0.00577622 0)
(0.821383 0.00425246 0)
(0.949143 0.00766887 0)
(0.823213 0.00561281 0)
(0.951793 0.0097091 0)
(0.825963 0.00708482 0)
(0.955448 0.0119958 0)
(0.829661 0.00874907 0)
(0.96018 0.0145821 0)
(0.834382 0.0106537 0)
(0.966084 0.0174756 0)
(0.840235 0.012814 0)
(0.973268 0.0206446 0)
(0.847336 0.0152149 0)
(0.981828 0.0240288 0)
(0.855794 0.0178087 0)
(0.991868 0.0275672 0)
(0.865693 0.0205292 0)
(1.0036 0.0311777 0)
(0.87714 0.0233132 0)
(1.01731 0.0346441 0)
(0.890293 0.0260274 0)
(1.03328 0.0374979 0)
(0.905302 0.0283922 0)
(1.05156 0.0389227 0)
(0.922184 0.0299268 0)
(1.07154 0.0377481 0)
(0.940573 0.0299017 0)
(1.09166 0.0327758 0)
(0.959459 0.0273813 0)
(1.1094 0.0234635 0)
(0.976944 0.0216223 0)
(1.12154 0.0106007 0)
(0.990363 0.0126252 0)
(1.12573 -0.00414144 0)
(0.997215 0.00181292 0)
(1.12129 -0.0187572 0)
(0.996558 -0.00961259 0)
(1.10894 -0.030992 0)
(0.988157 -0.020075 0)
(1.0907 -0.0392109 0)
(0.973301 -0.0279341 0)
(1.06933 -0.0430333 0)
(0.954239 -0.0324265 0)
(1.04737 -0.0430441 0)
(0.93339 -0.033723 0)
(1.02671 -0.040268 0)
(0.912785 -0.0325036 0)
(1.00849 -0.0358336 0)
(0.893909 -0.0296007 0)
(0.993152 -0.0307302 0)
(0.877438 -0.0258341 0)
(0.980654 -0.0256622 0)
(0.863604 -0.021851 0)
(0.970661 -0.0210373 0)
(0.852278 -0.018074 0)
(0.96275 -0.0170234 0)
(0.843145 -0.0147201 0)
(0.956519 -0.0136484 0)
(0.835847 -0.0118561 0)
(0.951621 -0.0108738 0)
(0.830049 -0.00947272 0)
(0.947767 -0.00862689 0)
(0.825457 -0.00752644 0)
(0.944727 -0.00681978 0)
(0.821824 -0.00595478 0)
(0.94233 -0.00537207 0)
(0.818952 -0.00469278 0)
(0.94044 -0.00421784 0)
(0.816687 -0.00368482 0)
(0.938952 -0.00330207 0)
(0.814904 -0.00288405 0)
(0.937781 -0.00257881 0)
(0.813504 -0.00225103 0)
(0.93686 -0.00200971 0)
(0.812406 -0.00175286 0)
(0.936137 -0.00156292 0)
(0.811546 -0.00136203 0)
(0.935571 -0.00121299 0)
(0.810874 -0.00105602 0)
(0.935127 -0.000939788 0)
(0.81035 -0.000817276 0)
(0.934781 -0.000727154 0)
(0.809942 -0.000631521 0)
(0.934511 -0.000562015 0)
(0.809625 -0.000487474 0)
(0.9343 -0.000433894 0)
(0.809379 -0.000375821 0)
(0.934136 -0.000334608 0)
(0.809187 -0.000289475 0)
(0.934008 -0.000257748 0)
(0.809039 -0.000222683 0)
(0.933909 -0.000198324 0)
(0.808925 -0.000171158 0)
(0.933832 -0.000152414 0)
(0.808836 -0.000131352 0)
(0.933773 -0.000116969 0)
(0.808767 -0.000100703 0)
(0.933727 -8.96002e-05 0)
(0.808715 -7.70221e-05 0)
(0.933691 -6.84775e-05 0)
(0.808674 -5.88165e-05 0)
(0.933664 -5.21786e-05 0)
(0.808643 -4.4749e-05 0)
(0.933643 -3.96134e-05 0)
(0.808618 -3.39706e-05 0)
(0.933626 -2.99192e-05 0)
(0.8086 -2.56414e-05 0)
(0.933614 -2.24674e-05 0)
(0.808586 -1.92707e-05 0)
(0.933605 -1.66035e-05 0)
(0.808576 -1.43604e-05 0)
(0.933598 -1.212e-05 0)
(0.808568 -1.0413e-05 0)
(0.933593 -8.38635e-06 0)
(0.808562 -7.60468e-06 0)
(0.808557 -4.90826e-06 0)
(1.05164 -0.154531 0)
(0.903141 -0.1402 0)
(1.0473 -0.18186 0)
(0.900392 -0.157718 0)
(1.01136 -0.165903 0)
(0.843733 -0.132878 0)
(0.958463 -0.139356 0)
(0.754072 -0.101887 0)
(0.898543 -0.106113 0)
(0.676643 -0.0733874 0)
(0.841726 -0.074065 0)
(0.6161 -0.0491563 0)
(0.794525 -0.0492349 0)
(0.570824 -0.0321182 0)
(0.758572 -0.0311899 0)
(0.537514 -0.0201292 0)
(0.733068 -0.0187103 0)
(0.514511 -0.0119238 0)
(0.715861 -0.0104406 0)
(0.499634 -0.00664914 0)
(0.704946 -0.00512441 0)
(0.490495 -0.00330761 0)
(0.698502 -0.00180676 0)
(0.485295 -0.00123272 0)
(0.69509 0.000217418 0)
(0.482754 3.79912e-05 0)
(0.693747 0.00146743 0)
(0.48186 0.000792979 0)
(0.693841 0.00239537 0)
(0.482175 0.00129564 0)
(0.694992 0.00324582 0)
(0.483268 0.00175973 0)
(0.697035 0.00410062 0)
(0.485078 0.00220964 0)
(0.69993 0.00505006 0)
(0.487551 0.00271721 0)
(0.703702 0.00615457 0)
(0.490719 0.0033125 0)
(0.708433 0.0074488 0)
(0.494666 0.00401807 0)
(0.714238 0.00894631 0)
(0.499503 0.00484762 0)
(0.721248 0.010641 0)
(0.505357 0.0058031 0)
(0.729588 0.0125047 0)
(0.512354 0.00687477 0)
(0.739362 0.0144861 0)
(0.520601 0.00803339 0)
(0.750654 0.0165144 0)
(0.530177 0.00923682 0)
(0.763537 0.0184806 0)
(0.541127 0.0104294 0)
(0.778042 0.0201912 0)
(0.553459 0.0115214 0)
(0.794071 0.021334 0)
(0.567082 0.012363 0)
(0.811262 0.0214643 0)
(0.581726 0.0127348 0)
(0.82882 0.0200339 0)
(0.596816 0.012343 0)
(0.845316 0.0165674 0)
(0.611387 0.0108846 0)
(0.85878 0.010954 0)
(0.623966 0.00815829 0)
(0.867144 0.00383139 0)
(0.63276 0.00426026 0)
(0.869113 -0.00391664 0)
(0.636366 -0.000156625 0)
(0.864263 -0.0114291 0)
(0.634536 -0.0047625 0)
(0.853077 -0.0176214 0)
(0.626981 -0.00888945 0)
(0.837074 -0.0217322 0)
(0.614709 -0.0119315 0)
(0.818288 -0.0236157 0)
(0.599334 -0.0136407 0)
(0.798657 -0.0235776 0)
(0.582552 -0.0140917 0)
(0.779722 -0.0221271 0)
(0.56579 -0.0135686 0)
(0.762513 -0.0198073 0)
(0.55018 -0.0123925 0)
(0.747537 -0.0171014 0)
(0.536285 -0.0108575 0)
(0.734905 -0.014372 0)
(0.524368 -0.00921896 0)
(0.72448 -0.0118428 0)
(0.514416 -0.00764989 0)
(0.716003 -0.00961975 0)
(0.506256 -0.00624288 0)
(0.709179 -0.00773133 0)
(0.499652 -0.00503214 0)
(0.703725 -0.00616471 0)
(0.494356 -0.00401883 0)
(0.699386 -0.0048863 0)
(0.490137 -0.00318767 0)
(0.695947 -0.00385397 0)
(0.486793 -0.00251499 0)
(0.693229 -0.00302642 0)
(0.484153 -0.00197503 0)
(0.691088 -0.00236742 0)
(0.482076 -0.00154448 0)
(0.689408 -0.00184577 0)
(0.480448 -0.00120343 0)
(0.688092 -0.00143502 0)
(0.479176 -0.000934782 0)
(0.687063 -0.00111299 0)
(0.478184 -0.000724286 0)
(0.686261 -0.000861274 0)
(0.477413 -0.000559904 0)
(0.685637 -0.000665115 0)
(0.476815 -0.00043193 0)
(0.685152 -0.000512754 0)
(0.476351 -0.000332543 0)
(0.684777 -0.000394773 0)
(0.475993 -0.000255661 0)
(0.684485 -0.000303595 0)
(0.475716 -0.000196296 0)
(0.68426 -0.000233226 0)
(0.475503 -0.000150589 0)
(0.684086 -0.00017898 0)
(0.475338 -0.00011539 0)
(0.683952 -0.000137208 0)
(0.475212 -8.83578e-05 0)
(0.683849 -0.000105063 0)
(0.475114 -6.75479e-05 0)
(0.683769 -8.03369e-05 0)
(0.47504 -5.15851e-05 0)
(0.683707 -6.13182e-05 0)
(0.474982 -3.92935e-05 0)
(0.68366 -4.66951e-05 0)
(0.474938 -2.9884e-05 0)
(0.683624 -3.54588e-05 0)
(0.474905 -2.2645e-05 0)
(0.683597 -2.68372e-05 0)
(0.474879 -1.71286e-05 0)
(0.683576 -2.02318e-05 0)
(0.47486 -1.28936e-05 0)
(0.68356 -1.51725e-05 0)
(0.474845 -9.68501e-06 0)
(0.683547 -1.12997e-05 0)
(0.474834 -7.2187e-06 0)
(0.683538 -8.26707e-06 0)
(0.474826 -5.33264e-06 0)
(0.683532 -5.96095e-06 0)
(0.47482 -3.80978e-06 0)
(0.683527 -4.1548e-06 0)
(0.474815 -2.69929e-06 0)
(0.474811 -1.82828e-06 0)
(0.8598 -0.0529781 0)
(0.702082 -0.0841447 0)
(0.569203 -0.0657448 0)
(0.467316 -0.0362785 0)
(0.393929 -0.0182034 0)
(0.344772 -0.00924286 0)
(0.312654 -0.00446533 0)
(0.292525 -0.00185296 0)
(0.280601 -0.000508519 0)
(0.273951 0.000134091 0)
(0.270644 0.000440675 0)
(0.269411 0.000587929 0)
(0.269449 0.000663743 0)
(0.270242 0.000722671 0)
(0.271537 0.000801685 0)
(0.273297 0.000908319 0)
(0.275506 0.0010516 0)
(0.278224 0.00124273 0)
(0.281536 0.00148548 0)
(0.285554 0.00178224 0)
(0.290401 0.0021331 0)
(0.296204 0.00253383 0)
(0.303078 0.00297452 0)
(0.311111 0.00343686 0)
(0.320347 0.00389261 0)
(0.330777 0.00429969 0)
(0.342298 0.00459573 0)
(0.354661 0.00469696 0)
(0.367395 0.00450375 0)
(0.379738 0.00392697 0)
(0.390622 0.00292957 0)
(0.39878 0.0015714 0)
(0.40304 1.06687e-05 0)
(0.402883 -0.00163966 0)
(0.39812 -0.00315942 0)
(0.389231 -0.00428371 0)
(0.377299 -0.00494267 0)
(0.363658 -0.00515645 0)
(0.349567 -0.00501223 0)
(0.335998 -0.00462131 0)
(0.323605 -0.00408368 0)
(0.312748 -0.00348739 0)
(0.303529 -0.00290219 0)
(0.295879 -0.00236943 0)
(0.289636 -0.00190687 0)
(0.284604 -0.00151762 0)
(0.280585 -0.00119752 0)
(0.277397 -0.00093881 0)
(0.274882 -0.000732063 0)
(0.272907 -0.000568101 0)
(0.271363 -0.000439027 0)
(0.270159 -0.000338067 0)
(0.269225 -0.000259584 0)
(0.2685 -0.000198842 0)
(0.26794 -0.000151984 0)
(0.267509 -0.000115917 0)
(0.267176 -8.82426e-05 0)
(0.26692 -6.70717e-05 0)
(0.266724 -5.09226e-05 0)
(0.266574 -3.86229e-05 0)
(0.266458 -2.92543e-05 0)
(0.26637 -2.21102e-05 0)
(0.266302 -1.66554e-05 0)
(0.266251 -1.24936e-05 0)
(0.266212 -9.32537e-06 0)
(0.266182 -6.92628e-06 0)
(0.266159 -5.11814e-06 0)
(0.266142 -3.76625e-06 0)
(0.266129 -2.75935e-06 0)
(0.266119 -2.01597e-06 0)
(0.266112 -1.44716e-06 0)
(0.266107 -1.01796e-06 0)
(0.266103 -6.63083e-07 0)
(0.2661 -4.43653e-07 0)
)
;

boundaryField
{
    ibCylinder
    {
        type            immersedBoundary;
        value           nonuniform List<vector> 
48
(
(0.935527 0 0)
(0.935527 5.24645e-17 0)
(0.935527 0 0)
(0.935527 4.33679e-19 -7.52394e-35)
(0.935527 2.74306e-17 -4.70268e-33)
(0.935527 0 0)
(0.935527 -4.97098e-17 -2.57081e-35)
(0.935527 -8.66071e-17 1.24064e-32)
(0.935527 0 0)
(0.935527 -4.74489e-17 1.81159e-32)
(0.935527 8.68779e-17 -1.53457e-32)
(0.935527 -6.91497e-17 1.3317e-32)
(0.935527 7.8392e-17 -2.72184e-32)
(0.935527 -7.86171e-17 1.39373e-32)
(0.935527 0 0)
(0.935527 4.94066e-17 -8.49207e-33)
(0.935527 0 0)
(0.935527 0 0)
(0.935527 4.95031e-17 7.74547e-32)
(0.935527 0 0)
(0.935527 3.55505e-17 0)
(0.935527 0 0)
(0.935527 1.73826e-17 -7.61243e-32)
(0.935527 0 0)
(0.935527 0 0)
(0.935527 0 0)
(0.935527 -1.73826e-17 7.61243e-32)
(0.935527 0 0)
(0.935527 -3.55505e-17 0)
(0.935527 -4.94066e-17 8.49207e-33)
(0.935527 0 0)
(0.935527 0 0)
(0.935527 -4.95031e-17 -7.78893e-32)
(0.935527 6.91497e-17 -1.3317e-32)
(0.935527 -7.8392e-17 2.72184e-32)
(0.935527 0 0)
(0.935527 0 0)
(0.935527 -8.66071e-17 1.24064e-32)
(0.935527 0 0)
(0.935527 4.74489e-17 2.00775e-33)
(0.935527 0 0)
(0.935527 0 0)
(0.935527 0 0)
(0.935527 0 0)
(0.935527 -4.33679e-19 7.52394e-35)
(0.935527 -2.74306e-17 -1.16173e-34)
(0.935527 5.26611e-17 2.70846e-32)
(0.935527 0 0)
)
;
        value           nonuniform List<vector> 0();
    }
    in
    {
        type            calculated;
        value           uniform (1 0 0);
    }
    out
    {
        type            calculated;
        value           nonuniform List<vector> 
25
(
(0.266102 2.09443e-07 0)
(0.683527 2.6347e-06 0)
(0.933591 5.29998e-06 0)
(1.05449 7.81866e-06 0)
(1.10384 9.65559e-06 0)
(1.12143 1.07307e-05 0)
(1.12703 1.08596e-05 0)
(1.12866 1.01627e-05 0)
(1.12909 8.6913e-06 0)
(1.1292 6.54494e-06 0)
(1.12922 3.66287e-06 0)
(1.12922 8.94459e-07 0)
(1.12922 -2.29825e-06 0)
(1.12922 -5.41847e-06 0)
(1.12922 -8.11985e-06 0)
(1.1292 -1.0744e-05 0)
(1.12909 -1.26112e-05 0)
(1.12866 -1.37375e-05 0)
(1.12703 -1.4037e-05 0)
(1.12142 -1.35101e-05 0)
(1.10384 -1.19602e-05 0)
(1.05449 -9.59448e-06 0)
(0.933589 -6.52322e-06 0)
(0.683524 -3.31041e-06 0)
(0.266098 -3.71474e-07 0)
)
;
    }
    top
    {
        type            calculated;
        value           uniform (0 0 0);
    }
    bottom
    {
        type            calculated;
        value           uniform (0 0 0);
    }
    frontAndBack
    {
        type            empty;
        value           nonuniform List<vector> 0();
    }
}


// ************************************************************************* //
