/*--------------------------------*- C++ -*----------------------------------*\
| =========                 |                                                 |
| \\      /  F ield         | OpenFOAM: The Open Source CFD Toolbox           |
|  \\    /   O peration     | Version:  2206                                  |
|   \\  /    A nd           | Website:  www.openfoam.com                      |
|    \\/     M anipulation  |                                                 |
\*---------------------------------------------------------------------------*/
FoamFile
{
    version     2.0;
    format      ascii;
    arch        "LSB;label=32;scalar=64";
    class       surfaceScalarField;
    location    "0.7";
    object      phi;
}
// * * * * * * * * * * * * * * * * * * * * * * * * * * * * * * * * * * * * * //

dimensions      [0 3 -1 0 0 0 0];

oriented        oriented;

internalField   nonuniform List<scalar> 
3650
(
0.0027514
0.000448596
0.00224446
0.000506947
0.00181539
0.000429069
0.00148412
0.000331265
0.00124062
0.000243504
0.00106777
0.000172846
0.000946049
0.000121723
0.000860336
8.57123e-05
0.000799105
6.12303e-05
0.000754595
4.45104e-05
0.000722071
3.25232e-05
0.000698637
2.34344e-05
0.000682644
1.59923e-05
0.000673281
9.36338e-06
0.000670176
3.10442e-06
0.000673108
-2.93253e-06
0.000681757
-8.64908e-06
0.00069702
-1.52636e-05
0.000719661
-2.26419e-05
0.000750749
-3.10879e-05
0.000791748
-4.09994e-05
0.000844584
-5.28364e-05
0.000911714
-6.71306e-05
0.000996168
-8.44529e-05
0.00110151
-0.000105346
0.00123171
-0.000130194
0.00139082
-0.000159111
0.00158251
-0.000191696
0.00180918
-0.000226668
0.00207065
-0.00026147
0.00236246
-0.000291807
0.00267394
-0.000311479
0.00298623
-0.000312291
0.00327075
-0.000284519
0.00349175
-0.000220999
0.00361329
-0.000121534
0.00361121
2.07338e-06
0.00348436
0.000126852
0.00324434
0.000240021
0.00291471
0.000329627
0.00253516
0.000379555
0.00214786
0.000387294
0.00178691
0.00036095
0.00147395
0.000312955
0.00121779
0.000256164
0.00101744
0.000200344
0.000865589
0.000151849
0.00075285
0.000112738
0.000671901
8.09464e-05
0.000615955
5.59447e-05
0.000579184
3.67687e-05
0.000556923
2.22607e-05
0.000545209
1.17129e-05
0.000541028
4.18022e-06
0.000541843
-8.15774e-07
0.000545531
-3.6884e-06
0.000550715
-5.18545e-06
0.000556555
-5.8391e-06
0.000562492
-5.93788e-06
0.000568134
-5.6426e-06
0.000573236
-5.10286e-06
0.000577709
-4.47251e-06
0.000581541
-3.83269e-06
0.000584762
-3.22063e-06
0.000587421
-2.65982e-06
0.000589589
-2.16774e-06
0.000591336
-1.7471e-06
0.000592729
-1.39368e-06
0.00059383
-1.10081e-06
0.00059469
-8.59951e-07
0.000595353
-6.62897e-07
0.000595854
-5.01499e-07
0.000596222
-3.68468e-07
0.000596478
-2.55908e-07
-1.64596e-07
0.00336546
0.00028314
0.00335166
0.000520745
0.00323359
0.000547137
0.00305676
0.000508097
0.00285029
0.000449968
0.00264449
0.000378651
0.00246032
0.000305886
0.00230416
0.000241874
0.00217502
0.000190374
0.0020703
0.000149228
0.00198705
0.000115778
0.00192217
8.83133e-05
0.00187332
6.48338e-05
0.00183899
4.37e-05
0.00181819
2.39039e-05
0.00181025
5.00535e-06
0.00181474
-1.31367e-05
0.00183193
-3.2458e-05
0.00186279
-5.34986e-05
0.00190855
-7.68556e-05
0.00197106
-0.000103507
0.00205281
-0.000134581
0.00215705
-0.000171373
0.00228782
-0.000215227
0.00244992
-0.000267443
0.00264866
-0.00032894
0.00288965
-0.000400092
0.00317819
-0.000480244
0.00351846
-0.000566934
0.00391218
-0.000655187
0.00435663
-0.00073626
0.00484245
-0.000797295
0.00535126
-0.0008211
0.00585276
-0.000786024
0.00630405
-0.000672286
0.00665573
-0.000473212
0.00685836
-0.000200562
0.00688235
0.000102869
0.00673307
0.000389297
0.00641478
0.000647923
0.00595607
0.00083826
0.00539712
0.000946239
0.00478399
0.000974081
0.00416656
0.00093038
0.0035921
0.000830623
0.0030933
0.000699146
0.00268299
0.000562161
0.00235989
0.000435837
0.00211513
0.000325697
0.00193584
0.000235231
0.00180875
0.000163857
0.00172183
0.00010918
0.00166498
6.85666e-05
0.00162979
3.93662e-05
0.0016098
1.91769e-05
0.00160034
5.76835e-06
0.00159787
-2.71468e-06
0.00159961
-7.5806e-06
0.00160363
-9.95614e-06
0.00160868
-1.06928e-05
0.00161398
-1.04069e-05
0.00161913
-9.62045e-06
0.00162385
-8.55381e-06
0.00162802
-7.38443e-06
0.00163158
-6.224e-06
0.00163457
-5.16148e-06
0.00163705
-4.22059e-06
0.00163906
-3.40903e-06
0.00164068
-2.72184e-06
0.00164197
-2.14701e-06
0.00164298
-1.66947e-06
0.00164375
-1.27367e-06
0.00164432
-9.43808e-07
0.00164474
-6.67561e-07
-4.08163e-07
0.00332629
0.000156853
0.00346228
0.000384747
0.00352943
0.000479994
0.0035377
0.000499823
0.00350142
0.000486246
0.00343088
0.000449195
0.00333715
0.000399612
0.00323117
0.000347859
0.00312481
0.000296728
0.00302645
0.000247593
0.00293952
0.000202711
0.00286505
0.000162783
0.0028036
0.000126277
0.00275557
9.17315e-05
0.00272099
5.84805e-05
0.00269991
2.6086e-05
0.00269266
-5.8815e-06
0.00269931
-3.91118e-05
0.00272078
-7.49689e-05
0.00275828
-0.000114353
0.00281345
-0.000158684
0.00288852
-0.000209649
0.00298653
-0.000269384
0.00311125
-0.00033994
0.00326727
-0.000423466
0.00346011
-0.000521783
0.00369608
-0.000636063
0.00398199
-0.000766153
0.00432449
-0.000909438
0.00472923
-0.00105992
0.00519851
-0.00120555
0.0057298
-0.00132858
0.00631109
-0.00140239
0.00691121
-0.00138614
0.00748148
-0.00124255
0.0079591
-0.000950834
0.00828524
-0.0005267
0.00843691
-4.88e-05
0.00839826
0.000427945
0.00818089
0.000865299
0.00781717
0.00120198
0.00733162
0.00143179
0.00675341
0.00155229
0.00611939
0.00156439
0.00546992
0.00148009
0.00484749
0.00132158
0.00428848
0.00112117
0.00381462
0.000909689
0.00343209
0.000708226
0.00313593
0.000531388
0.00291464
0.000385149
0.00275439
0.000269427
0.00264184
0.000181119
0.00256527
0.000115934
0.00251511
6.93422e-05
0.00248375
3.71209e-05
0.00246535
1.56902e-05
0.00245563
2.14034e-06
0.00245149
-5.8237e-06
0.00245083
-1.00312e-05
0.00245223
-1.18034e-05
0.0024546
-1.19916e-05
0.00245735
-1.13017e-05
0.00246017
-1.02052e-05
0.00246282
-8.87926e-06
0.00246521
-7.54534e-06
0.00246727
-6.28571e-06
0.00246902
-5.15434e-06
0.00247046
-4.16811e-06
0.00247164
-3.32392e-06
0.00247258
-2.60967e-06
0.00247332
-2.00921e-06
0.00247387
-1.50258e-06
0.00247429
-1.08261e-06
-6.56939e-07
0.00326303
9.38263e-05
0.00339009
0.00025768
0.00350635
0.000363739
0.00358845
0.000417724
0.00364006
0.000434637
0.0036631
0.000426154
0.00365931
0.000403396
0.00363525
0.000371924
0.00359857
0.000333405
0.00355384
0.000292322
0.00350405
0.0002525
0.00345424
0.000212598
0.00340794
0.000172572
0.0033677
0.000131967
0.00333499
9.11909e-05
0.00331083
5.02541e-05
0.00329663
8.30903e-06
0.00329337
-3.58422e-05
0.00330208
-8.36795e-05
0.00332424
-0.000136517
0.00336156
-0.000196003
0.00341588
-0.000263974
0.00349015
-0.000343653
0.0035879
-0.000437689
0.00371338
-0.000548945
0.00387272
-0.000681121
0.00407357
-0.000836924
0.0043252
-0.00101778
0.00463837
-0.00122261
0.00502477
-0.00144632
0.0054952
-0.00167597
0.00606094
-0.00189432
0.00671846
-0.00205991
0.00741674
-0.00208443
0.00807319
-0.001899
0.00860111
-0.00147876
0.00896305
-0.000888638
0.00912701
-0.000212757
0.00908235
0.000472599
0.00888616
0.0010615
0.00857479
0.00151334
0.00816616
0.00184042
0.00768307
0.00203538
0.00714309
0.00210436
0.00657153
0.00205165
0.00598964
0.00190347
0.00542201
0.0016888
0.00490128
0.00143042
0.00445145
0.00115806
0.00408175
0.00090109
0.00379041
0.000676487
0.00356884
0.000490996
0.00340535
0.000344606
0.00328791
0.000233374
0.00320562
0.000151635
0.00314934
9.33998e-05
0.00311188
5.31522e-05
0.00308772
2.62946e-05
0.00307278
9.11446e-06
0.00306408
-1.33331e-06
0.00305946
-7.17906e-06
0.00305736
-9.88742e-06
0.00305681
-1.07591e-05
0.00305717
-1.05632e-05
0.003058
-9.71114e-06
0.00305907
-8.61109e-06
0.00306017
-7.3864e-06
0.00306121
-6.19207e-06
0.00306213
-5.09577e-06
0.00306293
-4.12294e-06
0.0030636
-3.27698e-06
0.00306414
-2.55081e-06
0.00306457
-1.92687e-06
0.00306489
-1.40911e-06
-8.57588e-07
0.00323336
6.0464e-05
0.00331553
0.00017551
0.00341574
0.000263532
0.0035126
0.000320865
0.00359473
0.000352509
0.00365735
0.000363533
0.0037009
0.00035984
0.00372879
0.000344031
0.00374363
0.000318572
0.00374624
0.000289706
0.00373941
0.000259333
0.00372653
0.000225475
0.00371052
0.000188584
0.00369296
0.000149527
0.00367503
0.000109118
0.00365874
6.65465e-05
0.00364631
2.07378e-05
0.00363945
-2.89817e-05
0.0036396
-8.3835e-05
0.00364852
-0.000145437
0.00366798
-0.000215456
0.00369911
-0.000295104
0.00374449
-0.000389037
0.00380827
-0.000501467
0.00389505
-0.000635728
0.00401158
-0.000797651
0.00416685
-0.000992191
0.00437294
-0.00122387
0.00464598
-0.00149565
0.00500623
-0.00180656
0.00547784
-0.00214759
0.00609523
-0.0025117
0.00683094
-0.00279563
0.00756427
-0.00281776
0.00818782
-0.00252255
0.00863235
-0.00192328
0.00886493
-0.00112123
0.00888736
-0.000235186
0.00876614
0.00059382
0.0085447
0.00128294
0.00828491
0.00177313
0.00798015
0.00214517
0.00763889
0.00237664
0.00723391
0.00250934
0.00679955
0.00248601
0.00633817
0.00236485
0.00587016
0.0021568
0.00542005
0.00188053
0.00500812
0.00156999
0.00464986
0.00125935
0.00435056
0.000975786
0.00410985
0.000731707
0.00392261
0.000531836
0.00378108
0.000374904
0.00367664
0.000256077
0.00360119
0.000168852
0.0035478
0.000106538
0.0035108
6.32935e-05
0.00348565
3.42643e-05
0.00346896
1.53641e-05
0.00345814
3.64214e-06
0.00345136
-3.11492e-06
0.00344728
-6.68063e-06
0.00344494
-8.21413e-06
0.00344369
-8.47016e-06
0.00344315
-8.06328e-06
0.00344302
-7.26399e-06
0.00344315
-6.31799e-06
0.0034434
-5.34561e-06
0.00344369
-4.41768e-06
0.00344399
-3.57041e-06
0.00344425
-2.81773e-06
0.00344448
-2.15297e-06
0.00344466
-1.58897e-06
-9.70048e-07
0.00321901
4.14494e-05
0.00327106
0.000123461
0.00334305
0.000191548
0.00342297
0.000240944
0.00350237
0.000273103
0.00357526
0.000290647
0.0036388
0.000296304
0.00369107
0.000291759
0.00373106
0.000278582
0.00376064
0.000260122
0.00378209
0.000237886
0.00379676
0.000210805
0.00380525
0.000180089
0.00380796
0.000146814
0.00380661
0.000110475
0.00380273
7.04188e-05
0.00379774
2.57343e-05
0.0037928
-2.40416e-05
0.00378921
-8.02441e-05
0.0037885
-0.000144728
0.0037922
-0.000219162
0.00380185
-0.000304754
0.00382008
-0.000407263
0.00385102
-0.00053241
0.00389906
-0.000683773
0.00397038
-0.000868968
0.00407466
-0.00109647
0.0042263
-0.00137552
0.00444632
-0.00171567
0.00476493
-0.00212517
0.00522396
-0.00260662
0.005865
-0.00315274
0.00651787
-0.0034485
0.00702689
-0.00332678
0.00732727
-0.00282293
0.00722682
-0.00182283
0.00685771
-0.000752122
0.00660625
1.62788e-05
0.00653162
0.000668449
0.00653535
0.00127921
0.00664455
0.00166393
0.00667196
0.00211777
0.0066201
0.00242849
0.00648841
0.00264104
0.00629708
0.00267734
0.00604947
0.00261246
0.00575289
0.00245338
0.0054355
0.00219792
0.00511946
0.00188603
0.00482644
0.00155237
0.00457223
0.00122999
0.00435979
0.00094415
0.0041873
0.000704328
0.00405074
0.00051146
0.00394503
0.000361787
0.003865
0.000248881
0.00380573
0.000165804
0.00376269
0.000106342
0.00373193
6.50234e-05
0.00371041
3.68808e-05
0.00369558
1.84755e-05
0.00368544
7.02475e-06
0.00367864
1.20812e-07
0.00367412
-3.69843e-06
0.00367118
-5.53103e-06
0.00366928
-6.1641e-06
0.0036681
-6.07845e-06
0.00366738
-5.60207e-06
0.00366697
-4.93772e-06
0.00366676
-4.20685e-06
0.00366667
-3.47951e-06
0.00366665
-2.79524e-06
0.00366666
-2.16485e-06
0.00366668
-1.61264e-06
-9.87316e-07
0.00321193
2.95183e-05
0.00324665
8.87378e-05
0.00329802
0.000140185
0.00335904
0.000179919
0.00342424
0.000207907
0.00348951
0.000225379
0.00355205
0.000233759
0.00360951
0.0002343
0.00365993
0.000228159
0.00370319
0.000216865
0.00373977
0.000201309
0.00376912
0.000181453
0.00379151
0.000157701
0.00380767
0.000130654
0.00381811
0.000100034
0.00382361
6.49182e-05
0.00382485
2.44909e-05
0.00382276
-2.19493e-05
0.00381795
-7.54313e-05
0.00381093
-0.000137709
0.00380262
-0.000210855
0.00379529
-0.000297422
0.00379048
-0.000402449
0.00378943
-0.000531366
0.00379588
-0.000690223
0.00381562
-0.000888714
0.00385789
-0.00113873
0.00393747
-0.00145511
0.0040777
-0.00185589
0.00431531
-0.00236278
0.00470435
-0.00299566
0.00518935
-0.00363774
0.00535476
-0.00361391
0.00489402
-0.00286604
0.00269971
-0.000442159
0.00105915
4.45227e-19
0.000386955
-6.01129e-19
0.000387112
-1.0663e-18
0.000935692
-1.43419e-18
0.00197718
-1.82995e-18
0.00305138
0.00051479
0.00385769
0.00131146
0.00443643
0.00184975
0.00481247
0.00226499
0.0050119
0.00247791
0.00508944
0.00253493
0.00507061
0.00247221
0.00497642
0.00229211
0.00483514
0.00202731
0.00467156
0.00171595
0.00450882
0.00139273
0.00436113
0.00109184
0.00423371
0.000831748
0.004128
0.000617178
0.00404312
0.000446663
0.00397653
0.000315469
0.00392524
0.000217098
0.00388634
0.000145241
0.00385739
9.39702e-05
0.00383646
5.78146e-05
0.00382137
3.35612e-05
0.00381055
1.78504e-05
0.00380294
7.7306e-06
0.00379754
1.69658e-06
0.00379376
-1.7445e-06
0.00379112
-3.52248e-06
0.00378929
-4.24902e-06
0.00378802
-4.33778e-06
0.00378715
-4.06947e-06
0.00378656
-3.61596e-06
0.00378616
-3.08163e-06
0.0037859
-2.53037e-06
0.00378573
-1.99068e-06
0.00378561
-1.49962e-06
-9.19631e-07
0.00320828
2.12395e-05
0.00323301
6.40046e-05
0.00327096
0.000102236
0.00331792
0.00013296
0.00337025
0.000155575
0.003425
0.000170632
0.00347982
0.000178932
0.00353284
0.000181283
0.00358254
0.000178462
0.00362805
0.000171353
0.00366881
0.000160554
0.00370405
0.00014621
0.00373331
0.000128441
0.00375671
0.000107254
0.0037742
8.25452e-05
0.00378564
5.34786e-05
0.00379086
1.9263e-05
0.00378993
-2.10147e-05
0.00378304
-6.85395e-05
0.00377021
-0.000124879
0.00375158
-0.000192224
0.00372765
-0.000273496
0.00369837
-0.00037317
0.00366411
-0.000497107
0.00362679
-0.000652902
0.00358952
-0.000851447
0.00355841
-0.00110762
0.00354486
-0.00144156
0.00356871
-0.00187975
0.00366198
-0.00245605
0.00384128
-0.00317496
0.00372067
-0.00351712
0.00269389
-0.00258713
0.000316741
1.99059e-18
1.38484e-18
7.31453e-19
6.66772e-19
-2.58625e-19
2.51376e-19
-3.63634e-20
1.90831e-19
2.42465e-21
2.48835e-19
3.05805e-20
1.19581e-18
4.70117e-20
0.000225044
-9.44297e-19
0.00105839
0.000153552
0.00197668
0.000931471
0.00274931
0.00149236
0.00331015
0.00191707
0.00369908
0.002146
0.00396243
0.00220885
0.00412178
0.00213276
0.00419981
0.00194928
0.00421748
0.00169827
0.00419591
0.0014143
0.00415467
0.00113308
0.0041065
0.00087992
0.00405864
0.000665044
0.00401511
0.000490186
0.00397776
0.000352824
0.00394695
0.000247905
0.0039222
0.000169994
0.00390277
0.000113398
0.00388782
7.27656e-05
0.00387653
4.48504e-05
0.00386832
2.60648e-05
0.00386215
1.39019e-05
0.0038574
6.44735e-06
0.00385386
1.79689e-06
0.00385123
-8.91997e-07
0.00384928
-2.30089e-06
0.00384783
-2.89396e-06
0.00384677
-3.00096e-06
0.00384598
-2.82726e-06
0.0038454
-2.50229e-06
0.00384497
-2.1077e-06
0.00384467
-1.6859e-06
0.00384445
-1.28213e-06
-7.84924e-07
0.00320623
1.50094e-05
0.00322497
4.52614e-05
0.00325442
7.27903e-05
0.00329185
9.55266e-05
0.00333465
0.000112773
0.00338062
0.000124669
0.00342791
0.000131639
0.00347495
0.000134247
0.00352038
0.000133023
0.00356326
0.000128475
0.0036028
0.000121011
0.00363824
0.000110773
0.00366891
9.77688e-05
0.0036943
8.18673e-05
0.00371401
6.2837e-05
0.00372737
4.01174e-05
0.00373374
1.2893e-05
0.00373247
-1.97465e-05
0.00372286
-5.8931e-05
0.00370412
-0.000106136
0.00367531
-0.000163412
0.00363539
-0.000233578
0.0035829
-0.000320682
0.0035162
-0.000430406
0.00343392
-0.000570623
0.00333508
-0.000752609
0.00322004
-0.000992592
0.00309239
-0.0013139
0.00296233
-0.00174969
0.0028424
-0.00233612
0.00266424
-0.0029968
0.00182427
-0.00267716
5.57759e-18
-0.000148547
1.04524e-18
-6.98595e-19
1.03147e-19
-9.31136e-20
1.70997e-22
4.78007e-24
4.93246e-22
2.71192e-24
1.46007e-21
3.13183e-23
2.27633e-21
5.31142e-23
2.36205e-20
-5.00728e-21
6.03977e-19
1.93444e-20
-9.26264e-05
-7.53462e-19
0.000292719
0.000177996
0.00103841
0.000746664
0.00171479
0.00124069
0.0022785
0.00158229
0.00273716
0.00175019
0.00310065
0.00176928
0.00337668
0.00167325
0.0035766
0.00149835
0.003713
0.00127791
0.00380036
0.00104571
0.00385363
0.000826653
0.00388399
0.000634681
0.00389941
0.000474769
0.00390554
0.000346694
0.00390621
0.000247235
0.0039039
0.000172305
0.00390025
0.000117046
0.00389604
7.69822e-05
0.00389179
4.90922e-05
0.00388802
2.9837e-05
0.00388492
1.70074e-05
0.00388232
9.04976e-06
0.00388002
4.08993e-06
0.00387808
1.0467e-06
0.00387649
-7.04188e-07
0.0038752
-1.60754e-06
0.00387417
-1.97028e-06
0.00387335
-2.0114e-06
0.00387272
-1.86379e-06
0.00387222
-1.61496e-06
0.00387185
-1.31376e-06
0.00387158
-1.0071e-06
-6.13971e-07
0.003205
1.00056e-05
0.00322008
3.01859e-05
0.00324412
4.87512e-05
0.00327528
6.4368e-05
0.00331159
7.64592e-05
0.00335127
8.49909e-05
0.00339274
9.01706e-05
0.00343466
9.23272e-05
0.00347585
9.18263e-05
0.00351534
8.89873e-05
0.0035523
8.4051e-05
0.00358594
7.71299e-05
0.00361551
6.8201e-05
0.00364028
5.71011e-05
0.00365956
4.35489e-05
0.00367255
2.71354e-05
0.00367806
7.37584e-06
0.00367497
-1.66493e-05
0.00366186
-4.58231e-05
0.00363711
-8.13863e-05
0.00359873
-0.000125038
0.00354427
-0.000179119
0.00347056
-0.00024697
0.00337354
-0.000333386
0.00324815
-0.000445236
0.00308809
-0.000592546
0.00288565
-0.000790158
0.00263178
-0.00106003
0.00231527
-0.00143318
0.00190635
-0.0019272
0.00127441
-0.00236486
2.19136e-05
-0.000936981
2.93931e-18
2.19204e-18
-9.18558e-21
-1.20027e-19
4.07692e-23
1.53938e-24
8.76749e-23
1.18773e-24
2.09572e-22
3.47937e-24
4.6139e-22
1.02202e-23
1.19395e-21
2.40619e-23
3.79765e-21
5.68458e-23
-1.7641e-21
-3.56947e-21
6.30531e-19
1.22483e-20
-0.000436312
-7.98396e-19
3.54501e-05
0.000274903
0.00060219
0.000673949
0.00116267
0.00102181
0.00168656
0.0012263
0.00215889
0.00129695
0.00256923
0.00126291
0.0029118
0.00115577
0.00318524
0.00100447
0.00339469
0.000836263
0.0035501
0.000671243
0.00366253
0.000522259
0.00374199
0.0003953
0.00379687
0.000291822
0.00383379
0.000210316
0.00385799
0.000148102
0.00387325
0.000101786
0.00388221
6.80186e-05
0.00388716
4.41442e-05
0.00388939
2.76078e-05
0.00389
1.63996e-05
0.00388988
9.1731e-06
0.00388931
4.65495e-06
0.0038885
1.85526e-06
0.00388759
2.1132e-07
0.00388667
-6.95448e-07
0.00388584
-1.13589e-06
0.00388511
-1.28536e-06
0.0038845
-1.25348e-06
0.00388401
-1.1179e-06
0.00388362
-9.24216e-07
0.00388332
-7.13057e-07
-4.32368e-07
0.00320427
5.73534e-06
0.00321714
1.73165e-05
0.00323785
2.80425e-05
0.00326505
3.71687e-05
0.00329718
4.43251e-05
0.00333273
4.94454e-05
0.00337028
5.26189e-05
0.0034086
5.40102e-05
0.00344659
5.38298e-05
0.00348332
5.22602e-05
0.00351794
4.94309e-05
0.00354966
4.54117e-05
0.00357767
4.01821e-05
0.00360115
3.36207e-05
0.00361921
2.54897e-05
0.00363091
1.54423e-05
0.00363481
3.46976e-06
0.00362942
-1.12568e-05
0.00361282
-2.92267e-05
0.00358274
-5.13011e-05
0.00353633
-7.86287e-05
0.00346996
-0.000112751
0.00337887
-0.000155876
0.0032567
-0.000211223
0.00309495
-0.000283485
0.00288204
-0.000379635
0.00260205
-0.000510168
0.00223293
-0.000690917
0.00174323
-0.000943478
0.00108519
-0.00126916
0.00016816
-0.00144783
5.9339e-18
-0.000154512
-2.74104e-20
-6.32145e-19
1.4514e-23
6.03965e-25
2.62192e-23
-4.76131e-26
6.0212e-23
-1.51171e-27
1.31e-22
2.3132e-24
2.85403e-22
3.73698e-24
6.83789e-22
6.27845e-24
1.97257e-21
5.56053e-24
7.42981e-21
-2.17567e-23
7.06516e-21
4.02032e-22
1.10717e-18
1.26101e-20
-0.000383595
4.41903e-05
-2.95192e-05
0.000319876
0.000438108
0.000554186
0.000950513
0.000713893
0.00146379
0.000783678
0.00194576
0.000780945
0.00237586
0.00072567
0.00274186
0.000638476
0.00304107
0.00053705
0.00327704
0.000435278
0.00345753
0.000341762
0.00359202
0.000260817
0.00368983
0.000194013
0.00375931
0.00014083
0.00380756
9.98598e-05
0.00384021
6.91297e-05
0.00386161
4.66193e-05
0.00387519
3.05674e-05
0.00388342
1.93755e-05
0.00388804
1.17798e-05
0.00389043
6.79075e-06
0.00389148
3.59981e-06
0.00389172
1.61789e-06
0.00389147
4.55486e-07
0.00389099
-2.1001e-07
0.0038904
-5.50302e-07
0.00388981
-6.912e-07
0.00388927
-7.09675e-07
0.0038888
-6.50381e-07
0.00388842
-5.44979e-07
0.00388813
-4.20703e-07
-2.53454e-07
0.00320387
1.86531e-06
0.00321555
5.63773e-06
0.00323444
9.14955e-06
0.00325945
1.21622e-05
0.00328924
1.45307e-05
0.00332245
1.6236e-05
0.00335777
1.7304e-05
0.00339399
1.7784e-05
0.00343008
1.77432e-05
0.0034651
1.72407e-05
0.00349821
1.63185e-05
0.00352862
1.49999e-05
0.00355553
1.32779e-05
0.00357803
1.11136e-05
0.00359511
8.41392e-06
0.00360553
5.02115e-06
0.00360806
9.37066e-07
0.00360086
-4.05463e-06
0.0035817
-1.00647e-05
0.00354793
-1.75283e-05
0.00349614
-2.68386e-05
0.00342189
-3.85091e-05
0.00331933
-5.33084e-05
0.00318047
-7.23716e-05
0.00299435
-9.7368e-05
0.00274551
-0.000130794
0.00241178
-0.00017644
0.00196091
-0.000240045
0.00134665
-0.000329219
0.000519509
-0.000442019
-0.000467256
-0.000461063
4.78358e-18
-7.45818e-06
-1.1938e-19
-1.31533e-19
1.12186e-23
-1.94133e-26
2.23897e-23
-3.46004e-27
4.96449e-23
1.29832e-24
8.98143e-23
1.58462e-25
1.96048e-22
4.7874e-25
4.69286e-22
1.60228e-24
1.3713e-21
5.20131e-24
4.74985e-21
-6.33818e-24
7.90205e-21
-2.47214e-23
7.09329e-19
-1.69581e-21
-0.000574494
4.37655e-06
-0.000341284
8.66679e-05
4.04883e-05
0.000172415
0.000521496
0.000232886
0.00104383
0.000261349
0.00156085
0.000263926
0.00203934
0.000247179
0.00245889
0.000218924
0.00281084
0.000185105
0.00309551
0.000150608
0.00331857
0.000118697
0.00348841
9.09867e-05
0.00361447
6.79452e-05
0.00370581
4.94919e-05
0.00377046
3.52143e-05
0.00381512
2.44629e-05
0.00384518
1.65655e-05
0.00386483
1.09119e-05
0.00387725
6.96051e-06
0.00388476
4.27095e-06
0.00388906
2.49244e-06
0.00389131
1.34857e-06
0.0038923
6.29259e-07
0.00389255
2.07679e-07
0.00389237
-3.24018e-08
0.00389198
-1.58604e-07
0.0038915
-2.17014e-07
0.00389102
-2.28766e-07
0.00389058
-2.13238e-07
0.00389022
-1.79888e-07
0.00388994
-1.39767e-07
-8.52424e-08
0.00320374
-1.87225e-06
0.00321501
-5.63953e-06
0.00323331
-9.14975e-06
0.00325763
-1.21587e-05
0.00328669
-1.45231e-05
0.00331915
-1.62236e-05
0.00335374
-1.72865e-05
0.00338928
-1.77611e-05
0.00342474
-1.77148e-05
0.00345919
-1.72076e-05
0.00349179
-1.62819e-05
0.00352175
-1.49616e-05
0.00354827
-1.32403e-05
0.00357046
-1.10794e-05
0.00358726
-8.38629e-06
0.00359729
-5.00247e-06
0.00359915
-9.30211e-07
0.00359105
4.05122e-06
0.00357093
1.00499e-05
0.0035359
1.75021e-05
0.00348226
2.68024e-05
0.00340529
3.8465e-05
0.00329872
5.32594e-05
0.00315402
7.2321e-05
0.00295934
9.73193e-05
0.00269779
0.00013075
0.00234495
0.0001764
0.0018649
0.000240003
0.00120652
0.000329157
0.000322601
0.000441906
-0.000599394
0.000460933
4.16816e-18
7.45672e-06
-1.17936e-19
1.31532e-19
9.86281e-24
1.96219e-26
2.29485e-23
9.16203e-27
3.98989e-23
-1.62121e-24
8.36337e-23
-1.68084e-25
1.84733e-22
-4.8102e-25
3.98423e-22
-1.60157e-24
1.04003e-21
-5.19921e-24
3.40269e-21
6.34334e-24
4.57982e-21
7.02967e-23
5.50781e-19
1.53328e-21
-0.000605549
-4.3816e-06
-0.000432133
-8.67464e-05
-8.7222e-05
-0.000172494
0.000378591
-0.000232925
0.00090129
-0.000261349
0.00142912
-0.000263899
0.00192342
-0.000247128
0.00236121
-0.000218864
0.00273136
-0.000185042
0.0030325
-0.000150532
0.00326984
-0.000118646
0.00345177
-9.09338e-05
0.00358762
-6.79057e-05
0.00368658
-4.94685e-05
0.00375699
-3.51992e-05
0.00380591
-2.44571e-05
0.00383904
-1.65657e-05
0.00386087
-1.09159e-05
0.0038748
-6.96639e-06
0.00388335
-4.27745e-06
0.00388834
-2.49852e-06
0.00389104
-1.35389e-06
0.0038923
-6.33476e-07
0.00389272
-2.1084e-07
0.00389266
3.0316e-08
0.00389234
1.57275e-07
0.00389191
2.16133e-07
0.00389145
2.28143e-07
0.00389103
2.1258e-07
0.00389067
1.79039e-07
0.00389039
1.38613e-07
8.33062e-08
0.00320387
-5.74225e-06
0.00321555
-1.73182e-05
0.00323444
-2.80428e-05
0.00325945
-3.71651e-05
0.00328924
-4.43176e-05
0.00332245
-4.94332e-05
0.00335777
-5.26016e-05
0.00339399
-5.39876e-05
0.00343008
-5.38019e-05
0.0034651
-5.22277e-05
0.00349821
-4.93951e-05
0.00352863
-4.53743e-05
0.00355553
-4.01455e-05
0.00357804
-3.35877e-05
0.00359512
-2.54632e-05
0.00360554
-1.54243e-05
0.00360807
-3.46267e-06
0.00360087
1.12529e-05
0.00358171
2.92113e-05
0.00354793
5.12746e-05
0.00349614
7.85923e-05
0.0034219
0.000112707
0.00331933
0.000155827
0.00318048
0.000211172
0.00299436
0.000283436
0.00274552
0.00037959
0.00241179
0.000510128
0.00196092
0.000690877
0.00134666
0.000943421
0.000519503
0.00126906
-0.000467263
0.0014477
4.78361e-18
0.000154503
-1.19386e-19
6.32104e-19
1.11579e-23
-6.02892e-25
2.20878e-23
5.22088e-26
4.95505e-23
1.41076e-26
8.98143e-23
-2.31383e-24
1.96052e-22
-3.73425e-24
4.69314e-22
-6.27348e-24
1.37032e-21
-5.54819e-24
4.77723e-21
2.17969e-23
7.86208e-21
-3.65872e-22
7.09334e-19
-1.26106e-20
-0.000574491
-4.41978e-05
-0.0003413
-0.000319936
4.0453e-05
-0.000554245
0.000521456
-0.000713927
0.00104379
-0.000783686
0.00156082
-0.000780929
0.00203933
-0.000725637
0.00245889
-0.000638418
0.00281084
-0.000536993
0.00309552
-0.000435211
0.00331857
-0.0003417
0.00348841
-0.000260774
0.00361448
-0.00019397
0.00370582
-0.000140808
0.00377046
-9.9845e-05
0.00381513
-6.91235e-05
0.00384518
-4.6619e-05
0.00386484
-3.05706e-05
0.00387725
-1.93804e-05
0.00388476
-1.17853e-05
0.00388906
-6.79587e-06
0.00389131
-3.60431e-06
0.0038923
-1.62156e-06
0.00389255
-4.58253e-07
0.00389237
2.0815e-07
0.00389198
5.49125e-07
0.0038915
6.90357e-07
0.00389102
7.09027e-07
0.00389058
6.49754e-07
0.00389022
5.44072e-07
0.00388994
4.19537e-07
2.51473e-07
0.00320427
-1.00124e-05
0.00321714
-3.01874e-05
0.00323785
-4.87515e-05
0.00326505
-6.43644e-05
0.00329718
-7.64519e-05
0.00333273
-8.4979e-05
0.00337028
-9.01538e-05
0.0034086
-9.23052e-05
0.00344659
-9.17993e-05
0.00348332
-8.8956e-05
0.00351794
-8.40166e-05
0.00354966
-7.70943e-05
0.00357768
-6.81664e-05
0.00360117
-5.707e-05
0.00361923
-4.35241e-05
0.00363092
-2.7119e-05
0.00363483
-7.36963e-06
0.00362944
1.66445e-05
0.00361284
4.5807e-05
0.00358276
8.13594e-05
0.00353635
0.000125001
0.00346998
0.000179075
0.00337888
0.000246921
0.00325672
0.000333336
0.00309497
0.000445187
0.00288206
0.000592501
0.00260207
0.000790117
0.00223295
0.00105999
0.00174324
0.00143313
0.00108519
0.00192712
0.00016814
0.00236475
5.93433e-18
0.000936953
-2.73914e-20
-2.19231e-18
1.45098e-23
1.20023e-19
2.62209e-23
-1.53872e-24
6.02111e-23
-1.18202e-24
1.31005e-22
-3.47624e-24
2.85416e-22
-1.02128e-23
6.83828e-22
-2.40447e-23
1.97266e-21
-5.68164e-23
7.42925e-21
3.56902e-21
7.08414e-21
-1.22539e-20
1.10714e-18
7.98344e-19
-0.000383564
-0.000274941
-2.9509e-05
-0.00067399
0.000438101
-0.00102185
0.000950504
-0.00122633
0.00146379
-0.00129697
0.00194577
-0.00126291
0.00237588
-0.00115575
0.00274188
-0.00100442
0.00304109
-0.000836198
0.00327705
-0.000671179
0.00345755
-0.000522191
0.00359203
-0.000395258
0.00368984
-0.00029178
0.00375933
-0.000210294
0.00380757
-0.000148087
0.00384023
-0.00010178
0.00386163
-6.8017e-05
0.0038752
-4.41456e-05
0.00388343
-2.76109e-05
0.00388805
-1.64031e-05
0.00389043
-9.17637e-06
0.00389148
-4.65785e-06
0.00389172
-1.85786e-06
0.00389148
-2.13348e-07
0.00389099
6.94026e-07
0.0038904
1.13492e-06
0.00388981
1.28465e-06
0.00388927
1.25285e-06
0.0038888
1.1172e-06
0.00388842
9.23255e-07
0.00388813
7.11766e-07
4.30294e-07
0.003205
-1.50158e-05
0.00322008
-4.52629e-05
0.00324412
-7.27904e-05
0.00327528
-9.55232e-05
0.00331159
-0.000112766
0.00335127
-0.000124657
0.00339274
-0.000131623
0.00343466
-0.000134226
0.00347586
-0.000132998
0.00351535
-0.000128446
0.00355231
-0.000120979
0.00358595
-0.00011074
0.00361552
-9.77369e-05
0.00364029
-8.1839e-05
0.00365958
-6.28145e-05
0.00367257
-4.01031e-05
0.00367809
-1.28886e-05
0.00367499
1.97403e-05
0.00366188
5.8914e-05
0.00363713
0.000106109
0.00359876
0.000163376
0.0035443
0.000233535
0.00347058
0.000320635
0.00337356
0.000430356
0.00324817
0.000570575
0.00308811
0.000752564
0.00288568
0.00099255
0.0026318
0.00131387
0.00231529
0.00174964
0.00190635
0.00233605
0.0012744
0.00299671
2.1913e-05
0.00267711
2.93931e-18
0.000148547
-9.18502e-21
6.98581e-19
4.07885e-23
9.31178e-20
8.76849e-23
-4.77697e-24
2.09585e-22
-2.70654e-24
4.6144e-22
-3.12894e-23
1.19417e-21
-5.30802e-23
3.79805e-21
5.00651e-21
-1.75874e-21
-1.93493e-20
6.30474e-19
7.53396e-19
-0.000436315
-0.000177993
3.54604e-05
-0.000746716
0.000602208
-0.00124074
0.00116269
-0.00158234
0.00168659
-0.00175023
0.00215892
-0.0017693
0.00256926
-0.00167325
0.00291183
-0.00149831
0.00318527
-0.00127785
0.00339471
-0.00104564
0.00355011
-0.000826584
0.00366254
-0.000634615
0.00374201
-0.000474727
0.00379688
-0.000346658
0.00383381
-0.000247214
0.00385801
-0.000172291
0.00387327
-0.000117038
0.00388223
-7.69784e-05
0.00388717
-4.90909e-05
0.0038894
-2.98371e-05
0.00389001
-1.70078e-05
0.00388988
-9.0507e-06
0.00388931
-4.09111e-06
0.0038885
-1.04793e-06
0.00388759
7.03222e-07
0.00388668
1.6067e-06
0.00388584
1.96961e-06
0.00388511
2.0108e-06
0.0038845
1.86315e-06
0.00388401
1.61417e-06
0.00388362
1.31268e-06
0.00388332
1.00566e-06
6.11785e-07
0.00320623
-2.12455e-05
0.00322497
-6.4006e-05
0.00325442
-0.000102236
0.00329185
-0.000132956
0.00333465
-0.000155568
0.00338062
-0.000170621
0.00342791
-0.000178917
0.00347495
-0.000181263
0.00352039
-0.000178438
0.00356327
-0.000171326
0.00360281
-0.000160525
0.00363826
-0.000146181
0.00366893
-0.000128413
0.00369432
-0.000107229
0.00371403
-8.25259e-05
0.0037274
-5.34672e-05
0.00373377
-1.92609e-05
0.0037325
2.10067e-05
0.0037229
6.85216e-05
0.00370415
0.000124852
0.00367534
0.000192188
0.00363542
0.000273455
0.00358293
0.000373124
0.00351622
0.00049706
0.00343394
0.000652855
0.0033351
0.000851403
0.00322007
0.00110758
0.00309242
0.00144152
0.00296235
0.00187971
0.00284241
0.00245599
0.00266424
0.00317488
0.00182428
0.00351708
5.5783e-18
0.00258714
1.04528e-18
-1.99108e-18
1.03149e-19
-7.30755e-19
1.7102e-22
2.58648e-19
4.9332e-22
3.63625e-20
1.46034e-21
-2.4271e-21
2.27704e-21
-3.05832e-20
2.36273e-20
-4.70113e-20
6.03925e-19
9.44262e-19
-9.26265e-05
-0.000153552
0.000292738
-0.000931487
0.00103842
-0.0014924
0.00171481
-0.00191712
0.00227853
-0.00214605
0.00273719
-0.00220889
0.00310067
-0.00213278
0.00337668
-0.00194927
0.0035766
-0.00169823
0.00371299
-0.00141424
0.00380035
-0.001133
0.00385362
-0.000879853
0.003884
-0.000664993
0.00389942
-0.000490151
0.00390556
-0.000352796
0.00390623
-0.000247885
0.00390392
-0.00016998
0.00390027
-0.000113388
0.00389605
-7.27587e-05
0.00389181
-4.48455e-05
0.00388803
-2.60614e-05
0.00388493
-1.38994e-05
0.00388232
-6.44601e-06
0.00388003
-1.79616e-06
0.00387809
8.92249e-07
0.00387649
2.3009e-06
0.0038752
2.89372e-06
0.00387417
3.00056e-06
0.00387336
2.82674e-06
0.00387272
2.5016e-06
0.00387223
2.10678e-06
0.00387185
1.68468e-06
0.00387158
1.28054e-06
7.82645e-07
0.00320828
-2.95235e-05
0.00323301
-8.87392e-05
0.00327096
-0.000140185
0.00331792
-0.000179916
0.00337025
-0.0002079
0.003425
-0.000225369
0.00347983
-0.000233745
0.00353285
-0.000234282
0.00358255
-0.000228138
0.00362806
-0.000216841
0.00366882
-0.000201283
0.00370407
-0.000181427
0.00373333
-0.000157677
0.00375673
-0.000130633
0.00377423
-0.000100019
0.00378567
-6.49104e-05
0.0037909
-2.44917e-05
0.00378997
2.19396e-05
0.00378308
7.54129e-05
0.00377025
0.000137682
0.00375161
0.000210821
0.00372768
0.000297384
0.0036984
0.000402407
0.00366414
0.000531322
0.00362681
0.000690179
0.00358954
0.000888672
0.00355844
0.00113869
0.00354488
0.00145507
0.00356874
0.00185585
0.003662
0.00236273
0.00384128
0.0029956
0.00372067
0.00363769
0.00269392
0.00361389
0.000316784
0.00286602
1.38464e-18
0.000442202
6.66756e-19
-4.45186e-19
2.51381e-19
6.01083e-19
1.90834e-19
1.06624e-18
2.4884e-19
1.43414e-18
1.19579e-18
1.82995e-18
0.000225036
-0.000514781
0.00105838
-0.00131145
0.00197668
-0.00184979
0.0027493
-0.00226503
0.00331014
-0.00247796
0.00369906
-0.00253497
0.00396242
-0.00247225
0.00412176
-0.00229212
0.00419977
-0.00202728
0.00421744
-0.0017159
0.00419587
-0.00139267
0.00415465
-0.00109178
0.00410649
-0.000831697
0.00405864
-0.000617143
0.00401513
-0.000446637
0.00397778
-0.000315447
0.00394698
-0.000217081
0.00392222
-0.000145226
0.00390279
-9.39576e-05
0.00388784
-5.78048e-05
0.00387655
-3.35531e-05
0.00386833
-1.78442e-05
0.00386216
-7.72601e-06
0.0038574
-1.69345e-06
0.00385386
1.74663e-06
0.00385123
3.52398e-06
0.00384928
4.24968e-06
0.00384784
4.33792e-06
0.00384677
4.06923e-06
0.00384598
3.61542e-06
0.0038454
3.08084e-06
0.00384498
2.52931e-06
0.00384467
1.98931e-06
0.00384446
1.4979e-06
9.17314e-07
0.00321193
-4.14533e-05
0.00324665
-0.000123463
0.00329802
-0.000191548
0.00335904
-0.000240941
0.00342424
-0.000273097
0.00348951
-0.000290637
0.00355205
-0.000296291
0.00360951
-0.000291744
0.00365994
-0.000278564
0.0037032
-0.000260102
0.00373978
-0.000237865
0.00376914
-0.000210785
0.00379153
-0.00018007
0.0038077
-0.000146798
0.00381814
-0.000110465
0.00382365
-7.04147e-05
0.00382489
-2.57374e-05
0.0038228
2.40309e-05
0.00381799
8.02257e-05
0.00381097
0.000144702
0.00380266
0.000219132
0.00379532
0.000304719
0.0037905
0.000407225
0.00378946
0.000532371
0.0037959
0.000683733
0.00381564
0.000868929
0.0038579
0.00109643
0.00393749
0.00137549
0.00407771
0.00171564
0.00431531
0.00212513
0.00470435
0.00260656
0.00518933
0.00315271
0.00535471
0.0034485
0.00489395
0.00332679
0.00269969
0.00282292
0.00105913
0.00182283
0.000386945
0.000752112
0.000387106
-1.6282e-05
0.000935691
-0.000668456
0.00197716
-0.0012792
0.00305137
-0.00166392
0.00385767
-0.00211776
0.00443641
-0.00242852
0.00481245
-0.00264107
0.00501186
-0.00267738
0.00508939
-0.0026125
0.00507056
-0.00245341
0.00497636
-0.00219792
0.00483507
-0.00188599
0.0046715
-0.00155232
0.00450877
-0.00122994
0.0043611
-0.000944108
0.0042337
-0.000704297
0.004128
-0.000511438
0.00404313
-0.000361767
0.00397654
-0.000248862
0.00392525
-0.000165787
0.00388635
-0.000106326
0.0038574
-6.50091e-05
0.00383647
-3.6869e-05
0.00382138
-1.84659e-05
0.00381055
-7.0174e-06
0.00380294
-1.15318e-07
0.00379755
3.7024e-06
0.00379376
5.53387e-06
0.00379112
6.16593e-06
0.00378929
6.07943e-06
0.00378803
5.60239e-06
0.00378716
4.93749e-06
0.00378657
4.20622e-06
0.00378617
3.47857e-06
0.0037859
2.79405e-06
0.00378573
2.1634e-06
0.00378562
1.61088e-06
9.85085e-07
0.00321901
-6.04667e-05
0.00327106
-0.000175513
0.00334305
-0.000263531
0.00342297
-0.000320862
0.00350237
-0.000352504
0.00357526
-0.000363525
0.0036388
-0.000359829
0.00369107
-0.000344019
0.00373107
-0.000318557
0.00376065
-0.000289689
0.00378211
-0.000259317
0.00379678
-0.000225459
0.00380528
-0.000188571
0.003808
-0.000149516
0.00380665
-0.000109112
0.00380278
-6.65455e-05
0.00379778
-2.07428e-05
0.00379284
2.89705e-05
0.00378925
8.38179e-05
0.00378854
0.000145415
0.00379224
0.00021543
0.00380188
0.000295075
0.0038201
0.000389005
0.00385104
0.000501435
0.00389908
0.000635694
0.00397039
0.000797618
0.00407466
0.00099216
0.0042263
0.00122385
0.00444632
0.00149562
0.00476491
0.00180653
0.00522393
0.00214754
0.00586498
0.00251166
0.0065179
0.00279558
0.00702696
0.00281773
0.00732729
0.00252259
0.00722679
0.00192332
0.00685766
0.00112125
0.00660616
0.000235221
0.00653153
-0.000593833
0.00653528
-0.00128295
0.00664451
-0.00177315
0.00667193
-0.00214518
0.00662007
-0.00237667
0.00648837
-0.00250937
0.00629703
-0.00248603
0.0060494
-0.00236487
0.0057528
-0.00215681
0.0054354
-0.00188052
0.00511937
-0.00156996
0.00482637
-0.00125932
0.00457218
-0.000975756
0.00435976
-0.000731685
0.00418728
-0.00053182
0.00405073
-0.000374889
0.00394503
-0.000256062
0.003865
-0.000168835
0.00380573
-0.000106521
0.00376269
-6.32781e-05
0.00373193
-3.42508e-05
0.00371041
-1.53529e-05
0.00369558
-3.63328e-06
0.00368544
3.12182e-06
0.00367864
6.68582e-06
0.00367412
8.21775e-06
0.00367119
8.47285e-06
0.00366929
8.0649e-06
0.0036681
7.26491e-06
0.00366739
6.31826e-06
0.00366698
5.34527e-06
0.00366677
4.41691e-06
0.00366668
3.56933e-06
0.00366666
2.81648e-06
0.00366667
2.15156e-06
0.00366669
1.58732e-06
9.68053e-07
0.00323336
-9.38282e-05
0.00331553
-0.000257682
0.00341574
-0.000363738
0.0035126
-0.000417721
0.00359473
-0.000434632
0.00365735
-0.000426147
0.00370091
-0.000403387
0.0037288
-0.000371914
0.00374364
-0.000333394
0.00374626
-0.00029231
0.00373943
-0.000252488
0.00372656
-0.000212587
0.00371055
-0.000172563
0.003693
-0.000131961
0.00367507
-9.11883e-05
0.00365878
-5.02556e-05
0.00364635
-8.31474e-06
0.00363949
3.58322e-05
0.00363965
8.36655e-05
0.00364856
0.000136499
0.00366801
0.000195983
0.00369913
0.000263952
0.00374451
0.00034363
0.00380828
0.000437664
0.00389505
0.000548918
0.00401158
0.000681095
0.00416684
0.000836899
0.00437293
0.00101776
0.00464596
0.00122259
0.00500619
0.0014463
0.00547779
0.00167594
0.00609518
0.00189427
0.0068309
0.00205985
0.00756424
0.00208439
0.00818783
0.001899
0.00863238
0.00147877
0.00886497
0.000888652
0.00888738
0.000212812
0.00876613
-0.000472583
0.00854467
-0.00106149
0.00828488
-0.00151336
0.00798014
-0.00184044
0.00763887
-0.00203539
0.00723386
-0.00210437
0.00679949
-0.00205166
0.00633809
-0.00190347
0.00587006
-0.00168879
0.00541995
-0.0014304
0.00500803
-0.00115804
0.00464979
-0.000901076
0.00435051
-0.000676477
0.00410981
-0.000490989
0.00392259
-0.000344597
0.00378106
-0.000233363
0.00367662
-0.000151622
0.00360117
-9.33861e-05
0.00354779
-5.31389e-05
0.0035108
-2.62824e-05
0.00348565
-9.10397e-06
0.00346895
1.3418e-06
0.00345814
7.18583e-06
0.00345137
9.89245e-06
0.00344729
1.07635e-05
0.00344494
1.05654e-05
0.0034437
9.71303e-06
0.00344315
8.61223e-06
0.00344303
7.38708e-06
0.00344316
6.19216e-06
0.00344341
5.09533e-06
0.0034437
4.12209e-06
0.003444
3.27592e-06
0.00344426
2.54967e-06
0.00344449
1.92571e-06
0.00344467
1.40777e-06
8.5602e-07
0.00326303
-0.000156854
0.00339009
-0.000384748
0.00350635
-0.000479994
0.00358845
-0.00049982
0.00364006
-0.000486242
0.0036631
-0.00044919
0.00365932
-0.000399606
0.00363526
-0.000347853
0.00359858
-0.000296721
0.00355386
-0.000247585
0.00350407
-0.000202704
0.00345426
-0.000162777
0.00340797
-0.000126273
0.00336774
-9.17291e-05
0.00333503
-5.84804e-05
0.00331087
-2.60884e-05
0.00329668
5.87678e-06
0.0032934
3.91046e-05
0.00330211
7.49594e-05
0.00332427
0.000114341
0.00336158
0.000158671
0.0034159
0.000209635
0.00349016
0.000269368
0.0035879
0.000339923
0.00371337
0.000423448
0.0038727
0.000521764
0.00407355
0.000636046
0.00432517
0.000766138
0.00463834
0.000909424
0.00502473
0.00105991
0.00549514
0.00120553
0.00606086
0.00132855
0.00671836
0.00140235
0.00741666
0.0013861
0.00807314
0.00124252
0.00860109
0.000950825
0.00896303
0.000526718
0.009127
4.88417e-05
0.00908234
-0.000427925
0.00888613
-0.000865283
0.00857474
-0.00120197
0.0081661
-0.00143179
0.007683
-0.00155229
0.00714302
-0.00156439
0.00657144
-0.00148009
0.00598954
-0.00132157
0.00542192
-0.00112116
0.0049012
-0.000909684
0.00445138
-0.000708224
0.00408169
-0.000531388
0.00379036
-0.000385148
0.0035688
-0.000269423
0.00340531
-0.000181113
0.00328788
-0.000115926
0.00320559
-6.93334e-05
0.00314931
-3.7112e-05
0.00311186
-1.56818e-05
0.00308771
-2.13315e-06
0.00307277
5.83013e-06
0.00306408
1.0036e-05
0.00305946
1.18075e-05
0.00305736
1.19945e-05
0.00305682
1.13045e-05
0.00305718
1.02062e-05
0.00305801
8.88022e-06
0.00305907
7.54598e-06
0.00306018
6.28606e-06
0.00306121
5.15427e-06
0.00306214
4.16768e-06
0.00306294
3.32317e-06
0.00306361
2.60883e-06
0.00306415
2.00841e-06
0.00306457
1.50183e-06
0.0030649
1.08176e-06
6.5593e-07
0.00332629
-0.000283141
0.00346228
-0.000520745
0.00352943
-0.000547137
0.0035377
-0.000508096
0.00350143
-0.000449966
0.00343088
-0.000378648
0.00333716
-0.000305883
0.00323118
-0.000241871
0.00312483
-0.00019037
0.00302647
-0.000149225
0.00293954
-0.000115775
0.00286507
-8.83109e-05
0.00280363
-6.48323e-05
0.0027556
-4.36994e-05
0.00272103
-2.39045e-05
0.00269995
-5.00704e-06
0.00269269
1.31342e-05
0.00269934
3.24542e-05
0.00272081
5.34938e-05
0.0027583
7.68501e-05
0.00281347
0.0001035
0.00288853
0.000134574
0.00298653
0.000171365
0.00311124
0.000215218
0.00326725
0.000267433
0.00346009
0.00032893
0.00369605
0.000400082
0.00398196
0.000480235
0.00432445
0.000566927
0.00472918
0.00065518
0.00519846
0.000736252
0.00572973
0.000797282
0.006311
0.000821078
0.00691111
0.000785992
0.00748137
0.000672256
0.007959
0.0004732
0.00828515
0.00020057
0.00843685
-0.000102854
0.0083982
-0.000389282
0.00818083
-0.00064791
0.00781711
-0.00083825
0.00733155
-0.00094623
0.00675333
-0.000974073
0.00611932
-0.000930374
0.00546985
-0.000830616
0.00484742
-0.000699137
0.00428841
-0.00056216
0.00381456
-0.000435835
0.00343204
-0.0003257
0.00313588
-0.000235233
0.00291459
-0.000163858
0.00275435
-0.000109179
0.0026418
-6.85646e-05
0.00256524
-3.93634e-05
0.00251508
-1.91735e-05
0.00248373
-5.76458e-06
0.00246533
2.71828e-06
0.00245562
7.58333e-06
0.00245149
9.95857e-06
0.00245083
1.06948e-05
0.00245223
1.04086e-05
0.0024546
9.62167e-06
0.00245735
8.55496e-06
0.00246017
7.38491e-06
0.00246283
6.22432e-06
0.00246521
5.16169e-06
0.00246728
4.22067e-06
0.00246902
3.40891e-06
0.00247047
2.72152e-06
0.00247165
2.14656e-06
0.00247259
1.66903e-06
0.00247332
1.27332e-06
0.00247388
9.43498e-07
0.0024743
6.67216e-07
4.07645e-07
0.00336546
-0.000448597
0.00335166
-0.000506948
0.00323359
-0.000429069
0.00305676
-0.000331265
0.0028503
-0.000243504
0.00264449
-0.000172845
0.00246033
-0.000121722
0.00230417
-8.57116e-05
0.00217503
-6.12296e-05
0.00207032
-4.45098e-05
0.00198706
-3.25226e-05
0.00192219
-2.34339e-05
0.00187335
-1.5992e-05
0.00183901
-9.36337e-06
0.00181821
-3.10464e-06
0.00181027
2.93195e-06
0.00181476
8.64834e-06
0.00183195
1.52625e-05
0.0018628
2.26408e-05
0.00190857
3.10865e-05
0.00197107
4.09979e-05
0.00205281
5.28347e-05
0.00215705
6.71283e-05
0.00228781
8.44501e-05
0.0024499
0.000105342
0.00264864
0.00013019
0.00288962
0.000159107
0.00317816
0.000191693
0.00351843
0.000226665
0.00391214
0.000261468
0.00435659
0.000291805
0.00484239
0.000311475
0.00535119
0.000312284
0.00585267
0.000284506
0.00630394
0.000220986
0.00665562
0.000121528
0.00685826
-2.07121e-06
0.00688226
-0.000126849
0.00673299
-0.000240013
0.0064147
-0.00032962
0.005956
-0.000379548
0.00539705
-0.000387285
0.00478392
-0.000360943
0.0041665
-0.000312951
0.00359205
-0.000256162
0.00309325
-0.000200343
0.00268294
-0.000151849
0.00235984
-0.000112738
0.0021151
-8.09508e-05
0.00193581
-5.59469e-05
0.00180872
-3.67708e-05
0.00172181
-2.22621e-05
0.00166496
-1.17136e-05
0.00162977
-4.18028e-06
0.00160978
8.15766e-07
0.00160033
3.68876e-06
0.00159786
5.18583e-06
0.00159961
5.83955e-06
0.00160363
5.93804e-06
0.00160868
5.64298e-06
0.00161399
5.10308e-06
0.00161913
4.47279e-06
0.00162386
3.8329e-06
0.00162802
3.22075e-06
0.00163159
2.65978e-06
0.00163458
2.16774e-06
0.00163705
1.74702e-06
0.00163907
1.39362e-06
0.00164069
1.10068e-06
0.00164198
8.5986e-07
0.00164298
6.62803e-07
0.00164375
5.01479e-07
0.00164433
3.68429e-07
0.00164474
2.55824e-07
1.64394e-07
0.0027514
0.00224446
0.00181539
0.00148412
0.00124062
0.00106777
0.000946052
0.00086034
0.00079911
0.000754601
0.000722078
0.000698644
0.000682652
0.000673289
0.000670184
0.000673116
0.000681765
0.000697027
0.000719668
0.000750755
0.000791752
0.000844587
0.000911715
0.000996165
0.00110151
0.0012317
0.00139081
0.0015825
0.00180917
0.00207063
0.00236244
0.00267391
0.0029862
0.0032707
0.00349169
0.00361322
0.00361115
0.0034843
0.00324429
0.00291467
0.00253512
0.00214783
0.00178689
0.00147394
0.00121778
0.00101744
0.000865586
0.000752849
0.000671898
0.000615951
0.00057918
0.000556918
0.000545205
0.000541025
0.000541841
0.000545529
0.000550715
0.000556555
0.000562493
0.000568136
0.000573239
0.000577712
0.000581545
0.000584766
0.000587426
0.000589594
0.000591341
0.000592734
0.000593835
0.000594695
0.000595358
0.000595859
0.000596228
0.000596484
)
;

boundaryField
{
    ibCylinder
    {
        type            immersedBoundary;
        value           nonuniform List<scalar> 
44
(
-0.000186465
-0.000182268
-7.99248e-05
1.61214e-05
0.00011987
0.000237729
7.49382e-05
-0.000488891
-0.000125418
0.000289745
0.000324564
-0.000614309
0.000246179
0.000368131
-0.000487675
-0.000126634
0.000614309
-0.000614309
0.000614309
-0.000614309
0.000614309
-0.000614309
0.000614309
-0.000614309
0.000614309
-0.000614309
0.000614309
-0.000487675
-0.000126634
0.000614309
-0.000614309
0.000246179
0.000368131
-0.000488891
-0.000125418
0.000289745
0.000324564
-0.000186465
-0.000182268
-7.99248e-05
1.61214e-05
0.00011987
0.000237729
7.49382e-05
)
;
        value           nonuniform List<scalar> 0();
    }
    in
    {
        type            calculated;
        value           nonuniform List<scalar> 
25
(
-0.0032
-0.0032
-0.0032
-0.0032
-0.0032
-0.0032
-0.0032
-0.0032
-0.0032
-0.0032
-0.0032
-0.0032
-0.0032
-0.0032
-0.0032
-0.0032
-0.0032
-0.0032
-0.0032
-0.0032
-0.0032
-0.0032
-0.0032
-0.0032
-0.0032
)
;
    }
    out
    {
        type            calculated;
        value           nonuniform List<scalar> 
25
(
0.000596643
0.00164498
0.00247454
0.00306509
0.00344477
0.0036667
0.00378554
0.00384432
0.00387141
0.00388314
0.00388795
0.00388977
0.00389022
0.00388977
0.00388795
0.00388314
0.00387141
0.00384432
0.00378555
0.00366671
0.00344478
0.0030651
0.00247454
0.00164498
0.000596648
)
;
    }
    top
    {
        type            calculated;
        value           uniform 0;
    }
    bottom
    {
        type            calculated;
        value           uniform 0;
    }
    frontAndBack
    {
        type            empty;
        value           nonuniform List<scalar> 0();
    }
}


// ************************************************************************* //
