/*--------------------------------*- C++ -*----------------------------------*\
| =========                 |                                                 |
| \\      /  F ield         | OpenFOAM: The Open Source CFD Toolbox           |
|  \\    /   O peration     | Version:  2206                                  |
|   \\  /    A nd           | Website:  www.openfoam.com                      |
|    \\/     M anipulation  |                                                 |
\*---------------------------------------------------------------------------*/
FoamFile
{
    version     2.0;
    format      ascii;
    arch        "LSB;label=32;scalar=64";
    class       surfaceVectorField;
    location    "0.7";
    object      Uf;
}
// * * * * * * * * * * * * * * * * * * * * * * * * * * * * * * * * * * * * * //

dimensions      [0 1 -1 0 0 0 0];

internalField   nonuniform List<vector> 
3650
(
(0.859814 0.0532588 0)
(0.903271 0.140186 0)
(0.701392 0.0846431 0)
(0.900296 0.158421 0)
(0.567308 0.0661159 0)
(0.843182 0.134084 0)
(0.463788 0.036677 0)
(0.752174 0.10352 0)
(0.387693 0.0189988 0)
(0.67197 0.076095 0)
(0.333679 0.0103328 0)
(0.606495 0.0540143 0)
(0.29564 0.00559539 0)
(0.554005 0.0380384 0)
(0.268855 0.00296047 0)
(0.511606 0.0267851 0)
(0.24972 0.00154841 0)
(0.478044 0.0191345 0)
(0.235811 0.000780889 0)
(0.451754 0.0139095 0)
(0.225647 0.000327094 0)
(0.431272 0.0101635 0)
(0.218324 1.54035e-05 0)
(0.415491 0.00732325 0)
(0.213326 -0.000254135 0)
(0.403637 0.00499759 0)
(0.2104 -0.000528796 0)
(0.395217 0.00292606 0)
(0.20943 -0.000832405 0)
(0.389981 0.00097013 0)
(0.210346 -0.00120135 0)
(0.387822 -0.000916415 0)
(0.213049 -0.00165136 0)
(0.388437 -0.00270284 0)
(0.217819 -0.00218311 0)
(0.391939 -0.00476987 0)
(0.224894 -0.0028276 0)
(0.398623 -0.00707561 0)
(0.234609 -0.00362659 0)
(0.408742 -0.00971498 0)
(0.247421 -0.00461945 0)
(0.422729 -0.0128123 0)
(0.263933 -0.00585254 0)
(0.44119 -0.0165114 0)
(0.284911 -0.00737845 0)
(0.464914 -0.0209783 0)
(0.311302 -0.00925004 0)
(0.494902 -0.0263915 0)
(0.344223 -0.0115081 0)
(0.532361 -0.0329205 0)
(0.384909 -0.0141638 0)
(0.578682 -0.0406856 0)
(0.43463 -0.0171743 0)
(0.63536 -0.0497222 0)
(0.494536 -0.0204006 0)
(0.703885 -0.0599051 0)
(0.565369 -0.0235559 0)
(0.785514 -0.0708336 0)
(0.647079 -0.0261471 0)
(0.880949 -0.0817095 0)
(0.738269 -0.0274383 0)
(0.989846 -0.0911898 0)
(0.835606 -0.0264304 0)
(1.11018 -0.0973371 0)
(0.933198 -0.0219241 0)
(1.23751 -0.097591 0)
(1.02211 -0.0132225 0)
(1.36486 -0.088912 0)
(1.09117 -0.000928336 0)
(1.48173 -0.0690621 0)
(1.12915 0.0127406 0)
(1.57468 -0.0379795 0)
(1.1285 0.0270952 0)
(1.62871 0.00064793 0)
(1.08886 0.039577 0)
(1.63753 0.0396413 0)
(1.01386 0.0470084 0)
(1.59999 0.0750065 0)
(0.910848 0.0485801 0)
(1.51798 0.103008 0)
(0.792236 0.0441055 0)
(1.3994 0.118611 0)
(0.671206 0.0363339 0)
(1.25654 0.121029 0)
(0.558409 0.0273669 0)
(1.10315 0.112797 0)
(0.46061 0.0186625 0)
(0.952245 0.0977985 0)
(0.380558 0.0116561 0)
(0.812434 0.0800511 0)
(0.31795 0.00748457 0)
(0.692164 0.0626075 0)
(0.270497 0.00574723 0)
(0.59295 0.0474529 0)
(0.235266 0.00345811 0)
(0.516444 0.0352305 0)
(0.209969 0.00135033 0)
(0.457319 0.0252958 0)
(0.192486 0.000671088 0)
(0.414056 0.0174827 0)
(0.180995 7.72781e-05 0)
(0.383674 0.0114902 0)
(0.174038 -0.000414324 0)
(0.362873 0.00695647 0)
(0.170378 -0.000705386 0)
(0.349428 0.00366029 0)
(0.169071 -0.000947273 0)
(0.341383 0.00130632 0)
(0.169326 -0.00108457 0)
(0.337071 -0.000254929 0)
(0.170478 -0.00107516 0)
(0.335309 -0.00115262 0)
(0.172099 -0.000993108 0)
(0.335233 -0.00162045 0)
(0.173923 -0.000884349 0)
(0.336149 -0.00182472 0)
(0.175779 -0.000770308 0)
(0.337581 -0.00185559 0)
(0.177542 -0.00066301 0)
(0.339257 -0.00176331 0)
(0.179136 -0.000559039 0)
(0.340928 -0.00159464 0)
(0.180534 -0.000463713 0)
(0.342512 -0.00139766 0)
(0.181732 -0.000379598 0)
(0.343942 -0.00119772 0)
(0.182738 -0.000307121 0)
(0.345192 -0.00100645 0)
(0.183569 -0.000245802 0)
(0.346256 -0.000831192 0)
(0.184247 -0.000194928 0)
(0.347145 -0.00067742 0)
(0.184792 -0.000153261 0)
(0.347876 -0.000545968 0)
(0.185228 -0.00011949 0)
(0.348469 -0.000435525 0)
(0.185572 -9.22938e-05 0)
(0.348946 -0.000344003 0)
(0.185841 -7.04559e-05 0)
(0.349324 -0.000268735 0)
(0.186048 -5.29091e-05 0)
(0.34962 -0.000207155 0)
(0.186204 -3.86748e-05 0)
(0.349848 -0.000156718 0)
(0.18632 -2.67556e-05 0)
(0.35002 -0.000115146 0)
(0.1864 -1.83797e-05 0)
(0.350145 -7.99712e-05 0)
(0.350241 -5.14361e-05 0)
(1.0517 0.154918 0)
(1.01328 0.0884814 0)
(1.04739 0.183224 0)
(1.05545 0.162733 0)
(1.0105 0.168347 0)
(1.06751 0.17098 0)
(0.955237 0.143523 0)
(1.04912 0.15878 0)
(0.890716 0.113525 0)
(1.0138 0.140615 0)
(0.826402 0.0848658 0)
(0.97113 0.118328 0)
(0.768851 0.0621408 0)
(0.927542 0.0955893 0)
(0.720051 0.0454672 0)
(0.884798 0.0755856 0)
(0.679693 0.0334776 0)
(0.845452 0.0594917 0)
(0.646969 0.0247171 0)
(0.811058 0.0466338 0)
(0.620952 0.0181005 0)
(0.781903 0.0361807 0)
(0.600677 0.0128507 0)
(0.757783 0.0275979 0)
(0.585414 0.00839697 0)
(0.738335 0.0202606 0)
(0.574684 0.00437076 0)
(0.723321 0.0136562 0)
(0.568184 0.000615992 0)
(0.712588 0.00746998 0)
(0.565703 -0.00291436 0)
(0.706051 0.00156417 0)
(0.567105 -0.00657662 0)
(0.703589 -0.00410523 0)
(0.572478 -0.0106637 0)
(0.705164 -0.0101431 0)
(0.582121 -0.0152186 0)
(0.711074 -0.0167183 0)
(0.596423 -0.0204351 0)
(0.721595 -0.0240174 0)
(0.615957 -0.0265523 0)
(0.737176 -0.0323458 0)
(0.641502 -0.0338384 0)
(0.75846 -0.0420565 0)
(0.674077 -0.0425815 0)
(0.786298 -0.053554 0)
(0.714944 -0.0530636 0)
(0.821805 -0.0672585 0)
(0.7656 -0.0655151 0)
(0.866315 -0.083576 0)
(0.827708 -0.0800528 0)
(0.921414 -0.102794 0)
(0.903014 -0.0965887 0)
(0.988893 -0.125029 0)
(0.993185 -0.114684 0)
(1.07065 -0.150076 0)
(1.09952 -0.133375 0)
(1.16853 -0.177167 0)
(1.22255 -0.15096 0)
(1.284 -0.204746 0)
(1.36145 -0.164842 0)
(1.41771 -0.230081 0)
(1.51326 -0.171495 0)
(1.56882 -0.249155 0)
(1.67227 -0.166559 0)
(1.73421 -0.256594 0)
(1.82899 -0.145516 0)
(1.90737 -0.245632 0)
(1.97002 -0.105834 0)
(2.07663 -0.210089 0)
(2.07991 -0.0486298 0)
(2.22583 -0.147879 0)
(2.14324 0.0166954 0)
(2.33554 -0.0626757 0)
(2.15073 0.0808384 0)
(2.39249 0.0321465 0)
(2.10409 0.139212 0)
(2.39277 0.121655 0)
(2.00462 0.183824 0)
(2.3364 0.202476 0)
(1.86127 0.208474 0)
(2.22818 0.261956 0)
(1.6866 0.21274 0)
(2.07903 0.2957 0)
(1.495 0.199655 0)
(1.90093 0.3044 0)
(1.30205 0.174185 0)
(1.70643 0.290744 0)
(1.12253 0.1428 0)
(1.50939 0.25957 0)
(0.966656 0.111696 0)
(1.32303 0.218483 0)
(0.838433 0.0843448 0)
(1.15858 0.175675 0)
(0.737464 0.0616484 0)
(1.02036 0.136199 0)
(0.660979 0.0435688 0)
(0.909534 0.10178 0)
(0.604951 0.0296206 0)
(0.824252 0.0735098 0)
(0.565236 0.0190754 0)
(0.760924 0.0512054 0)
(0.538073 0.0113047 0)
(0.715343 0.0341187 0)
(0.520306 0.00575056 0)
(0.68364 0.021427 0)
(0.50931 0.00195877 0)
(0.662365 0.0123019 0)
(0.503062 -0.000449579 0)
(0.648655 0.0059928 0)
(0.500107 -0.00188102 0)
(0.640378 0.00180261 0)
(0.499335 -0.00264491 0)
(0.635876 -0.000848336 0)
(0.499879 -0.00296488 0)
(0.63385 -0.00236894 0)
(0.501134 -0.00299168 0)
(0.633352 -0.00311129 0)
(0.502712 -0.0028145 0)
(0.633805 -0.0033415 0)
(0.50437 -0.00253067 0)
(0.634739 -0.00325217 0)
(0.505978 -0.00220796 0)
(0.635894 -0.00300639 0)
(0.507454 -0.00188397 0)
(0.637094 -0.00267306 0)
(0.508755 -0.00157814 0)
(0.638239 -0.00230763 0)
(0.509869 -0.00130122 0)
(0.63928 -0.001945 0)
(0.510804 -0.00105905 0)
(0.640189 -0.00161296 0)
(0.511577 -0.000852147 0)
(0.640965 -0.00131893 0)
(0.512207 -0.000678481 0)
(0.641613 -0.00106532 0)
(0.512713 -0.000534451 0)
(0.642145 -0.000850575 0)
(0.513115 -0.000415823 0)
(0.642575 -0.00067094 0)
(0.51343 -0.00031836 0)
(0.642917 -0.000521711 0)
(0.513671 -0.000238044 0)
(0.643185 -0.000398021 0)
(0.513851 -0.000171082 0)
(0.64339 -0.00029494 0)
(0.51398 -0.000113589 0)
(0.64354 -0.000208613 0)
(0.643662 -0.000127551 0)
(1.03946 0.111118 0)
(1.00907 0.0490165 0)
(1.08196 0.157505 0)
(1.04734 0.120233 0)
(1.10295 0.165259 0)
(1.08759 0.149998 0)
(1.10553 0.159482 0)
(1.11058 0.156195 0)
(1.09419 0.147748 0)
(1.11703 0.151952 0)
(1.07215 0.130396 0)
(1.11468 0.140373 0)
(1.04286 0.109965 0)
(1.10239 0.124879 0)
(1.00974 0.0900894 0)
(1.08398 0.108706 0)
(0.976504 0.0727311 0)
(1.06209 0.0927274 0)
(0.945765 0.0580758 0)
(1.03933 0.0773727 0)
(0.918599 0.0457036 0)
(1.01712 0.0633472 0)
(0.895327 0.0350311 0)
(0.996566 0.0508696 0)
(0.876126 0.0254778 0)
(0.978321 0.0394616 0)
(0.861116 0.0166289 0)
(0.962911 0.0286661 0)
(0.850311 0.00822771 0)
(0.950707 0.0182752 0)
(0.843723 0.000136081 0)
(0.941889 0.00815189 0)
(0.841455 -0.00797056 0)
(0.936657 -0.00183797 0)
(0.843535 -0.0165752 0)
(0.935162 -0.0122224 0)
(0.850244 -0.025976 0)
(0.937722 -0.0234278 0)
(0.861962 -0.0364646 0)
(0.944667 -0.0357352 0)
(0.879204 -0.0484622 0)
(0.956444 -0.0495887 0)
(0.902663 -0.0624683 0)
(0.973647 -0.0655154 0)
(0.933292 -0.079034 0)
(0.997 -0.0841825 0)
(0.972264 -0.0986959 0)
(1.02764 -0.106231 0)
(1.02102 -0.121903 0)
(1.0667 -0.132333 1.36965e-33)
(1.08128 -0.148955 0)
(1.11583 -0.163057 -1.34444e-33)
(1.15503 -0.179861 0)
(1.17703 -0.19877 0)
(1.24437 -0.214077 0)
(1.25262 -0.239423 0)
(1.3514 -0.250212 0)
(1.34525 -0.284199 0)
(1.47788 -0.285635 0)
(1.45765 -0.331225 0)
(1.62454 -0.316146 0)
(1.59227 -0.376734 0)
(1.79056 -0.335766 0)
(1.75069 -0.415181 0)
(1.97222 -0.336473 0)
(1.93372 -0.438248 0)
(2.15975 -0.309824 0)
(2.13482 -0.43317 0)
(2.33796 -0.249918 0)
(2.33673 -0.388298 0)
(2.48722 -0.158186 0)
(2.51684 -0.297136 0)
(2.58914 -0.0435428 0)
(2.64954 -0.164594 0)
(2.63654 0.0751819 0)
(2.73791 -0.01525 0)
(2.62446 0.185616 0)
(2.74937 0.133733 0)
(2.55653 0.280645 0)
(2.71332 0.270406 0)
(2.44287 0.348865 0)
(2.6263 0.375618 0)
(2.29113 0.38647 0)
(2.50039 0.447434 0)
(2.11044 0.394059 0)
(2.34519 0.485091 0)
(1.91231 0.375038 0)
(2.16805 0.488872 0)
(1.70935 0.334365 0)
(1.9782 0.462529 0)
(1.51484 0.281988 0)
(1.78518 0.412994 0)
(1.34015 0.227614 0)
(1.60098 0.350366 0)
(1.19207 0.176127 0)
(1.43346 0.284278 0)
(1.07253 0.131271 0)
(1.29014 0.221321 0)
(0.979979 0.0944787 0)
(1.17337 0.166059 0)
(0.910825 0.0655458 0)
(1.08212 0.120359 0)
(0.860748 0.0435478 0)
(1.01325 0.0841958 0)
(0.825575 0.0273508 0)
(0.962841 0.0565996 0)
(0.801648 0.0158084 0)
(0.92698 0.0362293 0)
(0.785971 0.00784837 0)
(0.902184 0.0216694 0)
(0.776173 0.00257362 0)
(0.885552 0.0116003 0)
(0.770421 -0.000736054 0)
(0.874778 0.00490318 0)
(0.767383 -0.0026319 0)
(0.868083 0.000668857 0)
(0.766092 -0.00354939 0)
(0.864169 -0.00181991 0)
(0.765885 -0.00384009 0)
(0.862114 -0.00313474 0)
(0.766321 -0.00376829 0)
(0.861261 -0.00368856 0)
(0.767062 -0.00349998 0)
(0.861094 -0.00374736 0)
(0.767921 -0.0031153 0)
(0.861346 -0.0035318 0)
(0.768802 -0.00268434 0)
(0.861799 -0.00318912 0)
(0.769632 -0.00226163 0)
(0.862339 -0.00277477 0)
(0.770377 -0.0018752 0)
(0.862895 -0.00235792 0)
(0.771022 -0.00153305 0)
(0.863419 -0.00196428 0)
(0.771568 -0.00123743 0)
(0.863888 -0.00161073 0)
(0.77202 -0.000986461 0)
(0.864293 -0.00130253 0)
(0.772387 -0.000775834 0)
(0.864633 -0.00103872 0)
(0.772681 -0.000600169 0)
(0.864912 -0.000815522 0)
(0.772911 -0.000453647 0)
(0.865137 -0.000627879 0)
(0.773086 -0.000331377 0)
(0.865313 -0.000469557 0)
(0.773215 -0.000221814 0)
(0.865444 -0.000338315 0)
(0.865557 -0.000205294 0)
(1.0197 0.0664919 0)
(1.0042 0.0293207 0)
(1.0594 0.113225 0)
(1.02711 0.080525 0)
(1.09573 0.138497 0)
(1.06411 0.113668 0)
(1.12139 0.146586 0)
(1.09765 0.130539 0)
(1.13752 0.143796 0)
(1.12159 0.135824 0)
(1.14472 0.135041 0)
(1.13939 0.133173 0)
(1.14353 0.123893 0)
(1.14838 0.126061 0)
(1.13601 0.111533 0)
(1.15133 0.116226 0)
(1.12455 0.0977132 0)
(1.15021 0.104189 0)
(1.11058 0.0829854 0)
(1.14462 0.0913507 0)
(1.09502 0.0686592 0)
(1.13653 0.0789063 0)
(1.07945 0.0552677 0)
(1.12706 0.0664369 0)
(1.06498 0.0425699 0)
(1.11711 0.0539287 0)
(1.05241 0.0303233 0)
(1.10754 0.0412397 0)
(1.04219 0.0183412 0)
(1.09894 0.0284972 0)
(1.03463 0.00640216 0)
(1.09174 0.0157044 0)
(1.0302 -0.00579534 0)
(1.0864 0.00259657 0)
(1.02918 -0.0187066 0)
(1.08342 -0.0112007 0)
(1.0319 -0.0327652 0)
(1.08322 -0.0261498 0)
(1.03882 -0.0483784 0)
(1.08625 -0.0426615 0)
(1.05049 -0.0660846 0)
(1.09301 -0.0612511 0)
(1.06746 -0.0865681 0)
(1.10406 -0.0824918 0)
(1.09067 -0.110608 0)
(1.11982 -0.107392 0)
(1.12122 -0.139017 1.36965e-33)
(1.14169 -0.136778 0)
(1.16043 -0.172576 2.62285e-35)
(1.17049 -0.171545 1.36965e-33)
(1.21022 -0.21194 -1.34444e-33)
(1.20823 -0.21285 -1.34444e-33)
(1.27299 -0.257468 0)
(1.2571 -0.261539 0)
(1.35162 -0.308873 0)
(1.31997 -0.318056 0)
(1.44949 -0.364884 0)
(1.40057 -0.382066 0)
(1.57024 -0.422457 0)
(1.50356 -0.451974 0)
(1.71725 -0.476348 0)
(1.63388 -0.523742 0)
(1.89404 -0.518103 0)
(1.79788 -0.591975 0)
(2.09952 -0.533793 0)
(2.00215 -0.643722 0)
(2.31773 -0.507604 0)
(2.2276 -0.651385 0)
(2.52287 -0.428705 0)
(2.4454 -0.593437 0)
(2.68785 -0.297558 0)
(2.62235 -0.462111 0)
(2.80095 -0.132747 0)
(2.75321 -0.277699 0)
(2.85219 0.0460099 0)
(2.81711 -0.0664866 0)
(2.83824 0.218843 0)
(2.81125 0.147687 0)
(2.77692 0.363775 0)
(2.76794 0.331718 0)
(2.67962 0.473904 0)
(2.6884 0.472919 0)
(2.55192 0.547412 0)
(2.58415 0.575132 0)
(2.40096 0.581675 0)
(2.46559 0.636056 0)
(2.23222 0.577982 0)
(2.32499 0.657613 0)
(2.0536 0.542129 0)
(2.1703 0.641141 0)
(1.87176 0.482762 0)
(2.00814 0.594835 0)
(1.69438 0.409048 0)
(1.84379 0.527749 0)
(1.53165 0.330809 0)
(1.68491 0.447007 0)
(1.39108 0.256768 0)
(1.54005 0.361893 0)
(1.27555 0.192167 0)
(1.41545 0.281591 0)
(1.1845 0.139017 0)
(1.31272 0.211402 0)
(1.11526 0.0971663 0)
(1.23111 0.153436 0)
(1.06417 0.0653817 0)
(1.1684 0.107689 0)
(1.02747 0.0420183 0)
(1.12157 0.0729293 0)
(1.00176 0.0253802 0)
(1.08749 0.0473859 0)
(0.984168 0.013912 0)
(1.06322 0.0291874 0)
(0.972461 0.00630111 0)
(1.04632 0.0166101 0)
(0.964913 0.00148023 0)
(1.03482 0.00821706 0)
(0.960245 -0.00139589 0)
(1.0272 0.00284827 0)
(0.957526 -0.00296423 0)
(1.02229 -0.00041666 0)
(0.956081 -0.0036428 0)
(1.01926 -0.00224346 0)
(0.955424 -0.00375662 0)
(1.01746 -0.00308982 0)
(0.955254 -0.00358797 0)
(1.01649 -0.00336222 0)
(0.955366 -0.00326442 0)
(1.01602 -0.00330099 0)
(0.955626 -0.00285668 0)
(1.01587 -0.00303473 0)
(0.955959 -0.00243382 0)
(1.0159 -0.00269097 0)
(0.956303 -0.00203124 0)
(1.01603 -0.00230825 0)
(0.956627 -0.00166735 0)
(1.01621 -0.00193502 0)
(0.956917 -0.00134818 0)
(1.01639 -0.00159243 0)
(0.957167 -0.00107333 0)
(1.01658 -0.00128842 0)
(0.957375 -0.000839436 0)
(1.01674 -0.00102406 0)
(0.957544 -0.000641099 0)
(1.01688 -0.00079713 0)
(0.957677 -0.000474891 0)
(1.01699 -0.000602147 0)
(0.957779 -0.000321234 0)
(1.01708 -0.000440347 0)
(1.01716 -0.000267996 0)
(1.01043 0.0440735 0)
(1.00232 0.018895 0)
(1.0361 0.0801134 0)
(1.01543 0.0548469 0)
(1.06742 0.104878 0)
(1.04074 0.0823536 0)
(1.09769 0.11904 0)
(1.07002 0.10027 0)
(1.12335 0.124434 0)
(1.09718 0.110159 0)
(1.14292 0.123528 0)
(1.12065 0.113604 0)
(1.15653 0.118225 0)
(1.13958 0.11245 0)
(1.16525 0.109257 0)
(1.15388 0.10751 0)
(1.16988 0.0984297 0)
(1.16489 0.0995537 0)
(1.1707 0.0878251 0)
(1.17119 0.090533 0)
(1.16857 0.0771877 0)
(1.17463 0.0810417 0)
(1.16454 0.0657466 0)
(1.17579 0.0704608 0)
(1.15954 0.0533586 0)
(1.17542 0.0589326 0)
(1.15405 0.0401042 0)
(1.17339 0.0467273 0)
(1.14845 0.026407 0)
(1.17058 0.0340995 0)
(1.14336 0.0123467 0)
(1.16744 0.0207958 0)
(1.13947 -0.00237484 0)
(1.1644 0.00648056 0)
(1.13733 -0.0181592 0)
(1.16198 -0.00905678 0)
(1.13738 -0.0354858 0)
(1.16069 -0.0261984 0)
(1.14016 -0.0548995 0)
(1.16096 -0.045449 0)
(1.14624 -0.0769893 0)
(1.1633 -0.06733 0)
(1.15597 -0.102638 0)
(1.16832 -0.09222 0)
(1.17015 -0.1328 0)
(1.17611 -0.121574 0)
(1.19008 -0.168428 0)
(1.18844 -0.156709 0)
(1.2172 -0.210973 0)
(1.20598 -0.198665 0)
(1.25362 -0.261808 0)
(1.23082 -0.249266 0)
(1.30214 -0.321827 0)
(1.26523 -0.31006 0)
(1.36654 -0.391482 0)
(1.3126 -0.382461 0)
(1.45187 -0.47013 0)
(1.37777 -0.467391 0)
(1.56445 -0.555071 0)
(1.46759 -0.564551 0)
(1.71183 -0.641755 0)
(1.5904 -0.671121 0)
(1.90476 -0.719534 0)
(1.76002 -0.784908 0)
(2.13467 -0.764183 0)
(1.97871 -0.873634 0)
(2.36383 -0.746948 0)
(2.18391 -0.880548 0)
(2.55869 -0.645706 0)
(2.36755 -0.788296 0)
(2.69761 -0.460173 0)
(2.45981 -0.601026 0)
(2.77029 -0.223885 0)
(2.47666 -0.350383 0)
(2.7773 0.0228454 0)
(2.43931 -0.0734957 0)
(2.73942 0.249188 0)
(2.40421 0.185569 0)
(2.67022 0.429258 0)
(2.37927 0.400919 0)
(2.58903 0.560025 0)
(2.35117 0.554104 0)
(2.4938 0.651045 0)
(2.3163 0.670367 0)
(2.38715 0.703375 0)
(2.26674 0.742699 0)
(2.2606 0.715704 0)
(2.19276 0.78417 0)
(2.12486 0.690699 0)
(2.09925 0.776878 0)
(1.98068 0.637735 0)
(1.99311 0.739017 0)
(1.83443 0.565105 0)
(1.87692 0.674 0)
(1.69377 0.478785 0)
(1.75544 0.587666 0)
(1.56504 0.387986 0)
(1.63637 0.490622 0)
(1.45308 0.302082 0)
(1.52734 0.393547 0)
(1.35955 0.226811 0)
(1.43307 0.304933 0)
(1.28433 0.164692 0)
(1.3547 0.228659 0)
(1.22582 0.115779 0)
(1.29171 0.166199 0)
(1.18159 0.0787007 0)
(1.24246 0.117157 0)
(1.14895 0.0514955 0)
(1.20489 0.0800242 0)
(1.12537 0.0321104 0)
(1.17685 0.0527662 0)
(1.10869 0.0186946 0)
(1.15634 0.033293 0)
(1.09713 0.00971305 0)
(1.14164 0.0197792 0)
(1.08927 0.00392223 0)
(1.13132 0.0107076 0)
(1.08405 0.000369748 0)
(1.12418 0.00480127 0)
(1.08067 -0.00164648 0)
(1.11936 0.00113817 0)
(1.07855 -0.00266197 0)
(1.11616 -0.000973413 0)
(1.07728 -0.00305033 0)
(1.11408 -0.0020877 0)
(1.07654 -0.00305487 0)
(1.11276 -0.00256692 0)
(1.07615 -0.00285744 0)
(1.11194 -0.00264692 0)
(1.07598 -0.0025565 0)
(1.11145 -0.00251978 0)
(1.07595 -0.00220518 0)
(1.11118 -0.00227 0)
(1.07598 -0.00185557 0)
(1.11104 -0.00197437 0)
(1.07606 -0.00153002 0)
(1.11099 -0.0016705 0)
(1.07615 -0.00123782 0)
(1.11099 -0.00138052 0)
(1.07625 -0.000981312 0)
(1.11102 -0.00111575 0)
(1.07633 -0.00075832 0)
(1.11106 -0.00088054 0)
(1.0764 -0.000567919 0)
(1.1111 -0.000672802 0)
(1.07646 -0.000387361 0)
(1.11113 -0.000496553 0)
(1.11116 -0.00030314 0)
(1.00594 0.0305167 0)
(1.00138 0.0129529 0)
(1.02221 0.0572769 0)
(1.00942 0.0385815 0)
(1.0447 0.0776135 0)
(1.0263 0.0598587 0)
(1.06968 0.0912919 0)
(1.04805 0.075295 0)
(1.09449 0.0992062 0)
(1.07104 0.0853448 0)
(1.11727 0.102358 0)
(1.09343 0.0908271 0)
(1.13712 0.101573 0)
(1.11426 0.0925949 0)
(1.15346 0.0975586 0)
(1.13279 0.0911748 0)
(1.16596 0.091298 0)
(1.14856 0.0870569 0)
(1.1752 0.0836329 0)
(1.1612 0.0812883 0)
(1.1819 0.0745379 0)
(1.17131 0.0743394 0)
(1.18649 0.0639871 0)
(1.17919 0.0658767 0)
(1.18914 0.0526917 0)
(1.18517 0.0562779 0)
(1.18999 0.0411164 0)
(1.18891 0.0458795 0)
(1.18956 0.0288708 0)
(1.19095 0.0345236 0)
(1.18835 0.0153583 0)
(1.19178 0.0220059 0)
(1.18679 0.000306163 0)
(1.19152 0.00804196 0)
(1.18525 -0.0165006 0)
(1.19058 -0.00751301 0)
(1.18413 -0.0354817 0)
(1.18934 -0.0250763 0)
(1.18391 -0.0571141 0)
(1.18799 -0.0452274 0)
(1.18506 -0.0816527 0)
(1.18695 -0.0684881 0)
(1.18808 -0.110086 0)
(1.18671 -0.0952355 0)
(1.19377 -0.144386 0)
(1.18771 -0.12727 0)
(1.20344 -0.185936 0)
(1.19106 -0.166378 0)
(1.21846 -0.236031 0)
(1.19741 -0.213679 0)
(1.24074 -0.296713 0)
(1.20846 -0.271553 0)
(1.27333 -0.370153 0)
(1.22651 -0.342646 0)
(1.32072 -0.45832 0)
(1.25517 -0.429851 0)
(1.38948 -0.562564 0)
(1.29999 -0.536147 0)
(1.48904 -0.682615 0)
(1.36947 -0.664116 0)
(1.63249 -0.817949 0)
(1.47564 -0.814567 0)
(1.83281 -0.948092 0)
(1.63541 -0.985232 0)
(2.03683 -1.01358 0)
(1.81401 -1.07766 0)
(2.1959 -0.968645 0)
(1.87961 -1.03962 0)
(2.28977 -0.816605 0)
(1.83637 -0.882166 0)
(2.25838 -0.568338 0)
(1.64902 -0.569633 0)
(2.14304 -0.255304 0)
(1.38524 -0.235038 4.97756e-18)
(2.06445 0.0522955 0)
(1.20006 0.00508712 0)
(2.04113 0.312845 0)
(1.24733 0.20889 -2.88949e-17)
(2.0423 0.511097 0)
(1.36646 0.399754 0)
(2.07642 0.65338 0)
(1.44032 0.51998 -1.02713e-19)
(2.08499 0.750715 0)
(1.59602 0.661803 0)
(2.06878 0.812305 0)
(1.6993 0.758903 0)
(2.02763 0.837272 0)
(1.75909 0.825324 0)
(1.96784 0.820302 0)
(1.7758 0.836668 0)
(1.89046 0.77202 0)
(1.75943 0.816395 0)
(1.79778 0.694598 0)
(1.72025 0.766682 0)
(1.69859 0.599071 0)
(1.66168 0.68685 0)
(1.59983 0.496716 0)
(1.5914 0.589383 0)
(1.50826 0.397343 0)
(1.51806 0.485116 0)
(1.42882 0.307862 0)
(1.44886 0.384373 0)
(1.36243 0.231215 0)
(1.38797 0.295047 0)
(1.30853 0.168495 0)
(1.3366 0.220102 0)
(1.26586 0.119214 0)
(1.29455 0.159831 0)
(1.23282 0.0818426 0)
(1.2611 0.113058 0)
(1.20781 0.0543536 0)
(1.23512 0.0777752 0)
(1.18929 0.0346811 0)
(1.21535 0.0518138 0)
(1.17584 0.0209972 0)
(1.20057 0.0332319 0)
(1.16623 0.0117423 0)
(1.18975 0.0203198 0)
(1.1595 0.00568203 0)
(1.18195 0.0115252 0)
(1.15487 0.0018973 0)
(1.17644 0.00577359 0)
(1.1517 -0.000339353 0)
(1.1726 0.00219523 0)
(1.14957 -0.00155956 0)
(1.16991 3.77538e-05 0)
(1.14816 -0.00212339 0)
(1.16807 -0.00115576 0)
(1.14724 -0.00228705 0)
(1.16682 -0.00172845 0)
(1.14665 -0.00222077 0)
(1.16597 -0.00192628 0)
(1.14628 -0.0020306 0)
(1.1654 -0.00189952 0)
(1.14606 -0.00178236 0)
(1.16503 -0.00175065 0)
(1.14593 -0.0015158 0)
(1.16478 -0.00154304 0)
(1.14586 -0.00125506 0)
(1.16463 -0.00131464 0)
(1.14583 -0.00101306 0)
(1.16453 -0.00108735 0)
(1.14583 -0.000794167 0)
(1.16448 -0.000873514 0)
(1.14583 -0.000601332 0)
(1.16444 -0.000676516 0)
(1.14584 -0.000412797 0)
(1.16443 -0.00050395 0)
(1.16441 -0.000308536 0)
(1.00373 0.0217024 0)
(1.00091 0.00922446 0)
(1.01458 0.0414947 0)
(1.00628 0.0277306 0)
(1.03063 0.057501 0)
(1.01805 0.0438077 0)
(1.0497 0.0691709 0)
(1.03408 0.0562247 0)
(1.07007 0.0767912 0)
(1.05218 0.0649709 0)
(1.09047 0.0809123 0)
(1.07098 0.0704309 0)
(1.11002 0.082052 0)
(1.08971 0.0730496 0)
(1.12797 0.0806357 0)
(1.10767 0.0732188 0)
(1.14373 0.0771676 0)
(1.12425 0.0712996 0)
(1.15725 0.0721144 0)
(1.13903 0.0677704 0)
(1.16868 0.065695 0)
(1.152 0.0629089 0)
(1.17785 0.0580316 0)
(1.16313 0.056704 0)
(1.18485 0.0492309 0)
(1.17218 0.0492816 0)
(1.1899 0.0392322 0)
(1.17936 0.0408294 0)
(1.19316 0.027911 0)
(1.18453 0.0312606 0)
(1.19488 0.0151156 0)
(1.18805 0.0202869 0)
(1.19527 0.000677336 0)
(1.18983 0.0076534 0)
(1.19461 -0.0156306 0)
(1.19005 -0.00685915 0)
(1.19311 -0.0343101 0)
(1.18892 -0.0235723 0)
(1.19091 -0.0559884 0)
(1.18641 -0.0430339 0)
(1.18832 -0.0813346 0)
(1.18274 -0.0658921 0)
(1.18603 -0.111556 0)
(1.17811 -0.0929445 0)
(1.18452 -0.148241 0)
(1.17299 -0.125765 0)
(1.1842 -0.192903 0)
(1.16759 -0.166052 0)
(1.18621 -0.247769 0)
(1.16233 -0.215695 2.3121e-32)
(1.19238 -0.315902 0)
(1.15838 -0.277723 -2.28563e-32)
(1.20559 -0.400772 0)
(1.15758 -0.355853 0)
(1.23046 -0.506386 0)
(1.16306 -0.454722 0)
(1.27428 -0.637175 0)
(1.17996 -0.579967 0)
(1.34853 -0.79751 0)
(1.21665 -0.738369 0)
(1.47011 -0.987972 0)
(1.28725 -0.936145 0)
(1.62167 -1.13125 0)
(1.38794 -1.13679 0)
(1.67336 -1.13442 0)
(1.38102 -1.12935 0)
(1.52938 -0.930462 0)
(1.14221 -0.895636 0)
(1.21135 -0.550879 0)
(0.735565 -0.39085 0)
(0.827962 -0.192653 4.97756e-18)
(0.504651 0.139133 0)
(0.44844 -0.00634601 4.97756e-18)
(0.286251 -0.187853 4.97756e-18)
(0.408834 0.0556206 -2.88949e-17)
(0.153211 -0.333219 0)
(0.595494 0.116459 -2.88949e-17)
(0.227221 -0.448186 -2.88949e-17)
(0.703711 0.261701 -1.02713e-19)
(0.344371 -0.571859 0)
(0.953557 0.471688 -1.02713e-19)
(0.433307 0.212624 -1.02713e-19)
(1.20553 0.646234 0)
(0.672327 0.409832 0)
(1.38638 0.759033 0)
(0.897514 0.578048 0)
(1.5039 0.815985 0)
(1.1081 0.707808 0)
(1.56622 0.827026 0)
(1.2566 0.774347 0)
(1.59045 0.808225 0)
(1.34695 0.792165 0)
(1.58456 0.756941 0)
(1.39976 0.772566 0)
(1.55513 0.675179 0)
(1.42195 0.716284 0)
(1.51098 0.576407 0)
(1.42026 0.633534 0)
(1.45986 0.471751 0)
(1.40185 0.536233 0)
(1.40901 0.371953 0)
(1.37439 0.435229 0)
(1.36285 0.284659 0)
(1.34445 0.3412 0)
(1.32304 0.212168 0)
(1.31571 0.259921 0)
(1.29 0.154311 0)
(1.28998 0.192868 0)
(1.26348 0.109529 0)
(1.26802 0.139582 0)
(1.24267 0.0756745 0)
(1.25003 0.098584 0)
(1.22664 0.0507043 0)
(1.23564 0.0678432 0)
(1.21448 0.0328099 0)
(1.2244 0.0453877 0)
(1.20544 0.0203052 0)
(1.2158 0.0293657 0)
(1.19889 0.011773 0)
(1.20933 0.0180671 0)
(1.19418 0.00616925 0)
(1.2045 0.0104879 0)
(1.1908 0.00262881 0)
(1.2011 0.00557826 0)
(1.18842 0.000484876 0)
(1.19858 0.00241581 0)
(1.18673 -0.000723424 0)
(1.19675 0.000530183 0)
(1.18555 -0.0013371 0)
(1.19542 -0.000545156 0)
(1.18472 -0.00158136 0)
(1.19446 -0.00110078 0)
(1.18415 -0.00160362 0)
(1.19377 -0.00132782 0)
(1.18376 -0.0015011 0)
(1.19328 -0.00135556 0)
(1.18349 -0.00133485 0)
(1.19293 -0.00127171 0)
(1.1833 -0.00114182 0)
(1.19267 -0.00112999 0)
(1.18318 -0.00094421 0)
(1.19249 -0.00096301 0)
(1.18309 -0.000753595 0)
(1.19237 -0.00079074 0)
(1.18304 -0.000578072 0)
(1.19228 -0.000622087 0)
(1.183 -0.000399601 0)
(1.19222 -0.00046863 0)
(1.19217 -0.000287385 0)
(1.00259 0.015659 0)
(1.00066 0.00663735 0)
(1.01032 0.0302727 0)
(1.00455 0.0200014 0)
(1.02218 0.04255 0)
(1.01325 0.0319486 0)
(1.03685 0.0519287 0)
(1.02548 0.0415499 0)
(1.0532 0.0584628 0)
(1.03983 0.0486171 0)
(1.07031 0.0624157 0)
(1.05533 0.0533226 0)
(1.08745 0.0640873 0)
(1.07132 0.0559164 0)
(1.10401 0.0637807 0)
(1.08726 0.0566508 0)
(1.11954 0.0618246 0)
(1.10261 0.0557693 0)
(1.13377 0.0585041 0)
(1.11702 0.0535477 0)
(1.1465 0.0539303 0)
(1.13024 0.050173 0)
(1.15752 0.0481469 0)
(1.1421 0.0456908 0)
(1.16666 0.0412119 0)
(1.15233 0.0401379 0)
(1.17397 0.0331443 0)
(1.16085 0.0335169 0)
(1.17944 0.0238039 0)
(1.16756 0.0257954 0)
(1.18301 0.0129458 0)
(1.17244 0.0167121 0)
(1.18464 0.000296367 0)
(1.17531 0.00601969 0)
(1.18435 -0.0145028 0)
(1.17607 -0.00656709 0)
(1.1822 -0.0318764 0)
(1.17463 -0.0214186 0)
(1.17819 -0.0524015 0)
(1.1709 -0.0390247 0)
(1.17237 -0.0768545 0)
(1.16477 -0.0600699 0)
(1.16489 -0.106376 0)
(1.15613 -0.0854675 0)
(1.15574 -0.142599 0)
(1.14484 -0.116616 0)
(1.14503 -0.187595 2.3121e-32)
(1.13069 -0.155346 0)
(1.13337 -0.244098 2.80586e-34)
(1.11359 -0.204032 2.3121e-32)
(1.12173 -0.315827 -2.28563e-32)
(1.09375 -0.266077 -2.28563e-32)
(1.112 -0.407707 0)
(1.07182 -0.346133 0)
(1.10777 -0.526114 0)
(1.04949 -0.450486 0)
(1.11522 -0.679279 0)
(1.02978 -0.587423 0)
(1.14437 -0.874518 0)
(1.02039 -0.767516 0)
(1.2004 -1.08001 0)
(1.02614 -0.992176 0)
(1.16271 -1.1235 0)
(1.00213 -1.0991 0)
(0.841839 -0.832343 0)
(0.698867 -0.808478 0)
(0.484821 -0.357418 0)
(0.321707 0.622059 0)
(0.432763 -0.0602355 0)
(0.0329435 0.228579 0)
(0.208366 0 0)
(0 -0.0808204 0)
(0.078555 0 0)
(0 -0.0113636 0)
(0.0596347 0 0)
(0 0.000757702 0)
(0.0777611 0 0)
(0 0.00955642 0)
(0.37369 0.046839 0)
(0 0.0146912 0)
(0.149104 0.166076 0)
(0.0258026 -0.295093 0)
(0.330747 0.339077 0)
(0.0608011 0.128362 -1.54031e-18)
(0.617711 0.524703 0)
(0.251825 0.291085 -1.59046e-17)
(0.859158 0.662056 0)
(0.482318 0.466361 0)
(1.03442 0.735118 0)
(0.702592 0.599083 0)
(1.15596 0.75382 0)
(0.870837 0.670625 0)
(1.23826 0.731366 0)
(0.998968 0.690266 0)
(1.28806 0.675033 0)
(1.09429 0.666489 0)
(1.31244 0.594034 0)
(1.16163 0.609149 0)
(1.31796 0.500275 0)
(1.20454 0.530711 0)
(1.31122 0.404725 0)
(1.22912 0.44197 0)
(1.29834 0.316612 0)
(1.24068 0.354086 0)
(1.28328 0.240853 0)
(1.24403 0.274975 0)
(1.26832 0.178492 0)
(1.2427 0.207826 0)
(1.25472 0.129039 0)
(1.23891 0.153183 0)
(1.24305 0.0911109 0)
(1.23416 0.110257 0)
(1.23342 0.062804 0)
(1.2293 0.0774702 0)
(1.22569 0.0421584 0)
(1.22481 0.0531232 0)
(1.21962 0.0273064 0)
(1.22088 0.0354367 0)
(1.21494 0.0169186 0)
(1.21761 0.0227392 0)
(1.21142 0.0100003 0)
(1.21487 0.0140157 0)
(1.20885 0.00545616 0)
(1.21279 0.00814525 0)
(1.20692 0.00252499 0)
(1.21111 0.00434436 0)
(1.20544 0.000742607 0)
(1.20985 0.0020148 0)
(1.20433 -0.000286868 0)
(1.20883 0.000561529 0)
(1.20351 -0.000828233 0)
(1.20802 -0.000278749 0)
(1.2029 -0.00106259 0)
(1.2074 -0.000719027 0)
(1.20245 -0.001113 0)
(1.20691 -0.000904362 0)
(1.20211 -0.00105735 0)
(1.20654 -0.0009378 0)
(1.20187 -0.000944473 0)
(1.20626 -0.000883518 0)
(1.20169 -0.000804793 0)
(1.20604 -0.000781966 0)
(1.20155 -0.000655885 0)
(1.20587 -0.000658656 0)
(1.20146 -0.000510256 0)
(1.20575 -0.000526843 0)
(1.20139 -0.000354901 0)
(1.20567 -0.000400665 0)
(1.20558 -0.000245289 0)
(1.00195 0.0112277 0)
(1.00051 0.00469042 0)
(1.0078 0.0218461 0)
(1.00353 0.0141442 0)
(1.01701 0.030998 0)
(1.01035 0.022747 0)
(1.0287 0.03821 0)
(1.02014 0.0298521 0)
(1.04208 0.043416 0)
(1.0319 0.0352414 0)
(1.05644 0.0467445 0)
(1.04493 0.0389589 0)
(1.07122 0.0483869 0)
(1.05867 0.0411372 0)
(1.08592 0.048543 0)
(1.07268 0.0419523 0)
(1.10012 0.0474116 0)
(1.0865 0.0415697 0)
(1.11352 0.0451674 0)
(1.09977 0.0401485 0)
(1.12588 0.0419053 0)
(1.11224 0.0378161 0)
(1.13695 0.0376576 0)
(1.12368 0.0346165 0)
(1.14654 0.0324277 0)
(1.13383 0.0305527 0)
(1.15447 0.0261778 0)
(1.1425 0.0255835 0)
(1.16063 0.0187528 0)
(1.1495 0.0196366 0)
(1.1648 0.00990326 0)
(1.15465 0.0125367 0)
(1.16679 -0.00064298 0)
(1.15772 0.00402907 0)
(1.1664 -0.013211 0)
(1.15837 -0.00617079 0)
(1.16339 -0.0282223 0)
(1.15633 -0.0184159 0)
(1.15754 -0.0462557 0)
(1.15125 -0.0331676 0)
(1.14853 -0.0681099 0)
(1.14272 -0.0510664 0)
(1.13606 -0.0949202 0)
(1.13025 -0.0729931 0)
(1.11966 -0.128279 0)
(1.11323 -0.100213 0)
(1.09881 -0.170345 0)
(1.09086 -0.134502 0)
(1.0731 -0.224131 0)
(1.06224 -0.17832 3.10401e-33)
(1.04221 -0.293914 0)
(1.02631 -0.23519 -3.09895e-33)
(1.00626 -0.385711 0)
(0.982009 -0.310185 0)
(0.966372 -0.507901 0)
(0.928502 -0.410595 0)
(0.925727 -0.671389 0)
(0.864949 -0.546777 0)
(0.888249 -0.882147 0)
(0.796999 -0.730037 0)
(0.832574 -1.01236 0)
(0.703352 -0.936501 0)
(0.570085 -0.78105 0)
(0.498267 -0.836611 -3.11939e-16)
(1.743 -0.26835 0)
(0.0902065 -0.337031 -4.5864e-18)
(0.326639 0 0)
(0 -0.218311 0)
(0.0322336 0 0)
(0 -0.029098 0)
(5.34365e-05 0 0)
(0 1.49377e-06 0)
(0.000154139 0 0)
(0 8.47475e-07 0)
(0.000456272 0 0)
(0 9.78695e-06 0)
(0.000711353 0 0)
(0 1.65982e-05 0)
(0.0073814 0 0)
(0 -0.00156478 0)
(0.188743 0.0233989 -1.54031e-18)
(0 0.00604512 0)
(-0.0722307 0.102281 -1.74449e-17)
(-0.0596488 -0.235457 -1.54031e-18)
(0.0914747 0.249942 -1.59046e-17)
(-0.0515732 0.103373 -1.59046e-17)
(0.324504 0.418446 0)
(0.0739271 0.233332 0)
(0.535872 0.542382 0)
(0.270061 0.387715 0)
(0.712032 0.609743 0)
(0.456617 0.494465 0)
(0.855364 0.625974 0)
(0.620969 0.546934 0)
(0.968953 0.60112 0)
(0.762249 0.5529 0)
(1.05521 0.546391 0)
(0.8805 0.522891 0)
(1.11769 0.472999 0)
(0.975806 0.468233 0)
(1.16031 0.392 0)
(1.04969 0.399347 0)
(1.18761 0.313116 0)
(1.10412 0.326785 0)
(1.20426 0.242536 0)
(1.14287 0.258329 0)
(1.21375 0.18293 0)
(1.16977 0.198338 0)
(1.21857 0.134656 0)
(1.18792 0.148365 0)
(1.22048 0.0968046 0)
(1.19974 0.108342 0)
(1.22069 0.0679771 0)
(1.20716 0.0772611 0)
(1.21997 0.0465769 0)
(1.21159 0.0538452 0)
(1.21883 0.0309812 0)
(1.21403 0.0365768 0)
(1.21751 0.0199164 0)
(1.21522 0.0240569 0)
(1.21619 0.0122567 0)
(1.21555 0.0153413 0)
(1.21501 0.00711652 0)
(1.21544 0.00932407 0)
(1.21404 0.00389344 0)
(1.21504 0.00531482 0)
(1.21322 0.00188252 0)
(1.21464 0.00282805 0)
(1.21251 0.000600122 0)
(1.21419 0.0012781 0)
(1.2119 -0.000152443 0)
(1.21374 0.000327095 0)
(1.2114 -0.000545589 0)
(1.21333 -0.000220059 0)
(1.211 -0.000716774 0)
(1.21296 -0.000502356 0)
(1.21068 -0.000754253 0)
(1.21264 -0.000615712 0)
(1.21042 -0.000713877 0)
(1.21237 -0.000628561 0)
(1.21022 -0.000630727 0)
(1.21215 -0.000582435 0)
(1.21007 -0.00052605 0)
(1.21198 -0.000504674 0)
(1.20995 -0.000414898 0)
(1.21184 -0.00041055 0)
(1.20987 -0.00028972 0)
(1.21175 -0.000314718 0)
(1.21165 -0.000191866 0)
(1.00156 0.00776455 0)
(1.00042 0.00312676 0)
(1.00627 0.0151669 0)
(1.00292 0.0094331 0)
(1.01379 0.0216559 0)
(1.00858 0.0152348 0)
(1.02352 0.0268831 0)
(1.01681 0.020115 0)
(1.03487 0.0307504 0)
(1.02689 0.0238935 0)
(1.04727 0.033303 0)
(1.03824 0.0265597 0)
(1.06023 0.0346499 0)
(1.0504 0.0281783 0)
(1.07333 0.034926 0)
(1.06294 0.0288523 0)
(1.0862 0.0342618 0)
(1.07549 0.0286957 0)
(1.09854 0.032766 0)
(1.08771 0.0278085 0)
(1.11009 0.030506 0)
(1.09931 0.0262659 0)
(1.12061 0.0274996 0)
(1.11007 0.0241031 0)
(1.12985 0.0237196 0)
(1.11974 0.0213128 0)
(1.13759 0.0190945 0)
(1.12806 0.0178441 0)
(1.14361 0.0135136 0)
(1.13481 0.013609 0)
(1.14767 0.00677691 0)
(1.13971 0.00847983 0)
(1.14939 -0.00136205 0)
(1.14246 0.00230495 0)
(1.14843 -0.0111865 0)
(1.14265 -0.00520291 0)
(1.14433 -0.0230923 0)
(1.13979 -0.0143197 0)
(1.1366 -0.0376006 0)
(1.13333 -0.0254332 0)
(1.1246 -0.0554201 0)
(1.1226 -0.0390743 0)
(1.10759 -0.0775512 0)
(1.10678 -0.0559746 0)
(1.08455 -0.105419 0)
(1.0848 -0.0771781 0)
(1.05423 -0.141043 3.10401e-33)
(1.05525 -0.104183 0)
(1.01505 -0.18732 5.28988e-36)
(1.01633 -0.139136 3.10401e-33)
(0.965027 -0.248469 -3.09895e-33)
(0.965692 -0.185171 -3.09895e-33)
(0.901766 -0.330663 0)
(0.90024 -0.246924 0)
(0.822431 -0.442803 0)
(0.816074 -0.33126 0)
(0.723521 -0.594813 0)
(0.707881 -0.447868 0)
(0.595734 -0.770789 0)
(0.573343 -0.60225 0)
(0.398254 -0.743025 -3.11939e-16)
(0.369191 -0.73902 0)
(0.0332201 -0.343498 -3.16526e-16)
(0.0756774 -0.505626 -9.95034e-16)
(0.918533 -0.0302827 -4.5864e-18)
(-0.0701088 0.685013 -4.5864e-18)
(-0.00287049 0 0)
(0 -0.0375085 0)
(1.27404e-05 0 0)
(0 4.81056e-07 0)
(2.73984e-05 0 0)
(0 3.71164e-07 0)
(6.54911e-05 0 0)
(0 1.0873e-06 0)
(0.000144185 0 0)
(0 3.19382e-06 0)
(0.000373109 0 0)
(0 7.51934e-06 0)
(0.00118677 0 0)
(0 1.77643e-05 0)
(-0.00055128 0 0)
(0 -0.00111546 0)
(0.197041 0.0238997 0)
(0 0.00382759 0)
(-0.136348 0.0865769 0)
(-0.0626741 -0.249499 0)
(0.0110782 0.205006 0)
(-0.072591 0.0859072 0)
(0.188184 0.343563 0)
(0.0132514 0.210609 0)
(0.363334 0.434564 0)
(0.169326 0.319316 0)
(0.527051 0.475467 0)
(0.333344 0.383218 0)
(0.674654 0.475242 0)
(0.492216 0.405298 0)
(0.802884 0.444808 0)
(0.63926 0.394661 0)
(0.909938 0.394561 0)
(0.769691 0.361179 0)
(0.995388 0.334193 0)
(0.880397 0.313896 0)
(1.06084 0.272122 0)
(0.969799 0.261332 0)
(1.10941 0.214293 0)
(1.03964 0.209763 0)
(1.14454 0.163966 0)
(1.09263 0.163206 0)
(1.16937 0.122268 0)
(1.13172 0.123531 0)
(1.18652 0.0890015 0)
(1.15984 0.0911944 0)
(1.19806 0.0632887 0)
(1.17963 0.0657238 0)
(1.20562 0.0439633 0)
(1.19321 0.0462818 0)
(1.21039 0.0297579 0)
(1.20231 0.0318083 0)
(1.21319 0.0195686 0)
(1.20819 0.0212558 0)
(1.21474 0.0124531 0)
(1.21182 0.0137951 0)
(1.21543 0.00755246 0)
(1.21397 0.00862744 0)
(1.21562 0.00429354 0)
(1.21507 0.00512488 0)
(1.21559 0.00226872 0)
(1.2156 0.00286659 0)
(1.21541 0.00103797 0)
(1.21577 0.00145467 0)
(1.21516 0.000280838 0)
(1.21575 0.000579768 0)
(1.21487 -0.000162128 0)
(1.21559 6.60375e-05 0)
(1.21459 -0.000390034 0)
(1.21538 -0.000217328 0)
(1.21433 -0.000481333 0)
(1.21515 -0.000354965 0)
(1.2141 -0.000490501 0)
(1.21493 -0.000401676 0)
(1.21391 -0.000451554 0)
(1.21474 -0.000391713 0)
(1.21375 -0.000385759 0)
(1.21457 -0.000349345 0)
(1.21363 -0.000308164 0)
(1.21443 -0.000288818 0)
(1.21354 -0.000215647 0)
(1.21433 -0.00022283 0)
(1.21423 -0.000135115 0)
(1.00133 0.0048926 0)
(1.00037 0.00179229 0)
(1.00536 0.00958091 0)
(1.00256 0.00541142 0)
(1.01183 0.0137363 0)
(1.00755 0.00876328 0)
(1.02033 0.017133 0)
(1.01486 0.0116152 0)
(1.03037 0.0196871 0)
(1.02392 0.0138516 0)
(1.04148 0.021407 0)
(1.03424 0.0154517 0)
(1.05321 0.0223483 0)
(1.0454 0.0164434 0)
(1.06519 0.0225905 0)
(1.05701 0.0168782 0)
(1.07706 0.0222154 0)
(1.06871 0.0168218 0)
(1.08854 0.021289 0)
(1.08018 0.0163313 0)
(1.09936 0.019853 0)
(1.09113 0.0154472 0)
(1.10927 0.0179169 0)
(1.10134 0.0141912 0)
(1.11802 0.0154525 0)
(1.11054 0.0125569 0)
(1.12536 0.0123929 0)
(1.11849 0.0105065 0)
(1.131 0.00863548 0)
(1.12491 0.00796553 0)
(1.13466 0.00408982 0)
(1.12947 0.00482571 0)
(1.13588 -0.00143718 0)
(1.13175 0.0010843 0)
(1.13419 -0.00819928 0)
(1.13143 -0.00351776 0)
(1.12901 -0.016458 0)
(1.12781 -0.00913333 0)
(1.11961 -0.026614 0)
(1.12021 -0.0160316 0)
(1.1051 -0.0392087 0)
(1.10777 -0.0245715 0)
(1.08436 -0.054997 0)
(1.08943 -0.0352345 0)
(1.0559 -0.0750623 0)
(1.06373 -0.0487113 0)
(1.01772 -0.10097 0)
(1.0288 -0.0660071 0)
(0.967172 -0.135018 0)
(0.982069 -0.0885891 1.32164e-32)
(0.900637 -0.180614 0)
(0.920067 -0.118636 -1.3375e-32)
(0.81314 -0.242839 0)
(0.83796 -0.159428 0)
(0.697791 -0.328958 0)
(0.729114 -0.215912 0)
(0.54476 -0.444134 0)
(0.584168 -0.294837 0)
(0.339123 -0.552114 0)
(0.389301 -0.396613 0)
(0.0525501 -0.461651 -6.83094e-16)
(0.0969865 -0.452447 0)
(1.85434 -0.164148 -6.83094e-16)
(-0.112954 -0.199614 -6.83094e-16)
(-0.00856576 0 0)
(0 -0.197545 0)
(4.53562e-06 0 0)
(0 1.88739e-07 0)
(8.19351e-06 0 0)
(0 -1.48791e-08 0)
(1.88162e-05 0 0)
(0 -4.72409e-10 0)
(4.09374e-05 0 0)
(0 7.22874e-07 0)
(8.91884e-05 0 0)
(0 1.16781e-06 0)
(0.000213684 0 0)
(0 1.96201e-06 0)
(0.000616429 0 0)
(0 1.73767e-06 0)
(0.00232182 0 0)
(0 -6.79897e-06 0)
(0.00220786 0 0)
(0 0.000125635 0)
(0.345992 0.0201578 0)
(0 0.00394066 0)
(-0.119873 0.0917672 0)
(-0.107349 0.0215856 -2.57494e-17)
(-0.00922476 0.191446 0)
(-0.109459 0.0999611 0)
(0.136909 0.2706 0)
(0.00140541 0.173183 0)
(0.297035 0.314284 0)
(0.150535 0.223091 0)
(0.457434 0.325231 0)
(0.311419 0.244899 0)
(0.60805 0.311266 0)
(0.471691 0.244045 0)
(0.742458 0.280647 0)
(0.622317 0.226772 0)
(0.85683 0.241085 0)
(0.755197 0.199524 0)
(0.950335 0.198931 0)
(0.867922 0.167828 0)
(1.02407 0.158616 0)
(0.958887 0.136024 0)
(1.08048 0.12276 0)
(1.03098 0.1068 0)
(1.12251 0.0924939 0)
(1.08581 0.0815055 0)
(1.15307 0.0679714 0)
(1.12647 0.0606289 0)
(1.17479 0.0487756 0)
(1.15597 0.0440094 0)
(1.18986 0.0341882 0)
(1.17686 0.0312062 0)
(1.20007 0.023373 0)
(1.19131 0.021603 0)
(1.20675 0.0155498 0)
(1.20104 0.0145685 0)
(1.211 0.0100311 0)
(1.2074 0.0095523 0)
(1.21357 0.00623987 0)
(1.21142 0.00605484 0)
(1.21501 0.00371009 0)
(1.21384 0.00368119 0)
(1.21576 0.00205879 0)
(1.21521 0.00212211 0)
(1.21609 0.00101234 0)
(1.21592 0.00112494 0)
(1.21616 0.000384568 0)
(1.21623 0.000505591 0)
(1.21609 2.49316e-05 0)
(1.2163 0.000142339 0)
(1.21593 -0.000173089 0)
(1.21622 -6.56281e-05 0)
(1.21575 -0.000268154 0)
(1.21609 -0.000171969 0)
(1.21557 -0.000297437 0)
(1.21592 -0.000216 0)
(1.2154 -0.000285517 0)
(1.21575 -0.000221773 0)
(1.21525 -0.000249621 0)
(1.2156 -0.000203244 0)
(1.21513 -0.00020181 0)
(1.21546 -0.000170306 0)
(1.21504 -0.000141398 0)
(1.21537 -0.00013147 0)
(1.21527 -7.92044e-05 0)
(1.00121 0.00236433 0)
(1.00035 0.000582909 0)
(1.00486 0.00463809 0)
(1.00238 0.00176179 0)
(1.01076 0.00666758 0)
(1.00706 0.00285923 0)
(1.01858 0.00834105 0)
(1.01395 0.0038007 0)
(1.02789 0.00961043 0)
(1.02253 0.00454086 0)
(1.03827 0.0104746 0)
(1.03236 0.00507374 0)
(1.0493 0.0109568 0)
(1.04305 0.00540752 0)
(1.06062 0.0110934 0)
(1.0542 0.00555751 0)
(1.0719 0.0109236 0)
(1.06548 0.00554474 0)
(1.08284 0.0104791 0)
(1.07657 0.00538773 0)
(1.09319 0.00977987 0)
(1.08719 0.00509953 0)
(1.10269 0.00883033 0)
(1.0971 0.00468748 0)
(1.1111 0.00761458 0)
(1.10605 0.00414935 0)
(1.11814 0.00609012 0)
(1.11379 0.003473 0)
(1.12347 0.00418517 0)
(1.12001 0.00262935 0)
(1.12673 0.00187887 0)
(1.12437 0.00156911 0)
(1.12752 -0.00091692 0)
(1.12637 0.000292833 0)
(1.12527 -0.00435488 0)
(1.12563 -0.00126707 0)
(1.11928 -0.00857463 0)
(1.12157 -0.00314523 0)
(1.10873 -0.0137991 0)
(1.11333 -0.0054776 0)
(1.09254 -0.0203205 0)
(1.09997 -0.00838707 0)
(1.06934 -0.0285427 0)
(1.08026 -0.0120341 0)
(1.03729 -0.0390505 0)
(1.05258 -0.0166589 0)
(0.993898 -0.0527012 1.32164e-32)
(1.01475 -0.0226161 0)
(0.935736 -0.0707634 -1.66378e-34)
(0.963794 -0.0304275 1.32164e-32)
(0.857973 -0.0951436 -1.3375e-32)
(0.895591 -0.0408732 -1.3375e-32)
(0.753682 -0.128713 0)
(0.804291 -0.0551374 0)
(0.612784 -0.175434 0)
(0.681655 -0.0750139 0)
(0.420828 -0.236342 0)
(0.515649 -0.102881 0)
(0.162347 -0.275582 0)
(0.285464 -0.138131 0)
(-0.146017 -0.166264 2.39796e-33)
(-0.0494962 -0.144082 0)
(1.49487 -0.0257032 2.39796e-33)
(-0.168471 -0.0282167 2.39796e-33)
(-0.0373062 0 0)
(0 -0.041104 0)
(3.50581e-06 0 0)
(0 -6.06664e-09 0)
(6.99677e-06 0 0)
(0 -1.08126e-09 0)
(1.5514e-05 0 0)
(0 4.05726e-07 0)
(2.8067e-05 0 0)
(0 4.95193e-08 0)
(6.1265e-05 0 0)
(0 1.49606e-07 0)
(0.000146652 0 0)
(0 5.00712e-07 0)
(0.000428532 0 0)
(0 1.62541e-06 0)
(0.00148433 0 0)
(0 -1.98068e-06 0)
(0.00246939 0 0)
(0 -7.72544e-06 0)
(0.221665 0.00626027 -2.57494e-17)
(0 -0.00052994 0)
(-0.179529 0.0344504 -2.57494e-17)
(-0.137048 0.00283191 -2.57494e-17)
(-0.106651 0.0826 0)
(-0.153615 0.0270837 0)
(0.0126526 0.127756 0)
(-0.0745539 0.0538798 0)
(0.162967 0.155485 0)
(0.0624143 0.072777 0)
(0.326196 0.164948 0)
(0.221088 0.0816714 0)
(0.487765 0.160516 0)
(0.386201 0.0824768 0)
(0.637293 0.146317 0)
(0.546739 0.0772434 0)
(0.768404 0.126675 0)
(0.689509 0.0684137 0)
(0.878387 0.105363 0)
(0.815347 0.0578455 0)
(0.967346 0.0844612 0)
(0.915305 0.0470649 0)
(1.03705 0.0656144 0)
(0.997488 0.0370927 0)
(1.09013 0.0496915 0)
(1.06058 0.0284333 0)
(1.12952 0.0367132 0)
(1.10789 0.0212329 0)
(1.15807 0.0264842 0)
(1.14261 0.0154662 0)
(1.17827 0.0186619 0)
(1.16748 0.0110045 0)
(1.19223 0.0128329 0)
(1.18488 0.00764465 0)
(1.20162 0.00859712 0)
(1.19675 0.00517673 0)
(1.20776 0.00559609 0)
(1.20464 0.00340996 0)
(1.21164 0.00352 0)
(1.20971 0.00217516 0)
(1.21399 0.00212096 0)
(1.21286 0.00133467 0)
(1.21533 0.00120683 0)
(1.21472 0.000778887 0)
(1.21603 0.000624122 0)
(1.21575 0.000421427 0)
(1.21634 0.000265737 0)
(1.21626 0.000196643 0)
(1.21642 5.66693e-05 0)
(1.21646 6.48997e-05 0)
(1.21637 -5.89526e-05 0)
(1.21646 -1.01256e-05 0)
(1.21624 -0.00011601 0)
(1.21637 -4.95637e-05 0)
(1.21609 -0.000138021 0)
(1.21624 -6.78168e-05 0)
(1.21594 -0.000137678 0)
(1.21609 -7.14895e-05 0)
(1.21581 -0.000122711 0)
(1.21594 -6.66369e-05 0)
(1.21569 -9.93831e-05 0)
(1.21582 -5.62149e-05 0)
(1.21561 -6.92977e-05 0)
(1.21572 -4.36772e-05 0)
(1.21562 -2.66383e-05 0)
(1.00117 -6.65299e-07 0)
(1.00035 -0.000585078 0)
(1.00469 -1.4132e-07 0)
(1.00238 -0.00176235 0)
(1.01041 2.65781e-07 0)
(1.00706 -0.0028593 0)
(1.01801 8.7393e-07 0)
(1.01395 -0.00379959 0)
(1.02709 1.56501e-06 0)
(1.02253 -0.00453848 0)
(1.03723 2.34137e-06 0)
(1.03236 -0.00506988 0)
(1.04804 3.17398e-06 0)
(1.04305 -0.00540204 0)
(1.05915 4.02283e-06 0)
(1.0542 -0.00555034 0)
(1.07023 4.82056e-06 0)
(1.06548 -0.00553589 0)
(1.081 5.47673e-06 0)
(1.07657 -0.00537739 0)
(1.09118 5.892e-06 0)
(1.08719 -0.00508808 0)
(1.10055 5.97739e-06 0)
(1.0971 -0.0046755 0)
(1.10883 5.65655e-06 0)
(1.10605 -0.00413758 0)
(1.11577 4.88309e-06 0)
(1.11379 -0.00346232 0)
(1.12102 3.62249e-06 0)
(1.12001 -0.00262071 0)
(1.12415 1.92206e-06 0)
(1.12437 -0.00156327 0)
(1.12474 2.95447e-07 0)
(1.12637 -0.000290691 0)
(1.1222 -1.29584e-06 0)
(1.12563 0.00126601 0)
(1.11592 -3.1196e-06 0)
(1.12157 0.0031406 0)
(1.10497 -4.83171e-06 0)
(1.11333 0.00546941 0)
(1.08821 -6.2512e-06 0)
(1.09997 0.00837575 0)
(1.06415 -7.26092e-06 0)
(1.08026 0.0120203 0)
(1.03085 -7.76681e-06 0)
(1.05258 0.0166436 0)
(0.985633 -7.73732e-06 0)
(1.01475 0.0226003 0)
(0.924792 -7.24116e-06 0)
(0.963795 0.0304123 0)
(0.843059 -6.52261e-06 0)
(0.895592 0.0408594 0)
(0.732797 -6.29561e-06 0)
(0.804293 0.0551251 0)
(0.582781 -8.14545e-06 0)
(0.681656 0.075001 0)
(0.377039 -1.37972e-05 0)
(0.515651 0.102862 0)
(0.100813 -1.85327e-05 0)
(0.285464 0.138096 0)
(-0.187311 -1.03593e-05 0)
(-0.0494984 0.144042 0)
(1.30255 -6.9862e-07 0)
(-0.168469 0.0282112 -2.39754e-33)
(-0.0368551 0 0)
(0 0.0411036 0)
(3.08213e-06 0 0)
(0 6.13185e-09 0)
(7.17142e-06 0 0)
(0 2.86313e-09 0)
(1.24684e-05 0 0)
(0 -5.06629e-07 0)
(2.61355e-05 0 0)
(0 -5.25262e-08 0)
(5.77292e-05 0 0)
(0 -1.50319e-07 0)
(0.000124507 0 0)
(0 -5.00492e-07 0)
(0.00032501 0 0)
(0 -1.62475e-06 0)
(0.00106334 0 0)
(0 1.98229e-06 0)
(0.00143119 0 0)
(0 2.19677e-05 0)
(0.172119 -1.73388e-06 0)
(0 0.00047915 0)
(-0.189234 -8.14166e-06 0)
(-0.137038 -0.00283517 2.57188e-17)
(-0.135042 -1.3311e-05 0)
(-0.153616 -0.0271082 0)
(-0.0272569 -9.9967e-06 0)
(-0.0745587 -0.0539044 0)
(0.11831 -2.6474e-06 0)
(0.0624082 -0.0727892 0)
(0.281653 3.19132e-06 0)
(0.221082 -0.0816716 0)
(0.446599 7.3804e-06 0)
(0.386197 -0.0824683 0)
(0.60107 9.89143e-06 0)
(0.546734 -0.0772276 0)
(0.737879 1.1094e-05 0)
(0.689513 -0.068395 0)
(0.85355 1.1655e-05 0)
(0.815341 -0.0578257 0)
(0.947657 1.02751e-05 0)
(0.915313 -0.0470413 0)
(1.02183 8.60911e-06 0)
(0.997485 -0.037077 0)
(1.07868 7.19222e-06 0)
(1.06058 -0.0284168 0)
(1.12113 4.90049e-06 0)
(1.10789 -0.0212205 0)
(1.15206 3.02131e-06 0)
(1.14261 -0.0154589 0)
(1.17406 1.62331e-06 0)
(1.16748 -0.0109998 0)
(1.18935 4.46106e-07 0)
(1.18488 -0.00764285 0)
(1.1997 -3.37411e-07 0)
(1.19675 -0.00517677 0)
(1.20652 -7.99839e-07 0)
(1.20464 -0.00341122 0)
(1.21087 -1.00109e-06 0)
(1.20971 -0.002177 0)
(1.21355 -1.0181e-06 0)
(1.21286 -0.0013367 0)
(1.21511 -9.23402e-07 0)
(1.21472 -0.000780789 0)
(1.21595 -7.68224e-07 0)
(1.21575 -0.000423089 0)
(1.21635 -5.8996e-07 0)
(1.21626 -0.000197961 0)
(1.21648 -4.26428e-07 0)
(1.21646 -6.58874e-05 0)
(1.21646 -2.86905e-07 0)
(1.21646 9.47374e-06 0)
(1.21636 -1.77787e-07 0)
(1.21637 4.91484e-05 0)
(1.21622 -1.10254e-07 0)
(1.21624 6.75416e-05 0)
(1.21608 -9.40798e-08 0)
(1.21609 7.12948e-05 0)
(1.21595 -1.12275e-07 0)
(1.21594 6.64313e-05 0)
(1.21583 -1.48442e-07 0)
(1.21582 5.59497e-05 0)
(1.21575 -2.35355e-07 0)
(1.21572 4.33164e-05 0)
(1.21562 2.60332e-05 0)
(1.00121 -0.00236567 0)
(1.00037 -0.00179445 0)
(1.00486 -0.00463839 0)
(1.00256 -0.00541193 0)
(1.01076 -0.00666706 0)
(1.00755 -0.00876336 0)
(1.01858 -0.0083393 0)
(1.01486 -0.0116141 0)
(1.02789 -0.00960731 0)
(1.02392 -0.0138493 0)
(1.03827 -0.01047 0)
(1.03424 -0.0154479 0)
(1.0493 -0.0109505 0)
(1.0454 -0.016438 0)
(1.06062 -0.0110854 0)
(1.05701 -0.0168711 0)
(1.0719 -0.0109141 0)
(1.06871 -0.0168131 0)
(1.08284 -0.0104683 0)
(1.08018 -0.0163212 0)
(1.09319 -0.00976822 0)
(1.09113 -0.015436 0)
(1.1027 -0.00881854 0)
(1.10134 -0.0141795 0)
(1.1111 -0.00760345 0)
(1.11055 -0.0125455 0)
(1.11814 -0.0060806 0)
(1.1185 -0.0104961 0)
(1.12347 -0.00417811 0)
(1.12491 -0.00795726 0)
(1.12673 -0.00187489 0)
(1.12947 -0.00482009 0)
(1.12752 0.000917436 0)
(1.13176 -0.00108208 0)
(1.12527 0.00435185 0)
(1.13143 0.00351655 0)
(1.11928 0.00856808 0)
(1.12781 0.00912854 0)
(1.10873 0.0137892 0)
(1.12021 0.0160233 0)
(1.09255 0.020308 0)
(1.10778 0.0245601 0)
(1.06934 0.0285282 0)
(1.08943 0.0352208 0)
(1.03729 0.039035 0)
(1.06374 0.048696 0)
(0.993901 0.0526857 0)
(1.0288 0.0659914 0)
(0.935739 0.0707489 0)
(0.982073 0.0885738 0)
(0.857976 0.0951306 0)
(0.920071 0.118622 0)
(0.753685 0.1287 0)
(0.837965 0.159415 0)
(0.612787 0.175418 0)
(0.729119 0.215899 0)
(0.42083 0.236316 0)
(0.584171 0.294819 0)
(0.162345 0.275545 0)
(0.389303 0.396581 0)
(-0.14602 0.16624 -2.39754e-33)
(0.0969823 0.452407 0)
(1.49488 0.0256994 -2.39754e-33)
(-0.112956 0.199603 6.83098e-16)
(-0.037308 0 0)
(0 0.197533 0)
(3.48685e-06 0 0)
(0 -1.88404e-07 0)
(6.90243e-06 0 0)
(0 1.63152e-08 0)
(1.54845e-05 0 0)
(0 4.40862e-09 0)
(2.8067e-05 0 0)
(0 -7.23071e-07 0)
(6.12663e-05 0 0)
(0 -1.16695e-06 0)
(0.000146661 0 0)
(0 -1.96046e-06 0)
(0.000428224 0 0)
(0 -1.73381e-06 0)
(0.00149288 0 0)
(0 6.81152e-06 0)
(0.0024569 0 0)
(0 -0.000114335 0)
(0.221667 -0.00626182 2.57188e-17)
(0 -0.00394081 0)
(-0.179529 -0.0344637 2.57188e-17)
(-0.107327 -0.0215893 2.57188e-17)
(-0.106656 -0.0826229 0)
(-0.109455 -0.0999801 0)
(0.0126416 -0.127773 0)
(0.0013996 -0.173202 0)
(0.162955 -0.155491 0)
(0.150528 -0.223102 0)
(0.326185 -0.164945 0)
(0.311412 -0.244902 0)
(0.487758 -0.160506 0)
(0.471689 -0.24404 0)
(0.637292 -0.146301 0)
(0.622315 -0.226762 0)
(0.768403 -0.126657 0)
(0.755205 -0.199505 0)
(0.878387 -0.105343 0)
(0.867919 -0.16781 0)
(0.96735 -0.0844421 0)
(0.958896 -0.136004 0)
(1.03705 -0.0655992 0)
(1.03098 -0.106781 0)
(1.09013 -0.0496774 0)
(1.08582 -0.0814917 0)
(1.12952 -0.0367032 0)
(1.12648 -0.0606157 0)
(1.15807 -0.0264782 0)
(1.15598 -0.0440024 0)
(1.17827 -0.0186587 0)
(1.17686 -0.0312016 0)
(1.19223 -0.012832 0)
(1.19131 -0.0216011 0)
(1.20162 -0.00859774 0)
(1.20105 -0.0145684 0)
(1.20776 -0.00559759 0)
(1.2074 -0.00955331 0)
(1.21164 -0.00352188 0)
(1.21142 -0.00605639 0)
(1.21399 -0.00212285 0)
(1.21384 -0.00368292 0)
(1.21533 -0.00120854 0)
(1.21521 -0.00212371 0)
(1.21603 -0.000625562 0)
(1.21592 -0.00112635 0)
(1.21634 -0.000266869 0)
(1.21623 -0.000506738 0)
(1.21642 -5.74658e-05 0)
(1.2163 -0.000143204 0)
(1.21637 5.84538e-05 0)
(1.21622 6.50468e-05 0)
(1.21624 0.000115666 0)
(1.21609 0.000171602 0)
(1.21609 0.000137765 0)
(1.21592 0.000215737 0)
(1.21594 0.000137472 0)
(1.21575 0.000221571 0)
(1.21581 0.000122468 0)
(1.2156 0.000203048 0)
(1.21569 9.90597e-05 0)
(1.21546 0.000170022 0)
(1.21561 6.88111e-05 0)
(1.21537 0.000131105 0)
(1.21527 7.85854e-05 0)
(1.00133 -0.00489393 0)
(1.00042 -0.00312887 0)
(1.00536 -0.0095812 0)
(1.00292 -0.00943357 0)
(1.01183 -0.0137357 0)
(1.00858 -0.0152348 0)
(1.02033 -0.0171313 0)
(1.01681 -0.0201139 0)
(1.03037 -0.019684 0)
(1.02689 -0.0238912 0)
(1.04148 -0.0214024 0)
(1.03824 -0.0265559 0)
(1.05321 -0.0223421 0)
(1.0504 -0.0281731 0)
(1.06519 -0.0225827 0)
(1.06294 -0.0288454 0)
(1.07706 -0.022206 0)
(1.07549 -0.0286873 0)
(1.08854 -0.0212784 0)
(1.08771 -0.0277988 0)
(1.09936 -0.0198417 0)
(1.09931 -0.0262552 0)
(1.10927 -0.0179056 0)
(1.11007 -0.024092 0)
(1.11803 -0.0154419 0)
(1.11974 -0.021302 0)
(1.12536 -0.0123839 0)
(1.12807 -0.0178344 0)
(1.13101 -0.00862872 0)
(1.13481 -0.0136013 0)
(1.13466 -0.00408603 0)
(1.13972 -0.00847468 0)
(1.13588 0.00143761 0)
(1.14247 -0.00230301 0)
(1.1342 0.0081962 0)
(1.14266 0.0052014 0)
(1.12901 0.0164514 0)
(1.1398 0.0143147 0)
(1.11961 0.0266041 0)
(1.13334 0.0254248 0)
(1.10511 0.0391961 0)
(1.12261 0.0390629 0)
(1.08437 0.0549826 0)
(1.10679 0.055961 0)
(1.0559 0.0750468 0)
(1.0848 0.0771629 0)
(1.01772 0.100955 0)
(1.05526 0.104168 0)
(0.967177 0.135003 0)
(1.01634 0.139121 0)
(0.900642 0.1806 0)
(0.965698 0.185156 0)
(0.813146 0.242826 0)
(0.900246 0.246912 0)
(0.697797 0.328943 0)
(0.816081 0.331248 0)
(0.544764 0.44411 0)
(0.707888 0.447852 0)
(0.339122 0.55208 0)
(0.573346 0.602224 0)
(0.0525439 0.461625 6.83098e-16)
(0.369189 0.738985 0)
(1.85448 0.164141 6.83098e-16)
(0.0756712 0.50561 9.95038e-16)
(-0.00855982 0 0)
(-0.0701087 -0.685098 4.58656e-18)
(4.53431e-06 0 0)
(0 0.0375072 0)
(8.19404e-06 0 0)
(0 -4.80849e-07 0)
(1.8816e-05 0 0)
(0 -3.6938e-07 0)
(4.09391e-05 0 0)
(0 -1.08632e-06 0)
(8.91926e-05 0 0)
(0 -3.1915e-06 0)
(0.000213696 0 0)
(0 -7.51397e-06 0)
(0.000616458 0 0)
(0 -1.77551e-05 0)
(0.00232164 0 0)
(0 0.00111532 0)
(0.00221379 0 0)
(0 -0.00382935 0)
(0.345981 -0.0201576 0)
(-0.0626754 0.249482 0)
(-0.119864 -0.0917742 0)
(-0.0725776 -0.0859192 0)
(-0.00922157 -0.19146 0)
(0.0132585 -0.210622 0)
(0.136907 -0.270611 0)
(0.169329 -0.319329 0)
(0.297033 -0.314291 0)
(0.333347 -0.383228 0)
(0.457434 -0.325232 0)
(0.49222 -0.405303 0)
(0.608053 -0.311261 0)
(0.639267 -0.39466 0)
(0.742463 -0.280635 0)
(0.769699 -0.361171 0)
(0.856838 -0.241068 0)
(0.880404 -0.31388 0)
(0.95034 -0.198913 0)
(0.969806 -0.261312 0)
(1.02408 -0.158596 0)
(1.03965 -0.209743 0)
(1.08048 -0.122742 0)
(1.09264 -0.163185 0)
(1.12251 -0.0924806 0)
(1.13172 -0.123518 0)
(1.15308 -0.0679613 0)
(1.15985 -0.0911814 0)
(1.17479 -0.0487698 0)
(1.17963 -0.0657167 0)
(1.18987 -0.0341849 0)
(1.19322 -0.0462773 0)
(1.20007 -0.023372 0)
(1.20231 -0.0318061 0)
(1.20676 -0.0155501 0)
(1.2082 -0.0212553 0)
(1.211 -0.0100322 0)
(1.21183 -0.0137955 0)
(1.21357 -0.0062413 0)
(1.21398 -0.0086284 0)
(1.21502 -0.00371155 0)
(1.21508 -0.00512598 0)
(1.21576 -0.0020601 0)
(1.2156 -0.00286762 0)
(1.21609 -0.00101346 0)
(1.21577 -0.00145558 0)
(1.21616 -0.000385456 0)
(1.21575 -0.00058058 0)
(1.21609 -2.55826e-05 0)
(1.21559 -6.66714e-05 0)
(1.21593 0.000172641 0)
(1.21538 0.000216883 0)
(1.21575 0.00026786 0)
(1.21515 0.000354662 0)
(1.21557 0.00029722 0)
(1.21493 0.000401454 0)
(1.2154 0.00028532 0)
(1.21474 0.000391515 0)
(1.21525 0.00024938 0)
(1.21457 0.000349126 0)
(1.21513 0.000201478 0)
(1.21443 0.000288517 0)
(1.21504 0.000140892 0)
(1.21433 0.000222427 0)
(1.21423 0.000134467 0)
(1.00156 -0.00776583 0)
(1.00051 -0.00469243 0)
(1.00627 -0.0151672 0)
(1.00353 -0.0141447 0)
(1.01379 -0.0216554 0)
(1.01035 -0.022747 0)
(1.02352 -0.0268814 0)
(1.02014 -0.029851 0)
(1.03487 -0.0307474 0)
(1.0319 -0.0352392 0)
(1.04727 -0.0332985 0)
(1.04493 -0.0389553 0)
(1.06023 -0.034644 0)
(1.05867 -0.0411322 0)
(1.07333 -0.0349185 0)
(1.07268 -0.0419457 0)
(1.08621 -0.0342529 0)
(1.0865 -0.0415617 0)
(1.09855 -0.032756 0)
(1.09977 -0.0401393 0)
(1.1101 -0.0304953 0)
(1.11224 -0.037806 0)
(1.12061 -0.027489 0)
(1.12368 -0.0346062 0)
(1.12985 -0.0237097 0)
(1.13384 -0.0305428 0)
(1.13759 -0.0190861 0)
(1.14251 -0.0255747 0)
(1.14362 -0.0135074 0)
(1.14951 -0.0196295 0)
(1.14768 -0.00677361 0)
(1.15466 -0.0125322 0)
(1.1494 0.00136207 0)
(1.15772 -0.00402768 0)
(1.14843 0.0111831 0)
(1.15838 0.00616884 0)
(1.14434 0.0230855 0)
(1.15634 0.0184106 0)
(1.1366 0.0375907 0)
(1.15126 0.0331591 0)
(1.12461 0.0554076 0)
(1.14273 0.0510551 0)
(1.10759 0.0775369 0)
(1.13026 0.0729797 0)
(1.08456 0.105403 0)
(1.11323 0.100198 0)
(1.05424 0.141027 0)
(1.09087 0.134486 0)
(1.01505 0.187305 0)
(1.06224 0.178305 0)
(0.965035 0.248455 0)
(1.02632 0.235176 0)
(0.901774 0.330651 0)
(0.982016 0.310172 0)
(0.822439 0.44279 0)
(0.928511 0.410583 0)
(0.723528 0.594794 0)
(0.864958 0.546764 0)
(0.595735 0.770762 0)
(0.797005 0.730017 0)
(0.39825 0.743001 3.1194e-16)
(0.703354 0.93647 0)
(0.0332192 0.343489 3.16526e-16)
(0.498265 0.836598 3.1194e-16)
(0.918534 0.0302822 4.58656e-18)
(0.0902065 0.33703 4.58656e-18)
(-0.00287032 0 0)
(0 0.218307 0)
(1.27464e-05 0 0)
(0 0.0290993 0)
(2.74015e-05 0 0)
(0 -1.4928e-06 0)
(6.54954e-05 0 0)
(0 -8.45795e-07 0)
(0.0001442 0 0)
(0 -9.77793e-06 0)
(0.000373177 0 0)
(0 -1.65876e-05 0)
(0.00118689 0 0)
(0 0.00156453 0)
(-0.000549607 0 0)
(0 -0.00604665 0)
(0.197023 -0.023904 0)
(-0.0596513 0.235436 1.5421e-18)
(-0.136348 -0.0865879 0)
(-0.0515744 -0.103372 1.59034e-17)
(0.0110814 -0.205018 0)
(0.0739307 -0.233349 0)
(0.18819 -0.343575 0)
(0.270065 -0.38773 0)
(0.363341 -0.434576 0)
(0.456625 -0.494481 0)
(0.52706 -0.475475 0)
(0.620976 -0.546946 0)
(0.674664 -0.475246 0)
(0.762258 -0.552907 0)
(0.802895 -0.444804 0)
(0.880507 -0.52289 0)
(0.909947 -0.39455 0)
(0.975811 -0.468223 0)
(0.995395 -0.334174 0)
(1.04969 -0.399328 0)
(1.06085 -0.2721 0)
(1.10412 -0.326762 0)
(1.10941 -0.214271 0)
(1.14287 -0.258307 0)
(1.14454 -0.163949 0)
(1.16977 -0.198317 0)
(1.16938 -0.122255 0)
(1.18792 -0.148352 0)
(1.18653 -0.0889915 0)
(1.19975 -0.108331 0)
(1.19806 -0.063283 0)
(1.20717 -0.0772543 0)
(1.20563 -0.04396 0)
(1.2116 -0.0538409 0)
(1.2104 -0.0297564 0)
(1.21404 -0.0365743 0)
(1.2132 -0.0195683 0)
(1.21522 -0.0240558 0)
(1.21474 -0.0124535 0)
(1.21555 -0.0153409 0)
(1.21544 -0.00755305 0)
(1.21544 -0.00932409 0)
(1.21563 -0.00429418 0)
(1.21504 -0.00531492 0)
(1.21559 -0.00226937 0)
(1.21465 -0.00282834 0)
(1.21541 -0.00103859 0)
(1.21419 -0.00127847 0)
(1.21516 -0.0002814 0)
(1.21374 -0.000327479 0)
(1.21487 0.000161695 0)
(1.21333 0.000219757 0)
(1.21459 0.000389727 0)
(1.21296 0.000502094 0)
(1.21433 0.000481099 0)
(1.21264 0.000615502 0)
(1.2141 0.0004903 0)
(1.21237 0.000628374 0)
(1.21391 0.000451341 0)
(1.21215 0.000582233 0)
(1.21375 0.000385488 0)
(1.21198 0.000504427 0)
(1.21363 0.000307798 0)
(1.21184 0.000410214 0)
(1.21354 0.000215105 0)
(1.21175 0.000314269 0)
(1.21165 0.000191183 0)
(1.00195 -0.0112289 0)
(1.00066 -0.0066392 0)
(1.0078 -0.0218464 0)
(1.00455 -0.0200019 0)
(1.01701 -0.0309975 0)
(1.01325 -0.0319487 0)
(1.0287 -0.0382084 0)
(1.02548 -0.0415489 0)
(1.04208 -0.0434132 0)
(1.03983 -0.0486149 0)
(1.05644 -0.0467403 0)
(1.05533 -0.0533192 0)
(1.07122 -0.0483813 0)
(1.07132 -0.0559117 0)
(1.08592 -0.048536 0)
(1.08726 -0.0566448 0)
(1.10012 -0.0474033 0)
(1.10261 -0.0557619 0)
(1.11352 -0.0451582 0)
(1.11702 -0.0535393 0)
(1.12588 -0.0418956 0)
(1.13024 -0.0501639 0)
(1.13695 -0.0376479 0)
(1.1421 -0.0456815 0)
(1.14654 -0.0324188 0)
(1.15233 -0.040129 0)
(1.15448 -0.0261703 0)
(1.16086 -0.0335091 0)
(1.16064 -0.0187475 0)
(1.16757 -0.0257893 0)
(1.16481 -0.00990072 0)
(1.17245 -0.0167085 0)
(1.1668 0.000642408 0)
(1.17532 -0.00601904 0)
(1.16641 0.0132072 0)
(1.17608 0.00656461 0)
(1.1634 0.0282153 0)
(1.17464 0.021413 0)
(1.15755 0.0462459 0)
(1.17091 0.0390162 0)
(1.14854 0.0680977 0)
(1.16478 0.0600589 0)
(1.13607 0.0949063 0)
(1.15614 0.0854546 0)
(1.11967 0.128264 0)
(1.14485 0.116601 0)
(1.09882 0.17033 0)
(1.1307 0.155331 0)
(1.07311 0.224116 0)
(1.1136 0.204017 0)
(1.04222 0.2939 0)
(1.09375 0.266063 0)
(1.00627 0.385698 0)
(1.07183 0.34612 0)
(0.966381 0.507888 0)
(1.0495 0.450474 0)
(0.925735 0.671373 0)
(1.02979 0.58741 0)
(0.888255 0.882121 0)
(1.0204 0.767498 0)
(0.832576 1.01234 0)
(1.02615 0.992149 0)
(0.570088 0.781043 0)
(1.00213 1.09909 0)
(1.74322 0.26835 0)
(0.698869 0.808481 0)
(0.326649 0 0)
(0.321724 -0.622212 0)
(0.0322342 0 0)
(0.0329231 -0.228361 -3.23693e-18)
(5.34437e-05 0 0)
(0 0.0808276 0)
(0.000154163 0 0)
(0 0.0113633 0)
(0.000456356 0 0)
(0 -0.000758469 0)
(0.000711573 0 0)
(0 -0.00955725 0)
(0.00738354 0 0)
(0 -0.014691 0)
(0.188727 -0.0233998 1.5421e-18)
(0.0258021 0.295082 0)
(-0.0722308 -0.102284 1.74455e-17)
(0.060794 -0.128361 1.5421e-18)
(0.0914806 -0.249952 1.59034e-17)
(0.251824 -0.29109 1.59034e-17)
(0.324507 -0.418463 0)
(0.482321 -0.466375 0)
(0.535879 -0.542399 0)
(0.702594 -0.599101 0)
(0.71204 -0.609757 0)
(0.870839 -0.670642 0)
(0.855372 -0.625982 0)
(0.998969 -0.690278 0)
(0.968959 -0.601122 0)
(1.09429 -0.666493 0)
(1.05521 -0.546384 0)
(1.16163 -0.609145 0)
(1.11769 -0.472982 0)
(1.20453 -0.530697 0)
(1.16031 -0.391978 0)
(1.22911 -0.441949 0)
(1.18761 -0.313093 0)
(1.24067 -0.354064 0)
(1.20426 -0.242515 0)
(1.24402 -0.274954 0)
(1.21375 -0.182914 0)
(1.2427 -0.20781 0)
(1.21857 -0.134644 0)
(1.23891 -0.153172 0)
(1.22049 -0.0967966 0)
(1.23416 -0.110249 0)
(1.2207 -0.0679717 0)
(1.2293 -0.077464 0)
(1.21998 -0.0465733 0)
(1.22482 -0.0531189 0)
(1.21884 -0.0309789 0)
(1.22089 -0.0354336 0)
(1.21752 -0.0199151 0)
(1.21762 -0.0227371 0)
(1.21619 -0.012256 0)
(1.21487 -0.0140142 0)
(1.21501 -0.00711608 0)
(1.21279 -0.00814419 0)
(1.21404 -0.00389321 0)
(1.21111 -0.00434357 0)
(1.21323 -0.00188251 0)
(1.20985 -0.00201438 0)
(1.21251 -0.000600208 0)
(1.20883 -0.000561301 0)
(1.2119 0.000152307 0)
(1.20802 0.000278828 0)
(1.2114 0.00054544 0)
(1.2074 0.00071903 0)
(1.211 0.000716619 0)
(1.20691 0.000904288 0)
(1.21068 0.000754087 0)
(1.20654 0.000937674 0)
(1.21042 0.000713687 0)
(1.20626 0.000883355 0)
(1.21022 0.000630492 0)
(1.20604 0.000781749 0)
(1.21007 0.000525739 0)
(1.20587 0.00065837 0)
(1.20995 0.000414482 0)
(1.20575 0.000526462 0)
(1.20987 0.000289133 0)
(1.20567 0.000400169 0)
(1.20558 0.000244577 0)
(1.00259 -0.0156601 0)
(1.00091 -0.0092261 0)
(1.01032 -0.0302729 0)
(1.00628 -0.027731 0)
(1.02218 -0.0425495 0)
(1.01805 -0.0438077 0)
(1.03685 -0.0519271 0)
(1.03408 -0.0562238 0)
(1.0532 -0.0584602 0)
(1.05218 -0.0649688 0)
(1.07031 -0.0624118 0)
(1.07098 -0.0704278 0)
(1.08745 -0.0640821 0)
(1.08971 -0.0730453 0)
(1.10401 -0.0637742 0)
(1.10767 -0.0732133 0)
(1.11955 -0.0618171 0)
(1.12425 -0.071293 0)
(1.13377 -0.0584958 0)
(1.13904 -0.0677629 0)
(1.14651 -0.0539217 0)
(1.15201 -0.0629009 0)
(1.15752 -0.0481384 0)
(1.16313 -0.056696 0)
(1.16667 -0.0412042 0)
(1.17219 -0.0492741 0)
(1.17398 -0.033138 0)
(1.17936 -0.0408228 0)
(1.17945 -0.0237996 0)
(1.18454 -0.0312558 0)
(1.18302 -0.0129441 0)
(1.18806 -0.0202845 0)
(1.18466 -0.000297609 0)
(1.18984 -0.00765364 0)
(1.18436 0.0144986 0)
(1.19007 0.00685614 0)
(1.18221 0.0318693 0)
(1.18893 0.0235665 0)
(1.1782 0.0523919 0)
(1.18642 0.0430256 0)
(1.17238 0.0768428 0)
(1.18276 0.0658817 0)
(1.1649 0.106362 0)
(1.17812 0.0929324 0)
(1.15575 0.142585 0)
(1.173 0.125752 0)
(1.14504 0.187581 0)
(1.1676 0.166038 0)
(1.13338 0.244084 0)
(1.16234 0.215681 0)
(1.12173 0.315814 0)
(1.15839 0.27771 0)
(1.11201 0.407694 0)
(1.15759 0.355841 0)
(1.10778 0.526101 0)
(1.16306 0.45471 0)
(1.11523 0.679265 0)
(1.17996 0.579955 0)
(1.14438 0.874499 0)
(1.21665 0.738353 0)
(1.2004 1.07999 0)
(1.28725 0.936125 0)
(1.16271 1.12349 0)
(1.38794 1.13678 0)
(0.841849 0.832339 0)
(1.38101 1.12934 0)
(0.484887 0.357393 -3.23693e-18)
(1.14222 0.895633 0)
(0.432699 0.0602115 -3.23693e-18)
(0.735535 0.390887 -3.10265e-17)
(0.208361 0 0)
(0.504652 -0.139121 0)
(0.0785567 0 0)
(0.286245 0.187839 -4.97601e-18)
(0.0596357 0 0)
(0.15321 0.3332 0)
(0.0777624 0 0)
(0.227219 0.44817 1.44509e-17)
(0.373684 -0.0468392 0)
(0.344369 0.571859 0)
(0.149098 -0.166078 0)
(0.433306 -0.212621 0)
(0.330742 -0.339084 0)
(0.672319 -0.409829 0)
(0.617711 -0.524715 0)
(0.897511 -0.578058 0)
(0.859158 -0.662072 0)
(1.1081 -0.707822 0)
(1.03442 -0.735136 0)
(1.2566 -0.774364 0)
(1.15596 -0.753834 0)
(1.34694 -0.792178 0)
(1.23826 -0.731373 0)
(1.39975 -0.772577 0)
(1.28805 -0.675031 0)
(1.42194 -0.716287 0)
(1.31243 -0.594023 0)
(1.42025 -0.633526 0)
(1.31795 -0.500256 0)
(1.40184 -0.536218 0)
(1.31121 -0.404703 0)
(1.37437 -0.435209 0)
(1.29833 -0.316591 0)
(1.34443 -0.341181 0)
(1.28328 -0.240837 0)
(1.3157 -0.259905 0)
(1.26833 -0.178481 0)
(1.28998 -0.192857 0)
(1.25473 -0.12903 0)
(1.26803 -0.139574 0)
(1.24306 -0.0911041 0)
(1.25003 -0.0985773 0)
(1.23343 -0.0627989 0)
(1.23565 -0.0678377 0)
(1.22569 -0.0421544 0)
(1.2244 -0.045383 0)
(1.21962 -0.0273034 0)
(1.2158 -0.0293617 0)
(1.21495 -0.0169163 0)
(1.20933 -0.018064 0)
(1.21142 -0.00999842 0)
(1.20451 -0.0104853 0)
(1.20885 -0.00545474 0)
(1.20111 -0.00557632 0)
(1.20692 -0.002524 0)
(1.19858 -0.00241438 0)
(1.20544 -0.000741968 0)
(1.19676 -0.000529203 0)
(1.20433 0.000287252 0)
(1.19543 0.000545821 0)
(1.20351 0.000828439 0)
(1.19446 0.00110124 0)
(1.2029 0.00106266 0)
(1.19377 0.00132802 0)
(1.20245 0.00111296 0)
(1.19328 0.0013556 0)
(1.20212 0.00105723 0)
(1.19293 0.00127163 0)
(1.20187 0.000944283 0)
(1.19267 0.00112982 0)
(1.20169 0.000804525 0)
(1.1925 0.000962763 0)
(1.20156 0.000655529 0)
(1.19237 0.000790408 0)
(1.20146 0.000509793 0)
(1.19228 0.00062166 0)
(1.20139 0.000354278 0)
(1.19222 0.000468092 0)
(1.19217 0.000286661 0)
(1.00373 -0.0217034 0)
(1.00138 -0.0129542 0)
(1.01458 -0.0414948 0)
(1.00942 -0.0385821 0)
(1.03063 -0.0575005 0)
(1.0263 -0.0598587 0)
(1.0497 -0.0691694 0)
(1.04805 -0.075294 0)
(1.07007 -0.0767887 0)
(1.07104 -0.0853429 0)
(1.09047 -0.0809087 0)
(1.09343 -0.0908242 0)
(1.11002 -0.0820473 0)
(1.11426 -0.092591 0)
(1.12797 -0.08063 0)
(1.13279 -0.09117 0)
(1.14373 -0.077161 0)
(1.14857 -0.0870512 0)
(1.15725 -0.0721072 0)
(1.1612 -0.0812818 0)
(1.16868 -0.0656876 0)
(1.17132 -0.0743327 0)
(1.17786 -0.0580244 0)
(1.1792 -0.0658702 0)
(1.18485 -0.0492245 0)
(1.18518 -0.0562719 0)
(1.18991 -0.0392272 0)
(1.18892 -0.0458744 0)
(1.19317 -0.0279081 0)
(1.19096 -0.0345202 0)
(1.19489 -0.0151151 0)
(1.19179 -0.0220046 0)
(1.19528 -0.000679292 0)
(1.19153 -0.00804292 0)
(1.19463 0.0156261 0)
(1.19059 0.00750967 0)
(1.19312 0.0343031 0)
(1.18935 0.0250705 0)
(1.19093 0.0559794 0)
(1.188 0.0452195 0)
(1.18833 0.0813238 0)
(1.18696 0.0684786 0)
(1.18604 0.111544 0)
(1.18672 0.0952248 0)
(1.18453 0.148228 0)
(1.18771 0.127258 0)
(1.1842 0.192889 0)
(1.19107 0.166366 0)
(1.18622 0.247756 0)
(1.19741 0.213667 -1.09654e-32)
(1.19239 0.315889 0)
(1.20846 0.27154 1.07874e-32)
(1.20559 0.40076 0)
(1.22651 0.342635 0)
(1.23046 0.506374 0)
(1.25517 0.42984 0)
(1.27428 0.637161 0)
(1.29999 0.536136 0)
(1.34853 0.797493 0)
(1.36947 0.664103 0)
(1.47011 0.987956 0)
(1.47563 0.814548 0)
(1.62167 1.13124 0)
(1.63541 0.985223 0)
(1.67335 1.13442 0)
(1.814 1.07766 0)
(1.52936 0.930427 -2.77896e-17)
(1.87962 1.03962 0)
(1.21134 0.550847 -2.77896e-17)
(1.83637 0.882163 -2.77896e-17)
(0.827948 0.192653 -4.97601e-18)
(1.64902 0.569633 0)
(0.448429 0.00633889 -4.97601e-18)
(1.38523 0.235035 -4.97601e-18)
(0.408827 -0.0556332 1.44509e-17)
(1.20005 -0.00508812 0)
(0.595494 -0.116464 1.44509e-17)
(1.24731 -0.208893 1.44509e-17)
(0.703708 -0.261696 0)
(1.36644 -0.399751 0)
(0.953552 -0.471681 0)
(1.44032 -0.519976 0)
(1.20552 -0.646236 0)
(1.59602 -0.6618 0)
(1.38638 -0.759044 0)
(1.6993 -0.758914 0)
(1.50389 -0.815999 0)
(1.75909 -0.825334 0)
(1.56621 -0.82704 0)
(1.77579 -0.836681 0)
(1.59043 -0.808238 0)
(1.75941 -0.816406 0)
(1.58455 -0.756949 0)
(1.72023 -0.766691 0)
(1.55511 -0.675176 0)
(1.66166 -0.686849 0)
(1.51096 -0.576395 0)
(1.59138 -0.589373 0)
(1.45984 -0.471734 0)
(1.51803 -0.485102 0)
(1.40899 -0.371936 0)
(1.44884 -0.384358 0)
(1.36284 -0.284644 0)
(1.38795 -0.295034 0)
(1.32303 -0.212158 0)
(1.33659 -0.220093 0)
(1.29 -0.154303 0)
(1.29455 -0.159824 0)
(1.26348 -0.109522 0)
(1.2611 -0.113052 0)
(1.24267 -0.075669 0)
(1.23512 -0.0777695 0)
(1.22664 -0.0506993 0)
(1.21535 -0.0518084 0)
(1.21448 -0.0328052 0)
(1.20057 -0.0332269 0)
(1.20544 -0.0203013 0)
(1.18975 -0.0203154 0)
(1.1989 -0.0117698 0)
(1.18195 -0.0115216 0)
(1.19418 -0.00616665 0)
(1.17644 -0.00577061 0)
(1.1908 -0.00262684 0)
(1.1726 -0.00219294 0)
(1.18842 -0.000483433 0)
(1.16992 -3.60368e-05 0)
(1.18673 0.000724439 0)
(1.16807 0.001157 0)
(1.18555 0.00133778 0)
(1.16682 0.00172933 0)
(1.18472 0.00158176 0)
(1.16597 0.00192685 0)
(1.18415 0.00160381 0)
(1.1654 0.00189982 0)
(1.18376 0.00150111 0)
(1.16503 0.00175075 0)
(1.18349 0.00133473 0)
(1.16478 0.00154297 0)
(1.1833 0.0011416 0)
(1.16463 0.00131444 0)
(1.18318 0.0009439 0)
(1.16453 0.00108705 0)
(1.1831 0.000753194 0)
(1.16448 0.00087314 0)
(1.18304 0.000577573 0)
(1.16445 0.000676062 0)
(1.18301 0.000398964 0)
(1.16443 0.0005034 0)
(1.16441 0.000307839 0)
(1.00594 -0.0305176 0)
(1.00232 -0.0188958 0)
(1.02221 -0.0572773 0)
(1.01543 -0.0548477 0)
(1.0447 -0.0776129 0)
(1.04074 -0.0823534 0)
(1.06968 -0.0912904 0)
(1.07002 -0.100269 0)
(1.09449 -0.0992038 0)
(1.09718 -0.110157 0)
(1.11727 -0.102355 0)
(1.12065 -0.113601 0)
(1.13712 -0.101569 0)
(1.13958 -0.112447 0)
(1.15346 -0.0975538 0)
(1.15388 -0.107506 0)
(1.16596 -0.0912926 0)
(1.16489 -0.0995491 0)
(1.1752 -0.083627 0)
(1.17119 -0.0905278 0)
(1.18191 -0.0745321 0)
(1.17463 -0.0810365 0)
(1.18649 -0.0639819 0)
(1.1758 -0.0704559 0)
(1.18915 -0.0526871 0)
(1.17543 -0.0589283 0)
(1.19 -0.0411127 0)
(1.1734 -0.0467238 0)
(1.18958 -0.0288689 0)
(1.17059 -0.0340974 0)
(1.18837 -0.0153585 0)
(1.16745 -0.0207955 0)
(1.18681 -0.000308517 0)
(1.16441 -0.00648211 0)
(1.18526 0.016496 0)
(1.162 0.0090533 0)
(1.18414 0.0354751 0)
(1.16071 0.0261931 0)
(1.18392 0.0571058 0)
(1.16098 0.0454421 0)
(1.18507 0.0816433 0)
(1.16331 0.0673219 0)
(1.18809 0.110075 0)
(1.16833 0.0922109 0)
(1.19378 0.144375 0)
(1.17612 0.121564 0)
(1.20345 0.185925 -1.09654e-32)
(1.18844 0.156698 0)
(1.21846 0.23602 -1.86895e-34)
(1.20598 0.198655 -1.09654e-32)
(1.24075 0.296702 1.07874e-32)
(1.23082 0.249256 1.07874e-32)
(1.27333 0.370143 0)
(1.26523 0.31005 0)
(1.32072 0.45831 0)
(1.31259 0.382452 0)
(1.38947 0.562553 0)
(1.37776 0.467383 0)
(1.48904 0.682599 0)
(1.46759 0.564541 0)
(1.63248 0.817936 0)
(1.59039 0.671105 0)
(1.83281 0.948084 0)
(1.76 0.784894 0)
(2.03685 1.01357 0)
(1.97869 0.873618 0)
(2.19593 0.968652 0)
(2.18392 0.880541 0)
(2.28978 0.816614 0)
(2.36755 0.788311 0)
(2.25837 0.568337 0)
(2.45981 0.601037 0)
(2.14302 0.255297 0)
(2.47666 0.350389 0)
(2.06442 -0.052312 0)
(2.4393 0.0735067 0)
(2.0411 -0.312858 0)
(2.40419 -0.185573 0)
(2.04228 -0.511102 0)
(2.37925 -0.400922 0)
(2.07641 -0.653381 0)
(2.35115 -0.554109 0)
(2.08498 -0.750722 0)
(2.31629 -0.670367 0)
(2.06877 -0.812315 0)
(2.26673 -0.742708 0)
(2.02762 -0.837282 0)
(2.19275 -0.784179 0)
(1.96782 -0.820311 0)
(2.09924 -0.776885 0)
(1.89044 -0.772028 0)
(1.99309 -0.739023 0)
(1.79775 -0.694601 0)
(1.87689 -0.674004 0)
(1.69856 -0.599065 0)
(1.75541 -0.587662 0)
(1.5998 -0.496705 0)
(1.63634 -0.490613 0)
(1.50824 -0.39733 0)
(1.52732 -0.393537 0)
(1.42881 -0.307851 0)
(1.43305 -0.304924 0)
(1.36242 -0.231207 0)
(1.35469 -0.228652 0)
(1.30853 -0.168489 0)
(1.2917 -0.166194 0)
(1.26585 -0.119209 0)
(1.24246 -0.117153 0)
(1.23282 -0.0818373 0)
(1.20489 -0.0800193 0)
(1.20781 -0.0543482 0)
(1.17685 -0.052761 0)
(1.18929 -0.0346758 0)
(1.15634 -0.0332879 0)
(1.17584 -0.0209923 0)
(1.14164 -0.0197744 0)
(1.16623 -0.0117381 0)
(1.13131 -0.0107034 0)
(1.1595 -0.00567859 0)
(1.12418 -0.00479777 0)
(1.15487 -0.0018946 0)
(1.11936 -0.0011354 0)
(1.1517 0.000341408 0)
(1.11616 0.000975569 0)
(1.14958 0.00156107 0)
(1.11408 0.00208932 0)
(1.14816 0.00212449 0)
(1.11276 0.00256805 0)
(1.14725 0.0022878 0)
(1.11194 0.00264777 0)
(1.14665 0.00222125 0)
(1.11145 0.00252028 0)
(1.14628 0.00203084 0)
(1.11118 0.00227028 0)
(1.14606 0.00178238 0)
(1.11104 0.00197446 0)
(1.14593 0.00151566 0)
(1.11099 0.0016704 0)
(1.14586 0.00125479 0)
(1.111 0.00138028 0)
(1.14584 0.0010127 0)
(1.11102 0.00111542 0)
(1.14583 0.000793743 0)
(1.11106 0.00088015 0)
(1.14583 0.000600831 0)
(1.1111 0.000672364 0)
(1.14584 0.000412187 0)
(1.11113 0.000496037 0)
(1.11117 0.000302517 0)
(1.01043 -0.0440742 0)
(1.0042 -0.0293213 0)
(1.0361 -0.0801136 0)
(1.02711 -0.0805256 0)
(1.06742 -0.104877 0)
(1.06411 -0.113668 0)
(1.09769 -0.119039 0)
(1.09765 -0.130538 0)
(1.12335 -0.124432 0)
(1.12159 -0.135823 0)
(1.14292 -0.123525 0)
(1.13939 -0.133171 0)
(1.15653 -0.118222 0)
(1.14838 -0.126058 0)
(1.16525 -0.109254 0)
(1.15133 -0.116223 0)
(1.16989 -0.0984253 0)
(1.15021 -0.104186 0)
(1.17071 -0.0878204 0)
(1.14462 -0.0913469 0)
(1.16857 -0.0771833 0)
(1.13654 -0.0789025 0)
(1.16455 -0.0657427 0)
(1.12707 -0.0664335 0)
(1.15955 -0.0533556 0)
(1.11712 -0.0539259 0)
(1.15406 -0.0401023 0)
(1.10756 -0.0412378 0)
(1.14846 -0.0264065 0)
(1.09895 -0.0284963 0)
(1.14337 -0.0123477 0)
(1.09175 -0.0157049 0)
(1.13949 0.00237223 0)
(1.08642 -0.00259836 0)
(1.13734 0.0181551 0)
(1.08343 0.0111976 0)
(1.13739 0.0354802 0)
(1.08324 0.0261455 0)
(1.14018 0.0548927 0)
(1.08626 0.0426561 0)
(1.14625 0.0769816 0)
(1.09302 0.0612448 0)
(1.15598 0.10263 0)
(1.10407 0.0824849 0)
(1.17016 0.132792 0)
(1.11982 0.107384 0)
(1.19009 0.168419 0)
(1.14169 0.13677 0)
(1.2172 0.210964 0)
(1.17048 0.171537 0)
(1.25362 0.261799 0)
(1.20823 0.212842 0)
(1.30214 0.321819 0)
(1.2571 0.261531 0)
(1.36654 0.391475 0)
(1.31997 0.318049 0)
(1.45186 0.470122 0)
(1.40057 0.38206 0)
(1.56444 0.555061 0)
(1.50355 0.451968 0)
(1.71181 0.641739 0)
(1.63387 0.523732 0)
(1.90474 0.719515 0)
(1.79786 0.59196 0)
(2.13466 0.76417 0)
(2.00213 0.643704 0)
(2.36383 0.746949 0)
(2.22758 0.651373 0)
(2.5587 0.64572 0)
(2.44539 0.593438 0)
(2.69762 0.460184 0)
(2.62235 0.462117 0)
(2.7703 0.223903 0)
(2.75321 0.277704 0)
(2.77731 -0.0228241 0)
(2.81711 0.0665038 0)
(2.73942 -0.24918 0)
(2.81124 -0.147682 0)
(2.67021 -0.429259 0)
(2.76793 -0.331716 0)
(2.58902 -0.560031 0)
(2.68839 -0.472924 0)
(2.49379 -0.651049 0)
(2.58414 -0.575138 0)
(2.38715 -0.703381 0)
(2.46558 -0.636059 0)
(2.26058 -0.715709 0)
(2.32497 -0.657615 0)
(2.12484 -0.690702 0)
(2.17028 -0.641143 0)
(1.98065 -0.637738 0)
(2.00812 -0.594836 0)
(1.83439 -0.565102 0)
(1.84376 -0.527746 0)
(1.69373 -0.478777 0)
(1.68487 -0.447001 0)
(1.56501 -0.387978 0)
(1.54002 -0.361888 0)
(1.45306 -0.302075 0)
(1.41543 -0.281586 0)
(1.35953 -0.226806 0)
(1.3127 -0.211399 0)
(1.28432 -0.164688 0)
(1.2311 -0.153434 0)
(1.22581 -0.115775 0)
(1.16839 -0.107687 0)
(1.18158 -0.0786965 0)
(1.12157 -0.0729259 0)
(1.14894 -0.0514907 0)
(1.08748 -0.0473819 0)
(1.12537 -0.0321054 0)
(1.06321 -0.0291832 0)
(1.10868 -0.0186899 0)
(1.04631 -0.0166059 0)
(1.09712 -0.0097088 0)
(1.03481 -0.00821326 0)
(1.08927 -0.00391864 0)
(1.02719 -0.00284499 0)
(1.08405 -0.000366873 0)
(1.02229 0.000419314 0)
(1.08067 0.00164871 0)
(1.01926 0.00224557 0)
(1.07855 0.00266367 0)
(1.01746 0.00309139 0)
(1.07728 0.00305158 0)
(1.01649 0.00336358 0)
(1.07654 0.00305579 0)
(1.01602 0.00330169 0)
(1.07616 0.00285807 0)
(1.01587 0.00303532 0)
(1.07599 0.00255684 0)
(1.0159 0.00269132 0)
(1.07595 0.00220534 0)
(1.01603 0.00230846 0)
(1.07599 0.00185554 0)
(1.01621 0.00193505 0)
(1.07606 0.00152983 0)
(1.0164 0.00159229 0)
(1.07616 0.00123752 0)
(1.01658 0.00128815 0)
(1.07625 0.000980947 0)
(1.01674 0.00102372 0)
(1.07633 0.00075792 0)
(1.01688 0.000796771 0)
(1.0764 0.00056747 0)
(1.01699 0.000601783 0)
(1.07646 0.000386834 0)
(1.01708 0.000439927 0)
(1.01716 0.000267506 0)
(1.0197 -0.0664924 0)
(1.00907 -0.049017 0)
(1.0594 -0.113225 0)
(1.04734 -0.120234 0)
(1.09573 -0.138497 0)
(1.08759 -0.149998 0)
(1.12139 -0.146585 0)
(1.11058 -0.156194 0)
(1.13752 -0.143795 0)
(1.11703 -0.151951 0)
(1.14472 -0.135039 0)
(1.11468 -0.140372 0)
(1.14354 -0.123891 0)
(1.10239 -0.124877 0)
(1.13602 -0.11153 0)
(1.08399 -0.108704 0)
(1.12456 -0.0977103 0)
(1.0621 -0.0927252 0)
(1.11058 -0.0829825 0)
(1.03933 -0.0773705 0)
(1.09502 -0.0686564 0)
(1.01712 -0.063345 0)
(1.07946 -0.0552654 0)
(0.996574 -0.0508678 0)
(1.06499 -0.0425683 0)
(0.978331 -0.0394602 0)
(1.05242 -0.0303225 0)
(0.962922 -0.0286653 0)
(1.0422 -0.0183414 0)
(0.950718 -0.0182751 0)
(1.03465 -0.00640339 0)
(0.941901 -0.00815264 0)
(1.03021 0.00579307 0)
(0.936668 0.00183649 0)
(1.02919 0.0187034 0)
(0.935173 0.0122202 0)
(1.03191 0.0327611 0)
(0.937732 0.0234248 0)
(1.03883 0.0483736 0)
(0.944676 0.0357316 0)
(1.05049 0.0660792 0)
(0.956451 0.0495846 0)
(1.06747 0.0865622 0)
(0.973651 0.065511 0)
(1.09067 0.110602 0)
(0.997002 0.0841776 0)
(1.12122 0.13901 0)
(1.02764 0.106226 0)
(1.16043 0.172569 0)
(1.06669 0.132328 0)
(1.21022 0.211933 0)
(1.11582 0.163051 0)
(1.27299 0.257462 0)
(1.17702 0.198764 0)
(1.35162 0.308868 0)
(1.25261 0.239418 0)
(1.44948 0.364879 0)
(1.34523 0.284195 0)
(1.57023 0.422451 0)
(1.45763 0.331221 0)
(1.71723 0.476339 0)
(1.59225 0.376728 0)
(1.89402 0.518088 0)
(1.75067 0.415173 0)
(2.09949 0.533775 0)
(1.93369 0.438235 0)
(2.31771 0.507592 0)
(2.13479 0.433155 0)
(2.52286 0.428702 0)
(2.3367 0.388288 0)
(2.68784 0.297564 0)
(2.51682 0.297133 0)
(2.80095 0.132763 0)
(2.64952 0.164599 0)
(2.85219 -0.0459963 0)
(2.73789 0.015263 0)
(2.83823 -0.218836 0)
(2.74936 -0.133727 0)
(2.77692 -0.363772 0)
(2.71331 -0.270401 0)
(2.67961 -0.473904 0)
(2.62628 -0.375615 0)
(2.5519 -0.547413 0)
(2.50037 -0.447435 0)
(2.40094 -0.581673 0)
(2.34517 -0.485092 0)
(2.23219 -0.577979 0)
(2.16802 -0.488871 0)
(2.05358 -0.542126 0)
(1.97817 -0.462527 0)
(1.87173 -0.482756 0)
(1.78515 -0.41299 0)
(1.69435 -0.409043 0)
(1.60096 -0.350364 0)
(1.53162 -0.330805 0)
(1.43344 -0.284276 0)
(1.39106 -0.256766 0)
(1.29012 -0.22132 0)
(1.27553 -0.192166 0)
(1.17336 -0.166059 0)
(1.18449 -0.139016 0)
(1.08211 -0.120359 0)
(1.11525 -0.0971644 0)
(1.01323 -0.0841946 0)
(1.06416 -0.0653789 0)
(0.962828 -0.0565977 0)
(1.02746 -0.0420149 0)
(0.926968 -0.0362269 0)
(1.00175 -0.0253765 0)
(0.902174 -0.0216667 0)
(0.984161 -0.0139084 0)
(0.885544 -0.0115975 0)
(0.972455 -0.0062978 0)
(0.874772 -0.00490057 0)
(0.964909 -0.00147732 0)
(0.868079 -0.000666608 0)
(0.960242 0.00139833 0)
(0.864166 0.00182192 0)
(0.957525 0.00296621 0)
(0.862112 0.00313624 0)
(0.956081 0.00364428 0)
(0.861261 0.00368986 0)
(0.955424 0.00375787 0)
(0.861095 0.00374827 0)
(0.955255 0.00358881 0)
(0.861347 0.00353267 0)
(0.955367 0.00326481 0)
(0.8618 0.00318944 0)
(0.955628 0.00285702 0)
(0.862341 0.00277507 0)
(0.955961 0.00243405 0)
(0.862897 0.00235812 0)
(0.956305 0.00203133 0)
(0.863422 0.00196439 0)
(0.956629 0.00166729 0)
(0.863891 0.00161071 0)
(0.956919 0.00134799 0)
(0.864295 0.0013024 0)
(0.957169 0.00107304 0)
(0.864635 0.00103849 0)
(0.957378 0.000839118 0)
(0.864915 0.000815259 0)
(0.957547 0.000640783 0)
(0.865139 0.000627627 0)
(0.957679 0.00047456 0)
(0.865316 0.00046932 0)
(0.957781 0.000320852 0)
(0.865446 0.00033805 0)
(0.865559 0.000204978 0)
(1.03946 -0.111119 0)
(1.01328 -0.0884816 0)
(1.08196 -0.157505 0)
(1.05545 -0.162733 0)
(1.10295 -0.165258 0)
(1.06751 -0.17098 0)
(1.10553 -0.159482 0)
(1.04912 -0.15878 0)
(1.0942 -0.147747 0)
(1.0138 -0.140614 0)
(1.07215 -0.130395 0)
(0.971131 -0.118328 0)
(1.04286 -0.109964 0)
(0.927544 -0.0955883 0)
(1.00974 -0.0900879 0)
(0.884802 -0.0755846 0)
(0.976509 -0.0727295 0)
(0.845456 -0.0594907 0)
(0.945771 -0.0580743 0)
(0.811063 -0.0466328 0)
(0.918606 -0.0457023 0)
(0.781909 -0.0361798 0)
(0.895336 -0.0350302 0)
(0.75779 -0.0275971 0)
(0.876136 -0.0254773 0)
(0.738344 -0.0202601 0)
(0.861126 -0.0166289 0)
(0.72333 -0.0136561 0)
(0.850321 -0.0082282 0)
(0.712597 -0.00747016 0)
(0.843733 -0.00013703 0)
(0.70606 -0.0015647 0)
(0.841465 0.00796913 0)
(0.703597 0.00410443 0)
(0.843544 0.0165732 0)
(0.705173 0.0101419 0)
(0.850252 0.0259736 0)
(0.711081 0.0167168 0)
(0.861968 0.0364619 0)
(0.721601 0.0240157 0)
(0.879209 0.0484592 0)
(0.73718 0.0323439 0)
(0.902665 0.062465 0)
(0.758462 0.0420544 0)
(0.933291 0.0790303 0)
(0.786298 0.0535516 0)
(0.972261 0.0986918 0)
(0.821803 0.0672557 0)
(1.02102 0.121899 0)
(0.866311 0.0835729 0)
(1.08128 0.148951 0)
(0.921408 0.102791 0)
(1.15502 0.179858 0)
(0.988886 0.125026 0)
(1.24436 0.214074 0)
(1.07065 0.150073 0)
(1.35139 0.250209 0)
(1.16852 0.177165 0)
(1.47787 0.285632 0)
(1.28398 0.204744 0)
(1.62452 0.316142 0)
(1.4177 0.230079 0)
(1.79054 0.335759 0)
(1.5688 0.249151 0)
(1.97219 0.336462 0)
(1.73418 0.256587 0)
(2.15972 0.30981 0)
(1.90734 0.245622 0)
(2.33793 0.249908 0)
(2.0766 0.21008 0)
(2.48719 0.158183 0)
(2.2258 0.147875 0)
(2.58911 0.0435459 0)
(2.33551 0.0626781 0)
(2.63651 -0.0751771 0)
(2.39246 -0.0321419 0)
(2.62444 -0.185612 0)
(2.39275 -0.121651 0)
(2.55651 -0.280641 0)
(2.33638 -0.202472 0)
(2.44285 -0.348863 0)
(2.22816 -0.261953 0)
(2.29111 -0.38647 0)
(2.07901 -0.295697 0)
(2.11042 -0.394058 0)
(1.90091 -0.304398 0)
(1.91229 -0.375037 0)
(1.70641 -0.290742 0)
(1.70933 -0.334365 0)
(1.50937 -0.259567 0)
(1.51482 -0.281991 0)
(1.32301 -0.21848 0)
(1.34013 -0.227616 0)
(1.15856 -0.175675 0)
(1.19205 -0.176127 0)
(1.02034 -0.136199 0)
(1.07251 -0.131272 0)
(0.909519 -0.101781 0)
(0.979963 -0.0944788 0)
(0.824238 -0.0735103 0)
(0.91081 -0.0655452 0)
(0.760911 -0.0512056 0)
(0.860734 -0.0435467 0)
(0.715331 -0.0341185 0)
(0.825563 -0.0273492 0)
(0.68363 -0.0214264 0)
(0.801637 -0.0158066 0)
(0.662356 -0.0123011 0)
(0.785962 -0.00784647 0)
(0.648648 -0.0059917 0)
(0.776166 -0.00257173 0)
(0.640372 -0.00180143 0)
(0.770416 0.000737716 0)
(0.635872 0.000849463 0)
(0.76738 0.00263328 0)
(0.633847 0.00236979 0)
(0.76609 0.00355056 0)
(0.633351 0.00311205 0)
(0.765884 0.00384102 0)
(0.633804 0.00334211 0)
(0.766321 0.00376903 0)
(0.634739 0.00325269 0)
(0.767063 0.00350055 0)
(0.635895 0.00300677 0)
(0.767922 0.00311567 0)
(0.637095 0.00267342 0)
(0.768804 0.00268456 0)
(0.63824 0.00230778 0)
(0.769634 0.00226179 0)
(0.639282 0.0019451 0)
(0.770379 0.00187529 0)
(0.640191 0.00161303 0)
(0.771025 0.00153305 0)
(0.640967 0.00131896 0)
(0.77157 0.00123735 0)
(0.641615 0.00106529 0)
(0.772022 0.000986297 0)
(0.642147 0.000850476 0)
(0.77239 0.000775627 0)
(0.642577 0.000670801 0)
(0.772683 0.00059997 0)
(0.642919 0.000521571 0)
(0.772913 0.000453472 0)
(0.643187 0.000397913 0)
(0.773088 0.000331204 0)
(0.643392 0.000294843 0)
(0.773217 0.000221614 0)
(0.643542 0.000208505 0)
(0.643664 0.000127389 0)
(1.0517 -0.154918 0)
(0.903271 -0.140186 0)
(1.04739 -0.183224 0)
(0.900296 -0.158421 0)
(1.0105 -0.168347 0)
(0.843182 -0.134084 0)
(0.955237 -0.143523 0)
(0.752174 -0.10352 0)
(0.890718 -0.113525 0)
(0.67197 -0.0760948 0)
(0.826404 -0.0848653 0)
(0.606496 -0.054014 0)
(0.768854 -0.0621403 0)
(0.554007 -0.0380382 0)
(0.720054 -0.0454667 0)
(0.511608 -0.0267849 0)
(0.679698 -0.0334772 0)
(0.478047 -0.0191343 0)
(0.646974 -0.0247167 0)
(0.451757 -0.0139093 0)
(0.620958 -0.0181001 0)
(0.431276 -0.0101633 0)
(0.600684 -0.0128505 0)
(0.415495 -0.0073231 0)
(0.585421 -0.00839688 0)
(0.403641 -0.00499749 0)
(0.574691 -0.00437084 0)
(0.395222 -0.00292605 0)
(0.568191 -0.000616244 0)
(0.389986 -0.000970199 0)
(0.56571 0.00291394 0)
(0.387827 0.000916235 0)
(0.567112 0.00657603 0)
(0.388442 0.00270261 0)
(0.572484 0.010663 0)
(0.391944 0.00476953 0)
(0.582126 0.0152177 0)
(0.398627 0.00707525 0)
(0.596427 0.0204342 0)
(0.408745 0.00971454 0)
(0.615959 0.0265513 0)
(0.422731 0.0128118 0)
(0.641503 0.0338371 0)
(0.441191 0.0165108 0)
(0.674077 0.04258 0)
(0.464915 0.0209776 0)
(0.714942 0.0530618 0)
(0.494901 0.0263907 0)
(0.765595 0.0655131 0)
(0.532359 0.0329194 0)
(0.827701 0.0800507 0)
(0.578678 0.0406845 0)
(0.903006 0.0965868 0)
(0.635355 0.0497211 0)
(0.993176 0.114683 0)
(0.703878 0.0599042 0)
(1.09951 0.133374 0)
(0.785507 0.0708328 0)
(1.22254 0.150959 0)
(0.880941 0.0817089 0)
(1.36143 0.16484 0)
(0.989836 0.091189 0)
(1.51325 0.171492 0)
(1.11016 0.0973358 0)
(1.67225 0.166554 0)
(1.2375 0.0975886 0)
(1.82896 0.145509 0)
(1.36484 0.0889081 0)
(1.96998 0.105829 0)
(1.4817 0.0690581 0)
(2.07988 0.048628 0)
(1.57465 0.0379774 0)
(2.14321 -0.0166952 0)
(1.62868 -0.000647254 0)
(2.15071 -0.0808371 0)
(1.6375 -0.0396403 0)
(2.10406 -0.139209 0)
(1.59997 -0.0750042 0)
(2.00459 -0.183823 0)
(1.51796 -0.103006 0)
(1.86125 -0.208472 0)
(1.39938 -0.118609 0)
(1.68658 -0.212738 0)
(1.25653 -0.121027 0)
(1.49498 -0.199653 0)
(1.10314 -0.112795 0)
(1.30203 -0.174183 0)
(0.952231 -0.0977971 0)
(1.12251 -0.142799 0)
(0.812423 -0.0800507 0)
(0.966642 -0.111695 0)
(0.692155 -0.0626071 0)
(0.838419 -0.0843443 0)
(0.592942 -0.0474528 0)
(0.737451 -0.0616496 0)
(0.516437 -0.0352306 0)
(0.660967 -0.0435697 0)
(0.457312 -0.0252971 0)
(0.604941 -0.0296212 0)
(0.41405 -0.0174834 0)
(0.565226 -0.0190759 0)
(0.383668 -0.0114909 0)
(0.538064 -0.0113048 0)
(0.362867 -0.00695692 0)
(0.520298 -0.00575041 0)
(0.349423 -0.00366049 0)
(0.509304 -0.00195843 0)
(0.341379 -0.00130634 0)
(0.503057 0.000449997 0)
(0.337068 0.000254927 0)
(0.500103 0.00188148 0)
(0.335307 0.00115274 0)
(0.499332 0.00264539 0)
(0.335231 0.00162057 0)
(0.499877 0.00296521 0)
(0.336148 0.00182486 0)
(0.501134 0.00299191 0)
(0.33758 0.00185564 0)
(0.502712 0.00281472 0)
(0.339257 0.00176343 0)
(0.50437 0.00253084 0)
(0.340928 0.00159471 0)
(0.505979 0.00220811 0)
(0.342513 0.00139775 0)
(0.507455 0.00188408 0)
(0.343944 0.00119778 0)
(0.508757 0.00157818 0)
(0.345194 0.00100648 0)
(0.50987 0.00130123 0)
(0.346258 0.000831181 0)
(0.510806 0.00105904 0)
(0.347146 0.00067742 0)
(0.511579 0.00085211 0)
(0.347877 0.000545944 0)
(0.512209 0.000678411 0)
(0.348471 0.000435506 0)
(0.512715 0.000534357 0)
(0.348948 0.000343962 0)
(0.513118 0.00041573 0)
(0.349326 0.000268706 0)
(0.513432 0.000318289 0)
(0.349622 0.000207126 0)
(0.513673 0.000237993 0)
(0.34985 0.000156712 0)
(0.513853 0.00017103 0)
(0.350021 0.000115134 0)
(0.513982 0.000113513 0)
(0.350146 7.99451e-05 0)
(0.350243 5.13731e-05 0)
(0.859814 -0.0532588 0)
(0.701392 -0.0846432 0)
(0.567308 -0.066116 0)
(0.463788 -0.0366771 0)
(0.387693 -0.0189988 0)
(0.333679 -0.0103328 0)
(0.295641 -0.00559542 0)
(0.268856 -0.0029605 0)
(0.249722 -0.00154843 0)
(0.235813 -0.000780901 0)
(0.225649 -0.000327103 0)
(0.218326 -1.54163e-05 0)
(0.213329 0.000254114 0)
(0.210403 0.00052876 0)
(0.209433 0.000832357 0)
(0.210349 0.00120131 0)
(0.213051 0.00165134 0)
(0.217821 0.0021831 0)
(0.224896 0.00282758 0)
(0.234611 0.00362653 0)
(0.247423 0.00461933 0)
(0.263933 0.00585234 0)
(0.284911 0.00737818 0)
(0.311302 0.0092497 0)
(0.344221 0.0115077 0)
(0.384906 0.0141634 0)
(0.434627 0.0171739 0)
(0.494531 0.0204001 0)
(0.565364 0.0235554 0)
(0.647073 0.0261467 0)
(0.738262 0.0274379 0)
(0.835598 0.02643 0)
(0.933187 0.0219235 0)
(1.02209 0.0132218 0)
(1.09115 0.000928166 0)
(1.12913 -0.0127401 0)
(1.12848 -0.0270944 0)
(1.08884 -0.0395759 0)
(1.01384 -0.0470071 0)
(0.910834 -0.0485784 0)
(0.792225 -0.0441037 0)
(0.671198 -0.0363324 0)
(0.558403 -0.0273658 0)
(0.460606 -0.0186623 0)
(0.380556 -0.0116555 0)
(0.317949 -0.00748166 0)
(0.270496 -0.00574325 0)
(0.235265 -0.00345629 0)
(0.209968 -0.00135066 0)
(0.192485 -0.000671585 0)
(0.180994 -7.78876e-05 0)
(0.174037 0.000413779 0)
(0.170377 0.000704854 0)
(0.16907 0.000946718 0)
(0.169325 0.00108416 0)
(0.170478 0.00107492 0)
(0.172099 0.000992927 0)
(0.173923 0.000884222 0)
(0.175779 0.000770223 0)
(0.177543 0.000662945 0)
(0.179137 0.000558988 0)
(0.180535 0.000463676 0)
(0.181733 0.000379564 0)
(0.182739 0.000307079 0)
(0.183571 0.000245763 0)
(0.184248 0.0001949 0)
(0.184794 0.000153248 0)
(0.185229 0.000119495 0)
(0.185573 9.23158e-05 0)
(0.185842 7.04913e-05 0)
(0.186049 5.2949e-05 0)
(0.186206 3.87162e-05 0)
(0.186321 2.67833e-05 0)
(0.186401 1.83771e-05 0)
)
;

boundaryField
{
    ibCylinder
    {
        type            immersedBoundary;
        value           nonuniform List<vector> 
44
(
(-0.191972 0 0)
(-0.191972 6.65226e-18 0)
(-0.191972 3.44045e-18 5.97114e-34)
(-0.191972 8.67063e-19 0)
(-0.191972 0 0)
(-0.191972 0 0)
(-0.191972 0 0)
(-0.191972 0 0)
(-0.191972 -1.20177e-17 0)
(-0.191972 1.17768e-17 0)
(-0.191972 1.06066e-17 0)
(-0.191972 0 0)
(-0.191972 -1.89328e-17 3.25086e-33)
(-0.191972 0 0)
(-0.191972 0 0)
(-0.191972 0 0)
(-0.191972 0 0)
(-0.191972 0 0)
(-0.191972 0 0)
(-0.191972 0 0)
(-0.191972 0 0)
(-0.191972 0 0)
(-0.191972 0 0)
(-0.191972 0 0)
(-0.191972 0 0)
(-0.191972 0 0)
(-0.191972 0 0)
(-0.191972 0 0)
(-0.191972 0 0)
(-0.191972 0 0)
(-0.191972 0 0)
(-0.191972 1.89328e-17 -3.25086e-33)
(-0.191972 -1.69446e-17 2.86796e-33)
(-0.191972 0 0)
(-0.191972 -1.20177e-17 3.41536e-34)
(-0.191972 1.17768e-17 0)
(-0.191972 -1.06066e-17 0)
(-0.191972 0 0)
(-0.191972 -6.65226e-18 0)
(-0.191972 -3.44045e-18 -5.97114e-34)
(-0.191972 -8.67063e-19 0)
(-0.191972 0 0)
(-0.191972 0 0)
(-0.191972 -1.24068e-17 0)
)
;
        value           nonuniform List<vector> 0();
    }
    in
    {
        type            calculated;
        value           uniform (1 0 0);
    }
    out
    {
        type            calculated;
        value           nonuniform List<vector> 
25
(
(0.186451 -1.55178e-05 0)
(0.514056 -8.67073e-05 0)
(0.773293 -0.000167793 0)
(0.957842 -0.000242702 0)
(1.07649 -0.000293535 0)
(1.14584 -0.000313476 0)
(1.18298 -0.000303896 0)
(1.20135 -0.000269871 0)
(1.20981 -0.000219862 0)
(1.21348 -0.000163078 0)
(1.21498 -0.000106486 0)
(1.21555 -5.21524e-05 0)
(1.21569 -2.96526e-07 0)
(1.21555 5.154e-05 0)
(1.21498 0.000105855 0)
(1.21348 0.000162414 0)
(1.20981 0.000219161 0)
(1.20135 0.000269146 0)
(1.18298 0.000303174 0)
(1.14585 0.000312803 0)
(1.07649 0.000292961 0)
(0.957844 0.000242295 0)
(0.773295 0.000167568 0)
(0.514058 8.6607e-05 0)
(0.186452 1.55032e-05 0)
)
;
    }
    top
    {
        type            calculated;
        value           uniform (0 0 0);
    }
    bottom
    {
        type            calculated;
        value           uniform (0 0 0);
    }
    frontAndBack
    {
        type            empty;
        value           nonuniform List<vector> 0();
    }
}


// ************************************************************************* //
