/*--------------------------------*- C++ -*----------------------------------*\
| =========                 |                                                 |
| \\      /  F ield         | OpenFOAM: The Open Source CFD Toolbox           |
|  \\    /   O peration     | Version:  2206                                  |
|   \\  /    A nd           | Website:  www.openfoam.com                      |
|    \\/     M anipulation  |                                                 |
\*---------------------------------------------------------------------------*/
FoamFile
{
    version     2.0;
    format      ascii;
    arch        "LSB;label=32;scalar=64";
    class       surfaceScalarField;
    location    "0.2";
    object      phi;
}
// * * * * * * * * * * * * * * * * * * * * * * * * * * * * * * * * * * * * * //

dimensions      [0 3 -1 0 0 0 0];

oriented        oriented;

internalField   nonuniform List<scalar> 
3650
(
0.00275105
0.000448951
0.00225655
0.000494502
0.00184644
0.000410109
0.00154289
0.000303545
0.00133878
0.000204118
0.00121252
0.00012626
0.00113828
7.42355e-05
0.00109692
4.1361e-05
0.00107498
2.19389e-05
0.00106383
1.11465e-05
0.00105849
5.34741e-06
0.00105622
2.26567e-06
0.00105562
6.08799e-07
0.00105597
-3.53111e-07
0.00105695
-9.7575e-07
0.00105847
-1.52174e-06
0.00106049
-2.02494e-06
0.00106299
-2.49844e-06
0.00106591
-2.91403e-06
0.00106919
-3.28196e-06
0.0010727
-3.51518e-06
0.00107625
-3.55228e-06
0.00107973
-3.47539e-06
0.00108288
-3.14861e-06
0.00108566
-2.78678e-06
0.0010882
-2.54666e-06
0.00109069
-2.48588e-06
0.00109324
-2.55573e-06
0.00109584
-2.59566e-06
0.00109819
-2.35342e-06
0.00109976
-1.56727e-06
0.00110029
-5.35017e-07
0.00109967
6.19295e-07
0.00109799
1.67763e-06
0.00109541
2.58663e-06
0.00109207
3.34277e-06
0.00108819
3.88426e-06
0.00108402
4.16467e-06
0.0010798
4.22504e-06
0.0010757
4.10288e-06
0.00107182
3.87274e-06
0.00106819
3.63109e-06
0.00106488
3.31076e-06
0.00106192
2.95891e-06
0.00105932
2.60815e-06
0.00105704
2.27268e-06
0.00105508
1.9601e-06
0.00105341
1.66867e-06
0.00105201
1.40665e-06
0.00105084
1.17054e-06
0.00104987
9.65157e-07
0.00104908
7.90325e-07
0.00104844
6.44078e-07
0.00104792
5.22009e-07
0.0010475
4.21448e-07
0.00104716
3.38682e-07
0.00104689
2.71517e-07
0.00104667
2.16941e-07
0.0010465
1.72873e-07
0.00104636
1.36925e-07
0.00104625
1.08288e-07
0.00104617
8.52633e-08
0.0010461
6.70651e-08
0.00104605
5.24681e-08
0.00104601
4.10167e-08
0.00104597
3.17238e-08
0.00104595
2.45053e-08
0.00104593
1.87185e-08
0.00104592
1.43167e-08
0.00104591
1.07115e-08
0.0010459
7.87822e-09
0.00104589
5.39134e-09
0.00104589
3.37697e-09
0.00104589
1.75516e-09
-8.59658e-11
0.00336368
0.000285268
0.00335048
0.000507707
0.00324505
0.000515535
0.00309588
0.000452722
0.00293665
0.000363339
0.00279743
0.000265488
0.0026922
0.000179466
0.00261934
0.000114217
0.00257119
7.00852e-05
0.00254018
4.21563e-05
0.00252043
2.5099e-05
0.00250779
1.49072e-05
0.00249948
8.92572e-06
0.00249373
5.39279e-06
0.00248953
3.22859e-06
0.00248616
1.8441e-06
0.00248315
9.83679e-07
0.0024801
5.58342e-07
0.0024766
5.82592e-07
0.00247222
1.09957e-06
0.00246646
2.24359e-06
0.00245878
4.1302e-06
0.00244859
6.71114e-06
0.00243575
9.69254e-06
0.00242064
1.23182e-05
0.00240436
1.3735e-05
0.00238861
1.32593e-05
0.00237543
1.06286e-05
0.00236672
6.11281e-06
0.00236337
9.94237e-07
0.00236469
-2.88571e-06
0.00236977
-5.61885e-06
0.00237806
-7.67498e-06
0.00238895
-9.20709e-06
0.00240152
-9.98165e-06
0.0024147
-9.83851e-06
0.00242754
-8.95105e-06
0.00243932
-7.61723e-06
0.00244964
-6.09902e-06
0.00245828
-4.52791e-06
0.00246517
-3.02263e-06
0.0024705
-1.69443e-06
0.00247442
-6.16701e-07
0.00247718
2.05701e-07
0.002479
7.86591e-07
0.00248012
1.15437e-06
0.00248073
1.348e-06
0.002481
1.39657e-06
0.00248106
1.35466e-06
0.00248097
1.25729e-06
0.0024808
1.1332e-06
0.00248059
9.97265e-07
0.00248038
8.61512e-07
0.00248017
7.33269e-07
0.00247997
6.17416e-07
0.0024798
5.13519e-07
0.00247964
4.2452e-07
0.00247951
3.49295e-07
0.0024794
2.85434e-07
0.0024793
2.31746e-07
0.00247922
1.87205e-07
0.00247916
1.5052e-07
0.00247911
1.20426e-07
0.00247906
9.58299e-08
0.00247903
7.58729e-08
0.002479
5.96238e-08
0.00247898
4.65788e-08
0.00247896
3.612e-08
0.00247895
2.77487e-08
0.00247894
2.09529e-08
0.00247893
1.53164e-08
0.00247892
1.05688e-08
0.00247892
6.40106e-09
0.00247892
3.07547e-09
-5.289e-10
0.00332703
0.000158234
0.00345486
0.000379887
0.00351801
0.000452377
0.00352874
0.000441994
0.00349926
0.000392816
0.0034464
0.000318354
0.00338591
0.000239952
0.00332987
0.00017026
0.00328388
0.000116074
0.00324867
7.73628e-05
0.00322297
5.08036e-05
0.00320455
3.33244e-05
0.00319127
2.22122e-05
0.00318141
1.5248e-05
0.00317382
1.0821e-05
0.00316759
8.08009e-06
0.00316196
6.6081e-06
0.00315632
6.20459e-06
0.00315005
6.84719e-06
0.00314256
8.58577e-06
0.00313308
1.17322e-05
0.00312059
1.66196e-05
0.00310409
2.32091e-05
0.00308291
3.0866e-05
0.00305748
3.77477e-05
0.00302951
4.17078e-05
0.00300159
4.11817e-05
0.00297706
3.51499e-05
0.00295953
2.36418e-05
0.00295088
9.65054e-06
0.00294942
-1.42895e-06
0.0029531
-9.30199e-06
0.00296138
-1.59552e-05
0.00297431
-2.21404e-05
0.00299124
-2.69066e-05
0.00301098
-2.95717e-05
0.00303213
-3.01087e-05
0.00305335
-2.88329e-05
0.00307345
-2.61966e-05
0.00309152
-2.25943e-05
0.00310705
-1.85518e-05
0.00311993
-1.45747e-05
0.00313031
-1.09951e-05
0.00313844
-7.92438e-06
0.00314465
-5.43028e-06
0.00314931
-3.50748e-06
0.00315275
-2.08972e-06
0.00315524
-1.09472e-06
0.00315703
-4.28343e-07
0.00315829
-2.5255e-09
0.00315917
2.54303e-07
0.00315977
3.93549e-07
0.00316018
4.53691e-07
0.00316045
4.64194e-07
0.00316062
4.46833e-07
0.00316072
4.09988e-07
0.00316078
3.63972e-07
0.00316081
3.19405e-07
0.00316082
2.74335e-07
0.00316082
2.32456e-07
0.00316082
1.94776e-07
0.0031608
1.61708e-07
0.00316079
1.33231e-07
0.00316078
1.08662e-07
0.00316077
8.78635e-08
0.00316076
7.03964e-08
0.00316075
5.59893e-08
0.00316074
4.40962e-08
0.00316073
3.42896e-08
0.00316073
2.6062e-08
0.00316072
1.90658e-08
0.00316072
1.30603e-08
0.00316072
7.72536e-09
0.00316072
3.19253e-09
-1.65367e-09
0.00326374
9.44898e-05
0.00338518
0.000258447
0.00348682
0.000350742
0.00355257
0.000376243
0.00358606
0.000359331
0.00358996
0.000314454
0.00357403
0.00025588
0.00354952
0.000194771
0.00352324
0.00014235
0.00349873
0.000101877
0.0034779
7.16349e-05
0.00346122
4.99993e-05
0.00344818
3.52613e-05
0.00343797
2.54565e-05
0.00342999
1.8804e-05
0.00342355
1.45203e-05
0.00341796
1.2189e-05
0.00341265
1.15192e-05
0.00340702
1.24772e-05
0.00340038
1.52216e-05
0.00339181
2.03084e-05
0.00337999
2.84362e-05
0.00336335
3.98559e-05
0.00334054
5.36696e-05
0.00331241
6.58716e-05
0.00328208
7.20462e-05
0.00325323
7.00232e-05
0.00323014
5.82407e-05
0.00321691
3.6877e-05
0.00321448
1.20812e-05
0.00321667
-3.62455e-06
0.00321824
-1.08767e-05
0.00321934
-1.70495e-05
0.00322289
-2.56952e-05
0.00323068
-3.46944e-05
0.00324347
-4.23559e-05
0.00326067
-4.73132e-05
0.00328088
-4.90393e-05
0.00330224
-4.75539e-05
0.00332294
-4.32979e-05
0.00334167
-3.72841e-05
0.0033577
-3.05954e-05
0.00337088
-2.41815e-05
0.00338142
-1.8461e-05
0.00338966
-1.36667e-05
0.003396
-9.85114e-06
0.00340083
-6.91856e-06
0.00340446
-4.72828e-06
0.00340718
-3.14214e-06
0.00340919
-2.01485e-06
0.00341067
-1.2262e-06
0.00341175
-6.85767e-07
0.00341253
-3.27187e-07
0.00341309
-9.78812e-08
0.0034135
4.31916e-08
0.00341378
1.23416e-07
0.00341398
1.6358e-07
0.00341412
1.78653e-07
0.00341422
1.77341e-07
0.00341429
1.66565e-07
0.00341433
1.50891e-07
0.00341436
1.32509e-07
0.00341438
1.15023e-07
0.00341439
9.75455e-08
0.0034144
8.14871e-08
0.0034144
6.71004e-08
0.0034144
5.46879e-08
0.0034144
4.39295e-08
0.0034144
3.46682e-08
0.0034144
2.65486e-08
0.0034144
1.94123e-08
0.0034144
1.30868e-08
0.0034144
7.34721e-09
0.0034144
2.22196e-09
-3.31844e-09
0.00323362
6.08722e-05
0.00331341
0.000178656
0.00340199
0.000262165
0.00347699
0.000301238
0.0035317
0.000304626
0.00356367
0.000282476
0.0035759
0.00024365
0.00357391
0.000196769
0.00356499
0.000151267
0.0035532
0.000113666
0.00354111
8.37269e-05
0.00353025
6.08629e-05
0.00352118
4.43246e-05
0.00351384
3.28023e-05
0.00350793
2.47184e-05
0.00350316
1.92867e-05
0.00349914
1.62073e-05
0.00349556
1.51038e-05
0.00349211
1.5928e-05
0.00348816
1.91684e-05
0.00348276
2.57107e-05
0.00347442
3.6774e-05
0.00346104
5.32326e-05
0.00344043
7.42867e-05
0.00341653
8.97634e-05
0.00339703
9.15425e-05
0.00338645
8.06052e-05
0.00338962
5.5072e-05
0.00340793
1.857e-05
0.00343526
-1.52527e-05
0.00345012
-1.84803e-05
0.00344577
-6.52945e-06
0.00342566
3.06222e-06
0.00340102
-1.05373e-06
0.00338016
-1.3834e-05
0.00336793
-3.01286e-05
0.00336625
-4.56298e-05
0.00337369
-5.64805e-05
0.00338752
-6.13835e-05
0.00340412
-5.9897e-05
0.00342111
-5.42781e-05
0.00343649
-4.5968e-05
0.00344937
-3.70599e-05
0.00345974
-2.88338e-05
0.0034679
-2.18258e-05
0.00347422
-1.61725e-05
0.00347907
-1.17645e-05
0.00348275
-8.40909e-06
0.00348553
-5.92159e-06
0.00348762
-4.10737e-06
0.00348919
-2.79391e-06
0.00349035
-1.85186e-06
0.00349122
-1.19114e-06
0.00349186
-7.36632e-07
0.00349233
-4.28053e-07
0.00349267
-2.2206e-07
0.00349292
-8.7997e-08
0.00349311
-4.14146e-09
0.00349324
4.52402e-08
0.00349333
7.15968e-08
0.0034934
8.30013e-08
0.00349345
8.47619e-08
0.00349348
8.09946e-08
0.00349351
7.37865e-08
0.00349352
6.50475e-08
0.00349354
5.57234e-08
0.00349354
4.70713e-08
0.00349355
3.88005e-08
0.00349355
3.11325e-08
0.00349356
2.40327e-08
0.00349356
1.74763e-08
0.00349356
1.14551e-08
0.00349356
5.84409e-09
0.00349356
5.79944e-10
-5.18262e-09
0.00321892
4.19562e-05
0.00327028
0.000127292
0.0033364
0.000196043
0.00340125
0.00023639
0.0034565
0.000249375
0.00349835
0.000240624
0.00352601
0.000215998
0.00354037
0.000182407
0.00354504
0.000146597
0.00354441
0.000114292
0.00354109
8.70505e-05
0.00353668
6.52678e-05
0.00353219
4.88149e-05
0.00352828
3.67155e-05
0.00352504
2.79612e-05
0.00352258
2.17429e-05
0.00352085
1.79405e-05
0.00351972
1.62333e-05
0.00351912
1.65319e-05
0.00351878
1.9506e-05
0.00351812
2.63773e-05
0.00351572
3.91665e-05
0.00350911
5.98488e-05
0.0034963
8.70978e-05
0.0034897
9.63579e-05
0.00349964
8.1608e-05
0.00353726
4.29862e-05
0.00360378
-1.14509e-05
0.00368749
-6.51377e-05
0.00375176
-7.95228e-05
0.00376553
-3.2247e-05
0.00374406
1.49406e-05
0.00369304
5.40758e-05
0.003626
6.59881e-05
0.00355954
5.26255e-05
0.00350181
2.75966e-05
0.00346313
-6.94675e-06
0.00344451
-3.78608e-05
0.0034413
-5.81721e-05
0.00344753
-6.61273e-05
0.00345753
-6.42728e-05
0.00346873
-5.71703e-05
0.00347893
-4.72646e-05
0.00348735
-3.72489e-05
0.003494
-2.84765e-05
0.00349915
-2.13192e-05
0.00350308
-1.57002e-05
0.00350608
-1.14021e-05
0.00350834
-8.18577e-06
0.00351005
-5.81731e-06
0.00351134
-4.0843e-06
0.00351231
-2.82368e-06
0.00351304
-1.92198e-06
0.00351359
-1.28658e-06
0.00351401
-8.41261e-07
0.00351432
-5.31174e-07
0.00351455
-3.18049e-07
0.00351472
-1.75251e-07
0.00351485
-8.19806e-08
0.00351494
-2.27227e-08
0.00351501
1.33688e-08
0.00351506
3.37399e-08
0.0035151
4.35341e-08
0.00351513
4.64387e-08
0.00351515
4.51071e-08
0.00351516
4.14501e-08
0.00351517
3.66408e-08
0.00351518
3.12528e-08
0.00351518
2.5579e-08
0.00351519
1.98752e-08
0.00351519
1.42836e-08
0.00351519
8.92531e-09
0.0035152
3.75012e-09
0.0035152
-1.32686e-09
-6.94852e-09
0.00321174
3.02199e-05
0.00324648
9.2546e-05
0.00329574
0.000146782
0.00334889
0.000183244
0.00339869
0.000199571
0.00344105
0.000198263
0.00347385
0.000183198
0.00349681
0.000159447
0.00351114
0.000132275
0.00351936
0.000106064
0.00352345
8.29649e-05
0.00352496
6.37619e-05
0.0035252
4.85708e-05
0.00352494
3.69798e-05
0.00352459
2.83128e-05
0.00352447
2.18659e-05
0.0035249
1.75096e-05
0.0035262
1.49253e-05
0.00352868
1.40546e-05
0.00353268
1.55048e-05
0.00353831
2.07487e-05
0.00354483
3.26492e-05
0.00355049
5.41896e-05
0.0035558
8.17856e-05
0.00357397
7.81973e-05
0.00361909
3.648e-05
0.00369414
-3.2062e-05
0.00376862
-8.59243e-05
0.00224637
1.70611e-18
0.00127181
1.21339e-18
0.000926239
8.72573e-19
0.00126467
7.59124e-19
0.00222095
7.97159e-19
0.00372672
5.05991e-19
0.00370342
7.5923e-05
0.00363891
9.2102e-05
0.00357176
6.02063e-05
0.00352286
1.10461e-05
0.00349727
-3.25853e-05
0.00348852
-5.73772e-05
0.0034885
-6.42578e-05
0.00349245
-6.11163e-05
0.00349792
-5.2734e-05
0.00350297
-4.23016e-05
0.00350706
-3.25616e-05
0.00351025
-2.4505e-05
0.00351269
-1.81445e-05
0.00351456
-1.32681e-05
0.00351597
-9.60493e-06
0.00351705
-6.89243e-06
0.00351787
-4.90124e-06
0.00351849
-3.44911e-06
0.00351897
-2.4013e-06
0.00351934
-1.65341e-06
0.00351962
-1.12189e-06
0.00351983
-7.45894e-07
0.00352
-4.82493e-07
0.00352012
-3.01532e-07
0.00352022
-1.78802e-07
0.0035203
-9.6782e-08
0.00352035
-4.31553e-08
0.00352039
-9.29352e-09
0.00352043
1.08069e-08
0.00352045
2.16235e-08
0.00352047
2.63437e-08
0.00352049
2.73326e-08
0.0035205
2.59784e-08
0.0035205
2.31558e-08
0.00352051
1.93902e-08
0.00352052
1.50965e-08
0.00352052
1.05769e-08
0.00352052
6.0264e-09
0.00352052
1.49517e-09
0.00352053
-3.16557e-09
-8.38502e-09
0.00320819
2.20305e-05
0.00323318
6.75511e-05
0.00327103
0.000108934
0.00331488
0.000139395
0.00335893
0.000155522
0.00339928
0.000157912
0.00343346
0.000149025
0.00346038
0.000132523
0.00348024
0.000112416
0.00349425
9.20533e-05
0.00350379
7.34305e-05
0.00351008
5.74664e-05
0.00351424
4.44169e-05
0.0035171
3.41117e-05
0.00351934
2.60775e-05
0.00352138
1.98296e-05
0.0035238
1.50917e-05
0.00352725
1.14686e-05
0.00353253
8.77677e-06
0.00354089
7.14537e-06
0.00355365
7.98814e-06
0.0035715
1.48059e-05
0.0035936
3.20898e-05
0.00361065
6.4737e-05
0.00362194
6.69048e-05
0.00364989
8.53947e-06
0.00260004
-2.48987e-05
4.91969e-18
1.29374e-18
2.68709e-18
-7.65444e-21
1.29906e-18
4.10588e-21
1.19912e-18
1.78233e-20
1.4187e-18
4.00109e-20
1.68581e-18
6.85648e-20
2.76522e-18
1.97378e-19
0.00263461
2.91793e-19
0.00367206
5.2763e-05
0.00363758
9.46873e-05
0.00358912
5.95061e-05
0.00355133
5.21056e-06
0.00353051
-3.65571e-05
0.00352104
-5.47885e-05
0.00351722
-5.72959e-05
0.00351647
-5.19872e-05
0.00351704
-4.28706e-05
0.00351786
-3.33788e-05
0.00351859
-2.52344e-05
0.00351918
-1.8738e-05
0.00351965
-1.37419e-05
0.00352003
-9.98332e-06
0.00352034
-7.19649e-06
0.00352058
-5.14913e-06
0.00352079
-3.65516e-06
0.00352096
-2.57292e-06
0.0035211
-1.7949e-06
0.00352122
-1.2385e-06
0.00352132
-8.4241e-07
0.0035214
-5.62736e-07
0.00352146
-3.67736e-07
0.00352152
-2.3275e-07
0.00352156
-1.40504e-07
0.0035216
-7.86201e-08
0.00352162
-3.81189e-08
0.00352165
-1.24591e-08
0.00352167
2.88893e-09
0.00352168
1.14263e-08
0.00352169
1.55532e-08
0.0035217
1.66814e-08
0.00352171
1.57419e-08
0.00352172
1.34769e-08
0.00352172
1.03979e-08
0.00352172
6.89195e-09
0.00352173
3.17352e-09
0.00352173
-6.40094e-10
0.00352173
-4.70976e-09
-9.31316e-09
0.00320626
1.57671e-05
0.00322549
4.83276e-05
0.00325575
7.86704e-05
0.00329284
0.000102304
0.00333214
0.00011622
0.00337009
0.000119968
0.00340415
0.000114965
0.00343286
0.000103812
0.00345582
8.94521e-05
0.0034735
7.43717e-05
0.00348675
6.01836e-05
0.0034965
4.77193e-05
0.00350365
3.72645e-05
0.00350902
2.87453e-05
0.00351326
2.18363e-05
0.00351693
1.61614e-05
0.00352068
1.13433e-05
0.00352534
6.80959e-06
0.00353214
1.97165e-06
0.00354321
-3.92247e-06
0.003561
-9.80159e-06
0.00358678
-1.09699e-05
0.003615
3.87633e-06
0.00362195
5.77846e-05
0.00359686
9.19985e-05
0.00269454
2.37047e-05
4.18377e-18
9.26059e-19
1.1837e-18
-3.52437e-21
4.67868e-20
-1.62814e-22
6.62684e-20
-4.65655e-22
1.52722e-19
6.75003e-21
3.16921e-19
1.90624e-20
6.40711e-19
1.85702e-20
1.42963e-18
3.83873e-20
2.80951e-18
1.2445e-19
0.00279705
2.19396e-19
0.00363963
6.46221e-05
0.00362061
7.85264e-05
0.00359098
3.4838e-05
0.00356739
-1.29656e-05
0.0035517
-3.9098e-05
0.00354174
-4.73393e-05
0.0035353
-4.55451e-05
0.00353115
-3.87188e-05
0.00352838
-3.0609e-05
0.00352643
-2.32865e-05
0.00352503
-1.73337e-05
0.00352401
-1.27277e-05
0.00352329
-9.25877e-06
0.00352278
-6.68734e-06
0.00352243
-4.79907e-06
0.0035222
-3.42159e-06
0.00352204
-2.42249e-06
0.00352195
-1.70213e-06
0.0035219
-1.18521e-06
0.00352187
-8.16062e-07
0.00352186
-5.53974e-07
0.00352187
-3.69509e-07
0.00352187
-2.40701e-07
0.00352188
-1.5171e-07
0.0035219
-9.12924e-08
0.00352191
-5.10028e-08
0.00352192
-2.46722e-08
0.00352193
-8.17428e-09
0.00352194
1.61932e-09
0.00352195
7.07642e-09
0.00352196
9.47788e-09
0.00352196
9.6388e-09
0.00352197
8.36047e-09
0.00352197
6.20724e-09
0.00352198
3.56697e-09
0.00352198
6.45132e-10
0.00352198
-2.44072e-09
0.00352198
-5.8053e-09
-9.64006e-09
0.00320514
1.06315e-05
0.00322091
3.25496e-05
0.00324626
5.33236e-05
0.00327856
7.00074e-05
0.0033143
8.04766e-05
0.00335018
8.40864e-05
0.00338365
8.1497e-05
0.00341309
7.43764e-05
0.00343776
6.47739e-05
0.00345771
5.44222e-05
0.00347342
4.44824e-05
0.00348555
3.55868e-05
0.00349484
2.79723e-05
0.00350198
2.16043e-05
0.00350756
1.62572e-05
0.00351211
1.1613e-05
0.0035162
7.25429e-06
0.00352054
2.46874e-06
0.00352629
-3.77961e-06
0.00353515
-1.27771e-05
0.00354884
-2.34882e-05
0.0035682
-3.03291e-05
0.00359112
-1.90388e-05
0.00358841
6.05017e-05
0.00354777
0.000132636
5.23191e-18
1.46754e-05
1.65468e-18
5.33297e-20
3.50139e-20
-1.2758e-22
3.52771e-20
0
3.69007e-20
1.07382e-25
8.19378e-20
1.24069e-20
1.42219e-19
1.00081e-20
3.05675e-19
1.36178e-20
7.47294e-19
1.96642e-20
1.43897e-18
4.94809e-20
2.80391e-18
5.11588e-20
0.003609
1.24174e-05
0.00361772
6.98108e-05
0.00360858
4.39809e-05
0.00359228
3.33142e-06
0.00357645
-2.32654e-05
0.00356309
-3.39839e-05
0.00355242
-3.48755e-05
0.00354427
-3.05654e-05
0.00353817
-2.45133e-05
0.00353366
-1.87731e-05
0.00353034
-1.40092e-05
0.0035279
-1.02951e-05
0.00352614
-7.49228e-06
0.00352486
-5.41518e-06
0.00352396
-3.89118e-06
0.00352331
-2.7802e-06
0.00352287
-1.97435e-06
0.00352256
-1.3927e-06
0.00352235
-9.74675e-07
0.00352221
-6.75541e-07
0.00352211
-4.62518e-07
0.00352206
-3.11831e-07
0.00352202
-2.06113e-07
0.003522
-1.32683e-07
0.00352199
-8.24518e-08
0.00352199
-4.85817e-08
0.00352199
-2.62124e-08
0.003522
-1.18551e-08
0.003522
-3.10854e-09
0.00352201
1.95166e-09
0.00352201
4.41439e-09
0.00352202
4.94847e-09
0.00352202
4.19518e-09
0.00352202
2.68205e-09
0.00352203
7.41072e-10
0.00352203
-1.45376e-09
0.00352203
-3.82906e-09
0.00352203
-6.41816e-09
-9.4029e-09
0.00320448
6.14931e-06
0.00321822
1.88144e-05
0.0032406
3.09456e-05
0.00326973
4.08694e-05
0.00330291
4.73031e-05
0.00333721
4.97861e-05
0.00337009
4.8611e-05
0.0033998
4.46735e-05
0.00342541
3.91647e-05
0.00344671
3.31219e-05
0.00346395
2.72427e-05
0.00347762
2.19153e-05
0.0034883
1.7291e-05
0.00349655
1.33533e-05
0.00350285
9.95889e-06
0.00350759
6.87775e-06
0.00351109
3.74627e-06
0.00351357
-3.45845e-09
0.00351497
-5.18018e-06
0.00351641
-1.42144e-05
0.00351971
-2.67874e-05
0.00352601
-3.66287e-05
0.00352232
-1.53441e-05
0.00353145
5.13763e-05
0.00354212
0.000121961
3.65963e-18
9.28309e-19
7.11738e-19
1.88703e-20
3.48704e-20
0
3.35295e-20
0
4.01798e-20
0
3.9e-20
-1.30645e-22
8.75929e-20
-1.60259e-21
1.94333e-19
-8.0538e-22
4.29505e-19
1.71946e-20
8.57719e-19
-1.37836e-21
2.1337e-18
-5.17427e-23
0.00356922
1.06188e-19
0.00359787
4.11613e-05
0.00360899
3.28575e-05
0.00360502
7.30277e-06
0.00359323
-1.14816e-05
0.00357924
-1.99928e-05
0.003566
-2.16287e-05
0.00355491
-1.94774e-05
0.00354618
-1.57886e-05
0.00353957
-1.21567e-05
0.00353465
-9.09218e-06
0.00353104
-6.68736e-06
0.00352842
-4.86763e-06
0.00352652
-3.51864e-06
0.00352516
-2.52942e-06
0.00352419
-1.8086e-06
0.0035235
-1.28597e-06
0.00352301
-9.08663e-07
0.00352268
-6.37389e-07
0.00352244
-4.43054e-07
0.00352229
-3.04449e-07
0.00352218
-2.06154e-07
0.00352211
-1.37057e-07
0.00352207
-8.90326e-08
0.00352204
-5.60945e-08
0.00352203
-3.38469e-08
0.00352202
-1.90376e-08
0.00352202
-9.47309e-09
0.00352202
-3.61259e-09
0.00352202
-3.15161e-10
0.00352202
1.24136e-09
0.00352203
1.4746e-09
0.00352203
8.48874e-10
0.00352203
-2.59534e-10
0.00352203
-1.647e-09
0.00352204
-3.18914e-09
0.00352204
-4.81649e-09
0.00352204
-6.62194e-09
-8.74702e-09
0.00320411
2.03924e-06
0.00321675
6.17833e-06
0.00323752
1.0171e-05
0.00326492
1.34752e-05
0.00329659
1.56308e-05
0.00332988
1.64922e-05
0.00336234
1.61511e-05
0.00339213
1.48885e-05
0.0034182
1.30906e-05
0.00344022
1.11033e-05
0.0034583
9.15871e-06
0.00347283
7.38724e-06
0.00348428
5.83998e-06
0.00349312
4.51223e-06
0.00349973
3.35471e-06
0.00350432
2.28588e-06
0.00350692
1.14737e-06
0.00350713
-2.13539e-07
0.00350409
-2.13904e-06
0.00349515
-5.27196e-06
0.0034777
-9.33641e-06
0.00345225
-1.11702e-05
0.0034367
2.05331e-07
0.00346029
2.77949e-05
5.59352e-18
2.54486e-05
1.55275e-18
4.58339e-20
3.4682e-20
0
3.47433e-20
0
3.43448e-20
0
3.6538e-20
0
3.46451e-20
-4.80552e-24
7.04682e-20
-2.68389e-22
1.72216e-19
1.0346e-20
3.13589e-19
-5.25619e-22
7.02606e-19
-9.88126e-23
1.76564e-18
4.30112e-20
2.79177e-18
6.73455e-21
0.00358662
1.13406e-05
0.00360722
1.22574e-05
0.00361092
3.59886e-06
0.00360261
-3.16431e-06
0.00358898
-6.36434e-06
0.00357457
-7.22392e-06
0.00356173
-6.63817e-06
0.00355137
-5.42884e-06
0.00354341
-4.1951e-06
0.00353746
-3.14053e-06
0.00353308
-2.31054e-06
0.0035299
-1.68093e-06
0.00352759
-1.21404e-06
0.00352593
-8.71743e-07
0.00352475
-6.22373e-07
0.0035239
-4.41743e-07
0.00352331
-3.11523e-07
0.00352289
-2.17994e-07
0.00352259
-1.51031e-07
0.00352239
-1.03252e-07
0.00352226
-6.93828e-08
0.00352217
-4.56765e-08
0.00352211
-2.94013e-08
0.00352207
-1.83755e-08
0.00352204
-1.10587e-08
0.00352203
-6.20601e-09
0.00352203
-3.17402e-09
0.00352202
-1.42237e-09
0.00352202
-7.04193e-10
0.00352203
-6.81153e-10
0.00352203
-1.15273e-09
0.00352203
-1.90506e-09
0.00352203
-2.77096e-09
0.00352204
-3.67985e-09
0.00352204
-4.60865e-09
0.00352204
-5.55579e-09
0.00352204
-6.62307e-09
-7.77218e-09
0.00320396
-1.92537e-06
0.00321622
-6.07767e-06
0.00323646
-1.00711e-05
0.00326333
-1.33958e-05
0.00329454
-1.55793e-05
0.00332751
-1.64718e-05
0.00335982
-1.6157e-05
0.00338962
-1.49129e-05
0.00341583
-1.31252e-05
0.00343808
-1.11411e-05
0.00345643
-9.19413e-06
0.00347123
-7.41564e-06
0.00348293
-5.85778e-06
0.00349196
-4.51651e-06
0.00349866
-3.34219e-06
0.0035032
-2.25277e-06
0.00350543
-1.08382e-06
0.00350491
3.08537e-07
0.00350047
2.30509e-06
0.00348968
5.51715e-06
0.00347078
9.57066e-06
0.00344829
1.1314e-05
0.00344851
-7.8767e-09
0.00350475
-2.84405e-05
5.36557e-18
-2.6599e-05
1.38255e-18
-4.67411e-20
3.46827e-20
0
3.47368e-20
0
3.43708e-20
0
3.65473e-20
0
3.17163e-20
4.80178e-24
7.89182e-20
2.68991e-22
1.27704e-19
-1.03419e-20
2.74855e-19
5.31208e-22
6.9665e-19
2.62632e-22
1.31251e-18
-5.37294e-20
2.68685e-18
-7.14153e-21
0.00357983
-1.16897e-05
0.00360456
-1.24712e-05
0.00361162
-3.46806e-06
0.00360504
3.42236e-06
0.00359206
6.61449e-06
0.00357742
7.41271e-06
0.00356404
6.74124e-06
0.00355315
5.46757e-06
0.00354473
4.2198e-06
0.00353843
3.163e-06
0.00353379
2.33068e-06
0.00353041
1.6994e-06
0.00352796
1.23119e-06
0.0035262
8.87865e-07
0.00352494
6.37763e-07
0.00352404
4.56122e-07
0.00352341
3.24596e-07
0.00352296
2.29689e-07
0.00352265
1.61512e-07
0.00352243
1.12824e-07
0.00352228
7.80844e-08
0.00352218
5.33457e-08
0.00352212
3.56905e-08
0.00352208
2.32202e-08
0.00352205
1.4492e-08
0.00352204
8.54188e-09
0.00352203
4.43556e-09
0.00352202
1.58787e-09
0.00352202
-5.02786e-10
0.00352203
-2.16897e-09
0.00352203
-3.48239e-09
0.00352203
-4.43834e-09
0.00352203
-5.10109e-09
0.00352203
-5.55621e-09
0.00352204
-5.87996e-09
0.00352204
-6.17216e-09
0.00352204
-6.42928e-09
-6.51679e-09
0.00320409
-6.01265e-06
0.00321675
-1.87376e-05
0.00323753
-3.08496e-05
0.00326492
-4.07934e-05
0.0032966
-4.72521e-05
0.00332989
-4.97653e-05
0.00336235
-4.86163e-05
0.00339213
-4.46971e-05
0.00341821
-3.91987e-05
0.00344022
-3.31593e-05
0.00345831
-2.72779e-05
0.00347284
-2.19441e-05
0.00348429
-1.73102e-05
0.00349313
-1.33601e-05
0.00349974
-9.9511e-06
0.00350434
-6.85252e-06
0.00350696
-3.69935e-06
0.0035072
7.4979e-08
0.00350421
5.29414e-06
0.00349535
1.43802e-05
0.00347791
2.70099e-05
0.00345226
3.69677e-05
0.00343612
1.61342e-05
0.00345842
-5.07349e-05
5.59126e-18
-0.000124979
1.5535e-18
-9.38688e-19
3.4682e-20
-1.9589e-20
3.47433e-20
0
3.43448e-20
0
3.65383e-20
0
3.46474e-20
1.30729e-22
7.04654e-20
1.60324e-21
1.72023e-19
8.06529e-22
3.1158e-19
-1.71608e-20
6.93e-19
1.51072e-21
1.76327e-18
4.96284e-22
2.79157e-18
-1.06242e-19
0.00358619
-4.10827e-05
0.00360647
-3.27502e-05
0.00361022
-7.21314e-06
0.00360211
1.15313e-05
0.00358868
2.00461e-05
0.00357441
2.16811e-05
0.00356165
1.95008e-05
0.00355132
1.57903e-05
0.00354338
1.21642e-05
0.00353744
9.10306e-06
0.00353307
6.70024e-06
0.00352989
4.88156e-06
0.00352759
3.53301e-06
0.00352593
2.54384e-06
0.00352474
1.82288e-06
0.0035239
1.29961e-06
0.0035233
9.21302e-07
0.00352288
6.48805e-07
0.00352259
4.53385e-07
0.00352239
3.13837e-07
0.00352225
2.14649e-07
0.00352216
1.44449e-07
0.0035221
9.50906e-08
0.00352207
6.07303e-08
0.00352204
3.71495e-08
0.00352203
2.12082e-08
0.00352202
1.05888e-08
0.00352202
3.60194e-09
0.00352202
-1.07027e-09
0.00352202
-4.2096e-09
0.00352203
-6.13405e-09
0.00352203
-7.16064e-09
0.00352203
-7.51216e-09
0.00352203
-7.46609e-09
0.00352204
-7.15606e-09
0.00352204
-6.74655e-09
0.00352204
-6.19642e-09
-5.28516e-09
0.00320446
-1.04744e-05
0.00321822
-3.24968e-05
0.00324061
-5.3234e-05
0.00326975
-6.99363e-05
0.00330292
-8.04277e-05
0.00333722
-8.40661e-05
0.00337011
-8.15017e-05
0.00339981
-7.4399e-05
0.00342542
-6.48065e-05
0.00344672
-5.44585e-05
0.00346396
-4.45172e-05
0.00347763
-3.5616e-05
0.00348831
-2.79937e-05
0.00349657
-2.1615e-05
0.00350288
-1.62577e-05
0.00350762
-1.15992e-05
0.00351115
-7.22735e-06
0.00351365
-2.42626e-06
0.00351511
3.84027e-06
0.00351665
1.28462e-05
0.00352016
2.34994e-05
0.00352679
3.03323e-05
0.00352377
1.91581e-05
0.00353372
-6.0682e-05
0.00354364
-0.000134899
3.67478e-18
-1.31561e-05
7.15929e-19
-5.27668e-20
3.48704e-20
1.29075e-22
3.35298e-20
0
4.01837e-20
-1.14461e-25
3.90065e-20
-1.24084e-20
8.7601e-20
-1.00073e-20
1.94301e-19
-1.3615e-20
4.29377e-19
-1.96642e-20
8.5776e-19
-4.94627e-20
2.13343e-18
-5.094e-20
0.00356917
-1.23719e-05
0.00359753
-6.94397e-05
0.00360853
-4.37482e-05
0.00360466
-3.35133e-06
0.00359299
2.32085e-05
0.00357911
3.3922e-05
0.00356595
3.48462e-05
0.00355488
3.05681e-05
0.00354616
2.45077e-05
0.00353955
1.87763e-05
0.00353463
1.40168e-05
0.00353103
1.03052e-05
0.00352841
7.50402e-06
0.00352651
5.42768e-06
0.00352515
3.9042e-06
0.00352418
2.79327e-06
0.00352349
1.98709e-06
0.00352301
1.40473e-06
0.00352267
9.85727e-07
0.00352244
6.85609e-07
0.00352228
4.71606e-07
0.00352218
3.19907e-07
0.00352211
2.12999e-07
0.00352206
1.38292e-07
0.00352204
8.67113e-08
0.00352202
5.16313e-08
0.00352202
2.80974e-08
0.00352201
1.26641e-08
0.00352202
2.72268e-09
0.00352202
-3.66078e-09
0.00352202
-7.58807e-09
0.00352202
-9.63445e-09
0.00352203
-1.04049e-08
0.00352203
-1.02796e-08
0.00352203
-9.61051e-09
0.00352203
-8.59203e-09
0.00352203
-7.39737e-09
0.00352203
-5.99809e-09
-4.13077e-09
0.00320514
-1.56121e-05
0.00322092
-4.8283e-05
0.00324628
-7.85865e-05
0.00327858
-0.000102238
0.00331432
-0.000116175
0.00335021
-0.000119949
0.00338367
-0.000114969
0.00341311
-0.000103834
0.00343779
-8.94827e-05
0.00345773
-7.4406e-05
0.00347343
-6.0217e-05
0.00348557
-4.77486e-05
0.00349486
-3.72875e-05
0.00350201
-2.87608e-05
0.00350759
-2.18443e-05
0.00351216
-1.61614e-05
0.00351626
-1.13349e-05
0.00352064
-6.79814e-06
0.00352644
-1.96384e-06
0.00353539
3.90328e-06
0.00354921
9.67321e-06
0.00356884
1.07034e-05
0.00359217
-4.17332e-06
0.00358986
-5.83703e-05
0.00354815
-9.31896e-05
5.235e-18
-2.18027e-05
1.65525e-18
-9.22572e-19
3.49876e-20
4.048e-21
3.52782e-20
1.63084e-22
3.69044e-20
4.65989e-22
8.1953e-20
-6.75164e-21
1.42248e-19
-1.90598e-20
3.05976e-19
-1.8582e-20
7.48682e-19
-3.84665e-20
1.43977e-18
-1.24405e-19
2.80408e-18
-2.1927e-19
0.00360882
-6.43881e-05
0.00361753
-7.81499e-05
0.00360844
-3.46596e-05
0.00359222
1.28657e-05
0.00357646
3.89666e-05
0.00356313
4.72506e-05
0.00355246
4.55201e-05
0.00354429
3.87343e-05
0.00353818
3.06204e-05
0.00353366
2.32979e-05
0.00353033
1.73455e-05
0.00352789
1.27396e-05
0.00352613
9.27097e-06
0.00352485
6.69964e-06
0.00352395
4.81151e-06
0.00352331
3.43385e-06
0.00352286
2.4345e-06
0.00352255
1.71356e-06
0.00352234
1.19589e-06
0.0035222
8.25791e-07
0.00352211
5.62658e-07
0.00352205
3.76987e-07
0.00352202
2.4693e-07
0.003522
1.56674e-07
0.00352199
9.50801e-08
0.00352199
5.36693e-08
0.00352199
2.61888e-08
0.00352199
8.51679e-09
0.003522
-2.51158e-09
0.003522
-9.23267e-09
0.00352201
-1.28998e-08
0.00352201
-1.43602e-08
0.00352202
-1.4396e-08
0.00352202
-1.35064e-08
0.00352202
-1.20598e-08
0.00352203
-1.02776e-08
0.00352203
-8.27954e-09
0.00352203
-5.99662e-09
-3.15563e-09
0.00320628
-2.18905e-05
0.0032255
-6.7507e-05
0.00325577
-0.000108856
0.00329287
-0.000139335
0.00333218
-0.000155482
0.00337012
-0.000157895
0.00340418
-0.000149029
0.00343289
-0.000132542
0.00345585
-0.000112444
0.00347353
-9.20847e-05
0.00348677
-7.34618e-05
0.00349652
-5.74948e-05
0.00350367
-4.44407e-05
0.00350904
-3.41306e-05
0.00351329
-2.60907e-05
0.00351697
-1.98399e-05
0.00352073
-1.5098e-05
0.00352541
-1.14787e-05
0.00353225
-8.80054e-06
0.00354335
-7.20111e-06
0.00356116
-8.13269e-06
0.00358694
-1.5073e-05
0.00361516
-3.23975e-05
0.00362158
-6.4787e-05
0.0035958
-6.74165e-05
0.00269414
-7.30126e-06
4.18278e-18
2.45013e-05
1.18389e-18
-1.29319e-18
4.68023e-20
7.56907e-21
6.62865e-20
-4.07887e-21
1.52794e-19
-1.78267e-20
3.17261e-19
-4.00309e-20
6.41282e-19
-6.85809e-20
1.43008e-18
-1.97434e-19
2.80979e-18
-2.91839e-19
0.00279702
-5.27313e-05
0.00363958
-9.44347e-05
0.00362064
-5.92114e-05
0.00359112
-5.14116e-06
0.00356755
3.64325e-05
0.00355184
5.46801e-05
0.00354183
5.72569e-05
0.00353535
5.20047e-05
0.00353117
4.29101e-05
0.00352839
3.34048e-05
0.00352643
2.52535e-05
0.00352502
1.8754e-05
0.00352401
1.37562e-05
0.00352328
9.9967e-06
0.00352277
7.20937e-06
0.00352242
5.16159e-06
0.00352219
3.66706e-06
0.00352204
2.58441e-06
0.00352194
1.8058e-06
0.00352189
1.24877e-06
0.00352187
8.51711e-07
0.00352186
5.70894e-07
0.00352186
3.7454e-07
0.00352187
2.38206e-07
0.00352188
1.44753e-07
0.00352189
8.18557e-08
0.00352191
4.02915e-08
0.00352192
1.34911e-08
0.00352193
-3.1089e-09
0.00352194
-1.28955e-08
0.00352195
-1.81865e-08
0.00352196
-2.03607e-08
0.00352196
-2.04659e-08
0.00352197
-1.9275e-08
0.00352197
-1.72998e-08
0.00352197
-1.48497e-08
0.00352198
-1.22355e-08
0.00352198
-9.41015e-09
0.00352198
-6.27724e-09
-2.51889e-09
0.00320822
-3.01135e-05
0.00323321
-9.24933e-05
0.00327106
-0.000146709
0.00331492
-0.000183189
0.00335897
-0.000199536
0.00339932
-0.000198249
0.0034335
-0.000183201
0.00346042
-0.000159463
0.00348027
-0.0001323
0.00349428
-0.000106092
0.00350381
-8.2993e-05
0.00351011
-6.37882e-05
0.00351426
-4.85942e-05
0.00351713
-3.69993e-05
0.00351937
-2.83294e-05
0.00352141
-2.18813e-05
0.00352383
-1.75245e-05
0.0035273
-1.49456e-05
0.00353259
-1.40875e-05
0.00354095
-1.55637e-05
0.00355367
-2.08522e-05
0.0035714
-3.28035e-05
0.00359337
-5.43728e-05
0.00361046
-8.18788e-05
0.00362132
-7.82781e-05
0.00365009
-3.60656e-05
0.00259979
3.21167e-05
4.92088e-18
8.56735e-05
2.68922e-18
-1.70608e-18
1.29999e-18
-1.2133e-18
1.19947e-18
-8.72531e-19
1.41909e-18
-7.59164e-19
1.68633e-18
-7.97093e-19
2.76553e-18
-5.06109e-19
0.00263466
-7.59708e-05
0.00367198
-9.19377e-05
0.00363756
-6.00155e-05
0.0035893
-1.09522e-05
0.00355154
3.26207e-05
0.00353065
5.73202e-05
0.0035211
6.42227e-05
0.00351724
6.11195e-05
0.00351648
5.27697e-05
0.00351705
4.23421e-05
0.00351786
3.25906e-05
0.00351859
2.45269e-05
0.00351918
1.81629e-05
0.00351965
1.32843e-05
0.00352002
9.61966e-06
0.00352033
6.90613e-06
0.00352058
4.91401e-06
0.00352078
3.46094e-06
0.00352095
2.41238e-06
0.00352109
1.66382e-06
0.00352121
1.1316e-06
0.00352131
7.5466e-07
0.00352139
4.89991e-07
0.00352146
3.07617e-07
0.00352151
1.83466e-07
0.00352156
1.00341e-07
0.00352159
4.57337e-08
0.00352162
1.08887e-08
0.00352164
-1.03682e-08
0.00352166
-2.24326e-08
0.00352168
-2.83751e-08
0.00352169
-3.03776e-08
0.0035217
-2.98694e-08
0.00352171
-2.78026e-08
0.00352171
-2.49056e-08
0.00352172
-2.14951e-08
0.00352172
-1.79699e-08
0.00352172
-1.43742e-08
0.00352172
-1.07267e-08
0.00352172
-6.83778e-09
-2.30303e-09
0.00321178
-4.18896e-05
0.00324651
-0.00012723
0.00329578
-0.000195976
0.00334893
-0.000236341
0.00339874
-0.000249344
0.0034411
-0.000240611
0.0034739
-0.000216
0.00349686
-0.000182422
0.00351118
-0.000146618
0.0035194
-0.000114316
0.00352348
-8.70744e-05
0.00352498
-6.52909e-05
0.00352523
-4.8836e-05
0.00352496
-3.67335e-05
0.00352461
-2.79776e-05
0.00352449
-2.17593e-05
0.00352492
-1.79575e-05
0.00352623
-1.62576e-05
0.00352871
-1.65658e-05
0.0035327
-1.95563e-05
0.0035383
-2.64569e-05
0.00354478
-3.92854e-05
0.00355037
-5.99643e-05
0.00355568
-8.71853e-05
0.00357369
-9.62953e-05
0.00361901
-8.13799e-05
0.00369412
-4.2996e-05
0.00376858
1.12126e-05
0.00224633
6.5137e-05
0.00127178
7.9516e-05
0.000926222
3.22342e-05
0.00126467
-1.49594e-05
0.00222091
-5.4028e-05
0.00372672
-6.60351e-05
0.00370343
-5.26779e-05
0.00363893
-2.74371e-05
0.00357186
7.04985e-06
0.00352301
3.78997e-05
0.00349739
5.8234e-05
0.00348858
6.61334e-05
0.00348852
6.42825e-05
0.00349244
5.71955e-05
0.00349791
4.73009e-05
0.00350297
3.72844e-05
0.00350706
2.85043e-05
0.00351024
2.13421e-05
0.00351268
1.57198e-05
0.00351455
1.14195e-05
0.00351597
8.20136e-06
0.00351704
5.83143e-06
0.00351786
4.09722e-06
0.00351848
2.8354e-06
0.00351896
1.93262e-06
0.00351933
1.2964e-06
0.00351961
8.50274e-07
0.00351983
5.39233e-07
0.00351999
3.24817e-07
0.00352012
1.80601e-07
0.00352022
8.59478e-08
0.00352029
2.55791e-08
0.00352035
-1.14863e-08
0.00352039
-3.28139e-08
0.00352042
-4.37253e-08
0.00352045
-4.78069e-08
0.00352047
-4.75862e-08
0.00352048
-4.48273e-08
0.00352049
-4.06731e-08
0.0035205
-3.56978e-08
0.00352051
-3.0796e-08
0.00352051
-2.57903e-08
0.00352051
-2.09877e-08
0.00352052
-1.64593e-08
0.00352052
-1.20618e-08
0.00352052
-7.59003e-09
-2.48424e-09
0.00321894
-6.08308e-05
0.00327031
-0.000178596
0.00333644
-0.000262109
0.0034013
-0.000301196
0.00345655
-0.0003046
0.00349841
-0.000282465
0.00352606
-0.000243652
0.00354042
-0.000196781
0.00354508
-0.000151284
0.00354445
-0.000113684
0.00354112
-8.37464e-05
0.00353671
-6.08818e-05
0.00353222
-4.43418e-05
0.0035283
-3.28164e-05
0.00352506
-2.47319e-05
0.0035226
-1.93004e-05
0.00352086
-1.62236e-05
0.00351973
-1.51253e-05
0.00351912
-1.59558e-05
0.00351877
-1.92102e-05
0.00351808
-2.57672e-05
0.00351563
-3.68436e-05
0.00350896
-5.32921e-05
0.00349608
-7.43121e-05
0.00348952
-8.9733e-05
0.00349962
-9.14813e-05
0.00353725
-8.06292e-05
0.00360363
-5.51595e-05
0.00368736
-1.85939e-05
0.0037516
1.52753e-05
0.00376537
1.84618e-05
0.00374394
6.47808e-06
0.00369294
-3.02923e-06
0.00362589
1.00699e-06
0.00355944
1.37765e-05
0.00350183
3.01685e-05
0.00346324
4.56436e-05
0.00344459
5.65545e-05
0.00344135
6.14714e-05
0.00344754
5.99397e-05
0.00345752
5.43054e-05
0.00346871
4.60003e-05
0.00347892
3.70926e-05
0.00348734
2.88644e-05
0.00349399
2.18516e-05
0.00349914
1.61947e-05
0.00350308
1.17835e-05
0.00350607
8.42649e-06
0.00350833
5.93687e-06
0.00351004
4.12131e-06
0.00351133
2.80642e-06
0.00351231
1.8631e-06
0.00351304
1.20116e-06
0.00351359
7.45735e-07
0.003514
4.36283e-07
0.00351431
2.29269e-07
0.00351454
9.40313e-08
0.00351471
8.76992e-09
0.00351484
-4.18743e-08
0.00351494
-6.94429e-08
0.00351501
-8.17933e-08
0.00351506
-8.45568e-08
0.0035151
-8.18066e-08
0.00351512
-7.56475e-08
0.00351514
-6.77943e-08
0.00351516
-5.93911e-08
0.00351517
-5.11089e-08
0.00351518
-4.31926e-08
0.00351518
-3.59573e-08
0.00351518
-2.93908e-08
0.00351519
-2.34201e-08
0.00351519
-1.81272e-08
0.00351519
-1.31428e-08
0.00351519
-8.32458e-09
-2.91022e-09
0.00323363
-9.44636e-05
0.00331343
-0.000258398
0.00340202
-0.000350697
0.00347704
-0.000376211
0.00353175
-0.000359311
0.00356373
-0.000314445
0.00357596
-0.000255881
0.00357396
-0.000194781
0.00356504
-0.000142362
0.00355324
-0.000101892
0.00354115
-7.16492e-05
0.00353028
-5.00133e-05
0.00352121
-3.52731e-05
0.00351386
-2.54657e-05
0.00350794
-1.88127e-05
0.00350317
-1.4529e-05
0.00349914
-1.21999e-05
0.00349555
-1.15339e-05
0.00349209
-1.24991e-05
0.00348813
-1.52513e-05
0.00348271
-2.03481e-05
0.00347435
-2.84857e-05
0.00346094
-3.98922e-05
0.00344032
-5.36894e-05
0.00341646
-6.5874e-05
0.00339701
-7.20321e-05
0.00338642
-7.0042e-05
0.00338954
-5.82799e-05
0.00340784
-3.68962e-05
0.00343518
-1.20589e-05
0.00345001
3.62492e-06
0.00344566
1.08363e-05
0.00342558
1.70445e-05
0.00340092
2.56681e-05
0.00338005
3.4647e-05
0.00336786
4.23557e-05
0.00336618
4.73311e-05
0.00337364
4.90877e-05
0.0033875
4.76152e-05
0.0034041
4.33419e-05
0.00342108
3.73155e-05
0.00343646
3.0624e-05
0.00344934
2.42094e-05
0.00345972
1.84868e-05
0.00346788
1.36893e-05
0.00347421
9.87083e-06
0.00347906
6.93588e-06
0.00348274
4.74395e-06
0.00348552
3.15607e-06
0.00348761
2.02771e-06
0.00348918
1.23764e-06
0.00349035
6.96156e-07
0.00349121
3.36269e-07
0.00349185
1.06185e-07
0.00349232
-3.58663e-08
0.00349267
-1.17025e-07
0.00349292
-1.58367e-07
0.0034931
-1.74639e-07
0.00349324
-1.74608e-07
0.00349333
-1.65003e-07
0.0034934
-1.50369e-07
0.00349345
-1.32964e-07
0.00349348
-1.16438e-07
0.00349351
-9.98249e-08
0.00349352
-8.45937e-08
0.00349354
-7.07634e-08
0.00349354
-5.87479e-08
0.00349355
-4.8119e-08
0.00349355
-3.91316e-08
0.00349355
-3.12681e-08
0.00349355
-2.46006e-08
0.00349355
-1.87937e-08
0.00349356
-1.36e-08
0.00349356
-8.69058e-09
-3.35297e-09
0.00326375
-0.000158217
0.00338521
-0.000379853
0.00348686
-0.000452346
0.00355262
-0.000441971
0.00358611
-0.000392802
0.00359001
-0.00031835
0.00357408
-0.000239954
0.00354957
-0.000170267
0.00352329
-0.000116083
0.00349877
-7.73727e-05
0.00347793
-5.08125e-05
0.00346125
-3.33326e-05
0.0034482
-2.22181e-05
0.00343798
-1.52519e-05
0.00342999
-1.08232e-05
0.00342355
-8.0821e-06
0.00341796
-6.61152e-06
0.00341263
-6.21185e-06
0.00340699
-6.86076e-06
0.00340035
-8.60713e-06
0.00339176
-1.17606e-05
0.00337992
-1.66523e-05
0.00336327
-2.32418e-05
0.00334046
-3.08876e-05
0.00331235
-3.77605e-05
0.00328203
-4.17143e-05
0.00325318
-4.11936e-05
0.00323007
-3.51721e-05
0.00321683
-2.36547e-05
0.00321441
-9.63884e-06
0.0032166
1.43177e-06
0.00321816
9.2764e-06
0.00321927
1.59364e-05
0.00322282
2.21218e-05
0.00323058
2.68821e-05
0.00324337
2.95678e-05
0.00326058
3.01228e-05
0.0032808
2.88618e-05
0.00330218
2.62354e-05
0.0033229
2.26274e-05
0.00334163
1.85775e-05
0.00335766
1.45973e-05
0.00337085
1.1017e-05
0.0033814
7.94432e-06
0.00338964
5.44841e-06
0.00339598
3.52312e-06
0.00340082
2.10395e-06
0.00340445
1.10727e-06
0.00340717
4.39774e-07
0.00340918
1.30159e-08
0.00341066
-2.44395e-07
0.00341175
-3.84655e-07
0.00341253
-4.45663e-07
0.00341309
-4.56982e-07
0.00341349
-4.40402e-07
0.00341378
-4.04673e-07
0.00341398
-3.59554e-07
0.00341412
-3.161e-07
0.00341422
-2.72172e-07
0.00341429
-2.31483e-07
0.00341433
-1.9483e-07
0.00341436
-1.62774e-07
0.00341438
-1.35128e-07
0.00341439
-1.11344e-07
0.0034144
-9.11152e-08
0.0034144
-7.4061e-08
0.0034144
-5.98489e-08
0.0034144
-4.7986e-08
0.0034144
-3.82438e-08
0.0034144
-3.01004e-08
0.0034144
-2.33777e-08
0.0034144
-1.77428e-08
0.0034144
-1.2755e-08
0.0034144
-8.28176e-09
-3.4664e-09
0.00332704
-0.000285259
0.00345488
-0.000507686
0.00351805
-0.000515518
0.00352878
-0.000452709
0.00349931
-0.00036333
0.00344645
-0.000265486
0.00338596
-0.000179468
0.00332992
-0.000114221
0.00328393
-7.00911e-05
0.00324872
-4.21615e-05
0.00322301
-2.51031e-05
0.00320458
-1.49092e-05
0.00319129
-8.92597e-06
0.00318143
-5.39105e-06
0.00317383
-3.2255e-06
0.00316759
-1.84005e-06
0.00316195
-9.80463e-07
0.0031563
-5.58917e-07
0.00315002
-5.88707e-07
0.00314253
-1.1121e-06
0.00313303
-2.26369e-06
0.00312053
-4.15565e-06
0.00310402
-6.7349e-06
0.00308284
-9.71325e-06
0.00305742
-1.23359e-05
0.00302944
-1.37447e-05
0.00300152
-1.32693e-05
0.00297699
-1.06408e-05
0.00295946
-6.12316e-06
0.00295081
-9.91085e-07
0.00294935
2.8848e-06
0.00295303
5.60386e-06
0.0029613
7.65957e-06
0.00297423
9.19641e-06
0.00299114
9.97159e-06
0.00301087
9.83742e-06
0.00303203
8.95947e-06
0.00305326
7.63408e-06
0.00307337
6.12061e-06
0.00309145
4.54781e-06
0.00310699
3.03927e-06
0.00311988
1.70934e-06
0.00313027
6.3117e-07
0.0031384
-1.92918e-07
0.00314463
-7.74739e-07
0.00314929
-1.1441e-06
0.00315273
-1.33863e-06
0.00315523
-1.38786e-06
0.00315702
-1.34754e-06
0.00315828
-1.25001e-06
0.00315916
-1.12581e-06
0.00315977
-9.90447e-07
0.00316018
-8.55316e-07
0.00316045
-7.27544e-07
0.00316062
-6.12441e-07
0.00316072
-5.0958e-07
0.00316078
-4.21198e-07
0.00316082
-3.46962e-07
0.00316083
-2.83935e-07
0.00316083
-2.31369e-07
0.00316082
-1.87709e-07
0.00316081
-1.52068e-07
0.0031608
-1.22604e-07
0.00316078
-9.86358e-08
0.00316077
-7.88884e-08
0.00316076
-6.29163e-08
0.00316075
-4.98181e-08
0.00316074
-3.937e-08
0.00316073
-3.08527e-08
0.00316073
-2.40907e-08
0.00316072
-1.84794e-08
0.00316072
-1.40081e-08
0.00316072
-9.91334e-09
0.00316071
-6.57165e-09
-2.86032e-09
0.00336369
-0.000448948
0.00335049
-0.000494493
0.00324508
-0.000410104
0.00309591
-0.00030354
0.0029367
-0.000204116
0.00279747
-0.000126261
0.00269224
-7.42374e-05
0.00261938
-4.13632e-05
0.00257123
-2.19412e-05
0.00254022
-1.11478e-05
0.00252046
-5.34742e-06
0.00250782
-2.26414e-06
0.0024995
-6.05761e-07
0.00249375
3.56265e-07
0.00248954
9.80094e-07
0.00248618
1.52613e-06
0.00248316
2.03079e-06
0.0024801
2.50072e-06
0.0024766
2.91255e-06
0.00247221
3.27537e-06
0.00246644
3.50346e-06
0.00245874
3.5409e-06
0.00244854
3.45996e-06
0.00243569
3.13605e-06
0.00242057
2.77772e-06
0.00240429
2.53932e-06
0.00238854
2.48095e-06
0.00237535
2.54988e-06
0.00236663
2.59087e-06
0.00236329
2.35326e-06
0.00236461
1.56491e-06
0.00236968
5.28078e-07
0.00237797
-6.25552e-07
0.00238884
-1.68109e-06
0.00240141
-2.58853e-06
0.00241458
-3.34234e-06
0.00242742
-3.88021e-06
0.00243922
-4.15788e-06
0.00244955
-4.21672e-06
0.00245819
-4.0959e-06
0.0024651
-3.86633e-06
0.00247043
-3.62433e-06
0.00247437
-3.30511e-06
0.00247713
-2.95385e-06
0.00247896
-2.60369e-06
0.00248008
-2.26868e-06
0.0024807
-1.95659e-06
0.00248098
-1.66514e-06
0.00248104
-1.40402e-06
0.00248095
-1.16723e-06
0.00248079
-9.61599e-07
0.00248058
-7.86988e-07
0.00248037
-6.4094e-07
0.00248016
-5.19136e-07
0.00247997
-4.19122e-07
0.0024798
-3.36966e-07
0.00247964
-2.70072e-07
0.00247951
-2.15944e-07
0.0024794
-1.72284e-07
0.00247931
-1.37093e-07
0.00247923
-1.09015e-07
0.00247916
-8.66654e-08
0.00247911
-6.87356e-08
0.00247906
-5.43544e-08
0.00247903
-4.2855e-08
0.002479
-3.36221e-08
0.00247897
-2.63328e-08
0.00247896
-2.05199e-08
0.00247894
-1.59873e-08
0.00247893
-1.2351e-08
0.00247892
-9.47432e-09
0.00247891
-7.07231e-09
0.00247891
-4.93906e-09
0.0024789
-3.19386e-09
-1.41201e-09
0.00275105
0.00225656
0.00184645
0.00154291
0.0013388
0.00121254
0.0011383
0.00109694
0.001075
0.00106385
0.0010585
0.00105624
0.00105563
0.00105599
0.00105697
0.00105849
0.00106052
0.00106302
0.00106593
0.00106921
0.00107271
0.00107625
0.00107971
0.00108284
0.00108562
0.00108816
0.00109064
0.00109319
0.00109578
0.00109813
0.0010997
0.00110022
0.0010996
0.00109792
0.00109533
0.00109199
0.00108811
0.00108395
0.00107973
0.00107563
0.00107177
0.00106814
0.00106484
0.00106188
0.00105928
0.00105701
0.00105506
0.00105339
0.00105199
0.00105082
0.00104986
0.00104907
0.00104843
0.00104791
0.00104749
0.00104715
0.00104688
0.00104667
0.00104649
0.00104636
0.00104625
0.00104616
0.00104609
0.00104604
0.001046
0.00104596
0.00104594
0.00104592
0.0010459
0.00104589
0.00104588
0.00104587
0.00104587
0.00104586
)
;

boundaryField
{
    ibCylinder
    {
        type            immersedBoundary;
        value           nonuniform List<scalar> 
42
(
0.00145712
0.000895033
0.000313327
-0.000323488
-0.000902211
-0.00143978
0.00104268
0.00251412
-0.00255869
-0.000998109
0.000887163
0.00266964
-0.00274429
-0.00081251
0.0035568
-0.0035568
0.0035568
-0.0035568
0.0035568
-0.0035568
0.0035568
-0.0035568
0.0035568
-0.0035568
0.0035568
-0.0035568
0.0035568
-0.0035568
0.000887163
0.00266964
-0.00274429
-0.00081251
0.00104268
0.00251412
-0.00255869
-0.000998109
0.00145712
0.000895033
0.000313327
-0.000323488
-0.000902211
-0.00143978
)
;
        value           nonuniform List<scalar> 0();
    }
    in
    {
        type            calculated;
        value           nonuniform List<scalar> 
25
(
-0.0032
-0.0032
-0.0032
-0.0032
-0.0032
-0.0032
-0.0032
-0.0032
-0.0032
-0.0032
-0.0032
-0.0032
-0.0032
-0.0032
-0.0032
-0.0032
-0.0032
-0.0032
-0.0032
-0.0032
-0.0032
-0.0032
-0.0032
-0.0032
-0.0032
)
;
    }
    out
    {
        type            calculated;
        value           nonuniform List<scalar> 
25
(
0.00104589
0.00247892
0.00316072
0.0034144
0.00349356
0.0035152
0.00352053
0.00352173
0.00352198
0.00352203
0.00352204
0.00352204
0.00352204
0.00352203
0.00352203
0.00352203
0.00352198
0.00352172
0.00352052
0.00351519
0.00349356
0.0034144
0.00316071
0.0024789
0.00104586
)
;
    }
    top
    {
        type            calculated;
        value           uniform 0;
    }
    bottom
    {
        type            calculated;
        value           uniform 0;
    }
    frontAndBack
    {
        type            empty;
        value           nonuniform List<scalar> 0();
    }
}


// ************************************************************************* //
