/*--------------------------------*- C++ -*----------------------------------*\
| =========                 |                                                 |
| \\      /  F ield         | OpenFOAM: The Open Source CFD Toolbox           |
|  \\    /   O peration     | Version:  2206                                  |
|   \\  /    A nd           | Website:  www.openfoam.com                      |
|    \\/     M anipulation  |                                                 |
\*---------------------------------------------------------------------------*/
FoamFile
{
    version     2.0;
    format      ascii;
    arch        "LSB;label=32;scalar=64";
    class       volVectorField;
    location    "0.2";
    object      U;
}
// * * * * * * * * * * * * * * * * * * * * * * * * * * * * * * * * * * * * * //

dimensions      [0 1 -1 0 0 0 0];

internalField   nonuniform List<vector> 
1875
(
(0.791456 0.0203734 0)
(0.751305 0.0830429 0)
(0.653604 0.0809474 0)
(0.528343 0.0472584 0)
(0.443323 0.0220089 0)
(0.394046 0.01028 0)
(0.364894 0.00453208 0)
(0.34786 0.00168195 0)
(0.338525 0.000381378 0)
(0.333718 -0.000143882 0)
(0.33136 -0.000335957 0)
(0.330287 -0.000399255 0)
(0.329901 -0.000424024 0)
(0.329905 -0.000456069 0)
(0.33013 -0.000514511 0)
(0.330536 -0.000591044 0)
(0.331105 -0.000691299 0)
(0.331825 -0.000816599 0)
(0.332686 -0.000966669 0)
(0.333671 -0.00113441 0)
(0.334749 -0.00130918 0)
(0.335866 -0.00147368 0)
(0.336966 -0.00160512 0)
(0.337979 -0.00170845 0)
(0.338862 -0.00177172 0)
(0.339626 -0.00177134 0)
(0.340331 -0.00167567 0)
(0.341052 -0.00146231 0)
(0.341825 -0.00112512 0)
(0.342604 -0.000657621 0)
(0.343236 -9.83696e-05 0)
(0.343592 0.000463553 0)
(0.343638 0.0010003 0)
(0.343346 0.00142417 0)
(0.342739 0.00171289 0)
(0.341854 0.00185865 0)
(0.340745 0.00188469 0)
(0.339493 0.00181355 0)
(0.338182 0.00167645 0)
(0.336872 0.00150397 0)
(0.335614 0.0013159 0)
(0.334431 0.00112006 0)
(0.333334 0.000936223 0)
(0.332342 0.000776687 0)
(0.331465 0.000639149 0)
(0.330696 0.000522191 0)
(0.33003 0.000422616 0)
(0.329458 0.000341798 0)
(0.328975 0.000275223 0)
(0.32857 0.000219668 0)
(0.328236 0.000174741 0)
(0.327961 0.00013834 0)
(0.327737 0.000109273 0)
(0.327554 8.59742e-05 0)
(0.327407 6.77146e-05 0)
(0.327288 5.31641e-05 0)
(0.327193 4.17181e-05 0)
(0.327117 3.26432e-05 0)
(0.327056 2.54562e-05 0)
(0.327008 1.97655e-05 0)
(0.32697 1.52883e-05 0)
(0.32694 1.1768e-05 0)
(0.326916 9.05435e-06 0)
(0.326898 6.94811e-06 0)
(0.326883 5.29907e-06 0)
(0.326872 4.01413e-06 0)
(0.326863 3.02436e-06 0)
(0.326856 2.27042e-06 0)
(0.326851 1.69802e-06 0)
(0.326847 1.24929e-06 0)
(0.326844 8.85452e-07 0)
(0.326843 5.86349e-07 0)
(0.326841 3.39003e-07 0)
(0.32684 1.63196e-07 0)
(0.32684 -6.65336e-08 0)
(1.01353 0.12289 0)
(1.05026 0.182544 0)
(1.03843 0.169795 0)
(0.995375 0.14233 0)
(0.942813 0.106536 0)
(0.893242 0.0703936 0)
(0.855462 0.0430477 0)
(0.828137 0.0248467 0)
(0.809637 0.0137528 0)
(0.797694 0.00739913 0)
(0.790103 0.00388092 0)
(0.785272 0.00196511 0)
(0.782155 0.000924584 0)
(0.780067 0.000334138 0)
(0.778576 -3.61328e-05 0)
(0.777446 -0.000296764 0)
(0.776493 -0.000495602 0)
(0.775588 -0.000647094 0)
(0.774608 -0.000748521 0)
(0.773427 -0.000787311 0)
(0.771893 -0.000735162 0)
(0.769838 -0.000562629 0)
(0.76707 -0.000267263 0)
(0.763445 8.41885e-05 0)
(0.758981 0.000371033 0)
(0.753919 0.000474182 0)
(0.748669 0.000321443 0)
(0.743914 -7.07012e-05 0)
(0.740324 -0.000583293 0)
(0.738372 -0.0009764 0)
(0.738176 -0.00106061 0)
(0.739193 -0.00101317 0)
(0.741411 -0.000832864 0)
(0.744569 -0.000600276 0)
(0.748386 -0.000317357 0)
(0.752547 1.45966e-05 0)
(0.756732 0.00034867 0)
(0.760637 0.000630337 0)
(0.764122 0.000841416 0)
(0.767092 0.000989622 0)
(0.769504 0.00107808 0)
(0.77139 0.00110698 0)
(0.772807 0.00109082 0)
(0.773822 0.00104134 0)
(0.774509 0.000969328 0)
(0.774945 0.000883643 0)
(0.775195 0.000792096 0)
(0.775315 0.000693253 0)
(0.775355 0.000597953 0)
(0.775341 0.000508391 0)
(0.775294 0.000426876 0)
(0.77523 0.00035536 0)
(0.77516 0.000293659 0)
(0.77509 0.000240916 0)
(0.775025 0.000196116 0)
(0.774966 0.000158997 0)
(0.774914 0.000128423 0)
(0.774869 0.000103455 0)
(0.77483 8.30405e-05 0)
(0.774797 6.63548e-05 0)
(0.77477 5.28463e-05 0)
(0.774747 4.18611e-05 0)
(0.774729 3.30972e-05 0)
(0.774714 2.60371e-05 0)
(0.774702 2.04296e-05 0)
(0.774692 1.58938e-05 0)
(0.774684 1.23217e-05 0)
(0.774678 9.46463e-06 0)
(0.774673 7.24034e-06 0)
(0.774669 5.44048e-06 0)
(0.774667 3.99925e-06 0)
(0.774665 2.76784e-06 0)
(0.774663 1.71459e-06 0)
(0.774663 8.96101e-07 0)
(0.774663 -5.39973e-09 0)
(1.01315 0.0745692 0)
(1.05981 0.145462 0)
(1.09252 0.155896 0)
(1.10601 0.144518 0)
(1.10045 0.123778 0)
(1.08647 0.0973854 0)
(1.06793 0.0706746 0)
(1.04894 0.0478745 0)
(1.03266 0.0309588 0)
(1.01999 0.0194473 0)
(1.01062 0.0120497 0)
(1.00387 0.00746798 0)
(0.99905 0.00471365 0)
(0.995545 0.00306716 0)
(0.992901 0.00206291 0)
(0.990808 0.00145324 0)
(0.989015 0.00111642 0)
(0.987311 0.00100221 0)
(0.985509 0.00111617 0)
(0.98343 0.00148438 0)
(0.980858 0.00215377 0)
(0.977514 0.0031615 0)
(0.973058 0.00448608 0)
(0.967183 0.00598383 0)
(0.959782 0.00729387 0)
(0.951218 0.00801481 0)
(0.942148 0.00783124 0)
(0.933558 0.0065372 0)
(0.926685 0.00418687 0)
(0.922535 0.00142536 0)
(0.921113 -0.000737163 0)
(0.921542 -0.00234663 0)
(0.92355 -0.00375156 0)
(0.92701 -0.00494069 0)
(0.931833 -0.00572348 0)
(0.937732 -0.00600601 0)
(0.944276 -0.00584823 0)
(0.95102 -0.00535427 0)
(0.957557 -0.00464468 0)
(0.963561 -0.00382255 0)
(0.968821 -0.00297721 0)
(0.973242 -0.00217936 0)
(0.976844 -0.00148191 0)
(0.9797 -0.000912133 0)
(0.981906 -0.000475086 0)
(0.983571 -0.000160238 0)
(0.984807 5.18632e-05 0)
(0.985708 0.000181016 0)
(0.986356 0.000250008 0)
(0.986815 0.000278531 0)
(0.987138 0.000280833 0)
(0.98736 0.000266873 0)
(0.987511 0.000243629 0)
(0.987612 0.000216464 0)
(0.987677 0.000189462 0)
(0.987717 0.000161994 0)
(0.98774 0.000137205 0)
(0.987753 0.000114906 0)
(0.987758 9.54248e-05 0)
(0.987759 7.85929e-05 0)
(0.987757 6.42877e-05 0)
(0.987754 5.23249e-05 0)
(0.98775 4.23163e-05 0)
(0.987746 3.39823e-05 0)
(0.987742 2.71224e-05 0)
(0.987738 2.14799e-05 0)
(0.987735 1.68974e-05 0)
(0.987732 1.31906e-05 0)
(0.98773 1.01803e-05 0)
(0.987728 7.71447e-06 0)
(0.987727 5.63951e-06 0)
(0.987726 3.89416e-06 0)
(0.987725 2.34245e-06 0)
(0.987725 1.06934e-06 0)
(0.987725 -2.89077e-07 0)
(1.00552 0.0379105 0)
(1.03502 0.0951341 0)
(1.07523 0.12465 0)
(1.10278 0.12929 0)
(1.11779 0.120185 0)
(1.12358 0.101412 0)
(1.12036 0.0796094 0)
(1.11357 0.0587534 0)
(1.10518 0.0418258 0)
(1.09704 0.0291667 0)
(1.08984 0.019989 0)
(1.08396 0.0136322 0)
(1.07936 0.00938839 0)
(1.07579 0.00661282 0)
(1.07301 0.00480525 0)
(1.07081 0.00368 0)
(1.06899 0.00308679 0)
(1.06734 0.00294314 0)
(1.06569 0.00322328 0)
(1.06386 0.00392839 0)
(1.06158 0.00520024 0)
(1.05852 0.00720985 0)
(1.05422 0.00996024 0)
(1.04811 0.0132016 0)
(1.03997 0.0161195 7.00701e-34)
(1.03049 0.0178205 -7.02012e-34)
(1.02078 0.0176595 0)
(1.01221 0.0151583 0)
(1.00624 0.0103374 0)
(1.00387 0.00442463 0)
(1.00422 -0.000144077 0)
(1.00509 -0.00320421 0)
(1.00558 -0.00576342 0)
(1.00624 -0.00845172 0)
(1.00799 -0.0107267 0)
(1.01131 -0.012164 0)
(1.01612 -0.0127796 0)
(1.02212 -0.0126056 0)
(1.02874 -0.0117666 0)
(1.03542 -0.0103837 0)
(1.04164 -0.00872487 0)
(1.04707 -0.00705211 0)
(1.05161 -0.00551598 0)
(1.05529 -0.00415703 0)
(1.05818 -0.00301609 0)
(1.06042 -0.00210543 0)
(1.06213 -0.00141048 0)
(1.06342 -0.000902364 0)
(1.06439 -0.000543988 0)
(1.06511 -0.000298959 0)
(1.06565 -0.000136047 0)
(1.06604 -3.17311e-05 0)
(1.06632 3.16189e-05 0)
(1.06652 6.70979e-05 0)
(1.06667 8.45585e-05 0)
(1.06677 9.00163e-05 0)
(1.06685 8.83044e-05 0)
(1.0669 8.22633e-05 0)
(1.06693 7.41116e-05 0)
(1.06696 6.5196e-05 0)
(1.06697 5.63147e-05 0)
(1.06698 4.79641e-05 0)
(1.06699 4.02764e-05 0)
(1.067 3.34008e-05 0)
(1.067 2.73927e-05 0)
(1.067 2.22115e-05 0)
(1.067 1.78671e-05 0)
(1.067 1.41969e-05 0)
(1.067 1.11245e-05 0)
(1.067 8.48441e-06 0)
(1.067 6.21659e-06 0)
(1.067 4.23107e-06 0)
(1.067 2.4656e-06 0)
(1.067 9.12313e-07 0)
(1.067 -7.49503e-07 0)
(1.00291 0.0233689 0)
(1.01949 0.0656875 0)
(1.04855 0.0936326 0)
(1.07621 0.105139 0)
(1.09694 0.104025 0)
(1.11022 0.0945935 0)
(1.11715 0.0798539 0)
(1.11785 0.0627969 0)
(1.11595 0.0470826 0)
(1.11239 0.034599 0)
(1.10847 0.0249067 0)
(1.10478 0.0177056 0)
(1.10165 0.0126908 0)
(1.09915 0.00935513 0)
(1.09709 0.00705152 0)
(1.09543 0.00552241 0)
(1.0941 0.00465494 0)
(1.09295 0.004366 0)
(1.0919 0.00467255 0)
(1.09082 0.00565481 0)
(1.08948 0.00752422 0)
(1.0875 0.0105546 0)
(1.08433 0.0148889 0)
(1.0791 0.020246 0)
(1.07158 0.0247974 0)
(1.06416 0.0268858 0)
(1.05896 0.0254918 0)
(1.05737 0.020566 0)
(1.06081 0.0121273 0)
(1.0689 0.00309852 0)
(1.07648 -0.00163978 0)
(1.07818 -0.00303231 0)
(1.07432 -0.00441794 0)
(1.06665 -0.007206 0)
(1.05902 -0.0108249 0)
(1.05373 -0.0142043 0)
(1.05172 -0.0166584 0)
(1.0527 -0.0179699 0)
(1.05628 -0.0179581 0)
(1.06121 -0.0167697 0)
(1.06661 -0.014683 0)
(1.07175 -0.0121917 0)
(1.07617 -0.00972339 0)
(1.07977 -0.0075004 0)
(1.08263 -0.00563384 0)
(1.08486 -0.00414903 0)
(1.08657 -0.00299888 0)
(1.08788 -0.00212409 0)
(1.08886 -0.00147672 0)
(1.08961 -0.00100313 0)
(1.09017 -0.000661384 0)
(1.09058 -0.000419379 0)
(1.09089 -0.000252371 0)
(1.09112 -0.000139989 0)
(1.09129 -6.61807e-05 0)
(1.09142 -1.91874e-05 0)
(1.09151 9.44e-06 0)
(1.09157 2.58032e-05 0)
(1.09162 3.39576e-05 0)
(1.09166 3.6799e-05 0)
(1.09168 3.63944e-05 0)
(1.0917 3.40954e-05 0)
(1.09171 3.07162e-05 0)
(1.09172 2.68812e-05 0)
(1.09172 2.30214e-05 0)
(1.09173 1.93693e-05 0)
(1.09173 1.60253e-05 0)
(1.09173 1.30391e-05 0)
(1.09173 1.03788e-05 0)
(1.09174 7.98765e-06 0)
(1.09174 5.83107e-06 0)
(1.09174 3.88875e-06 0)
(1.09174 2.09847e-06 0)
(1.09174 4.56591e-07 0)
(1.09174 -1.33269e-06 0)
(1.00165 0.0158092 0)
(1.01144 0.0465147 0)
(1.03105 0.0700534 0)
(1.05308 0.0828848 0)
(1.07247 0.0860169 0)
(1.08773 0.0817442 0)
(1.09868 0.072268 0)
(1.10505 0.060068 0)
(1.10773 0.0474194 0)
(1.10807 0.0363869 0)
(1.10721 0.0273326 0)
(1.10597 0.0202566 0)
(1.10451 0.0150248 0)
(1.10317 0.0112112 0)
(1.10206 0.00846099 0)
(1.10114 0.00659096 0)
(1.10052 0.00553582 0)
(1.10009 0.00515227 0)
(1.09985 0.0053773 0)
(1.09975 0.00642744 0)
(1.0997 0.00863621 0)
(1.09942 0.0124848 0)
(1.09834 0.0183726 0)
(1.09503 0.0259128 0)
(1.09105 0.0309462 0)
(1.09042 0.0297532 0)
(1.09724 0.023941 0)
(1.11341 0.0115968 0)
(1.13899 -0.00519843 0)
(1.16531 -0.0171099 0)
(1.17659 -0.0116317 0)
(1.17487 0.000188995 0)
(1.16366 0.00965166 0)
(1.14453 0.011639 0)
(1.12238 0.00531688 0)
(1.10227 -0.00333173 0)
(1.08704 -0.0116547 0)
(1.07826 -0.0173581 0)
(1.07514 -0.0205144 0)
(1.07607 -0.0207797 0)
(1.07884 -0.019406 0)
(1.08231 -0.0166646 0)
(1.08574 -0.0135465 0)
(1.08866 -0.0106064 0)
(1.09098 -0.00807769 0)
(1.0928 -0.00602136 0)
(1.09419 -0.00441115 0)
(1.09525 -0.00318301 0)
(1.09606 -0.00226986 0)
(1.09667 -0.00160396 0)
(1.09712 -0.00111884 0)
(1.09747 -0.000765814 0)
(1.09773 -0.000514107 0)
(1.09793 -0.000337336 0)
(1.09807 -0.000214088 0)
(1.09818 -0.000129099 0)
(1.09827 -7.16204e-05 0)
(1.09833 -3.37482e-05 0)
(1.09837 -9.66106e-06 0)
(1.09841 4.97876e-06 0)
(1.09843 1.32648e-05 0)
(1.09845 1.72959e-05 0)
(1.09846 1.86332e-05 0)
(1.09847 1.82453e-05 0)
(1.09848 1.68758e-05 0)
(1.09849 1.5028e-05 0)
(1.09849 1.29673e-05 0)
(1.09849 1.08778e-05 0)
(1.09849 8.82443e-06 0)
(1.0985 6.84343e-06 0)
(1.0985 4.95281e-06 0)
(1.0985 3.18013e-06 0)
(1.0985 1.48522e-06 0)
(1.0985 -1.33829e-07 0)
(1.0985 -1.92157e-06 0)
(1.00104 0.0111958 0)
(1.00732 0.0335911 0)
(1.02101 0.0525388 0)
(1.03806 0.0646763 0)
(1.05472 0.0695843 0)
(1.06934 0.0683534 0)
(1.08121 0.0624831 0)
(1.08991 0.0537692 0)
(1.09559 0.0440847 0)
(1.09892 0.0349605 0)
(1.10069 0.0270693 0)
(1.10147 0.0206002 0)
(1.10167 0.0155581 0)
(1.10161 0.0117941 0)
(1.10149 0.00906173 0)
(1.1014 0.00705676 0)
(1.10144 0.00577709 0)
(1.10169 0.00512754 0)
(1.10227 0.0051021 0)
(1.10329 0.00592488 0)
(1.10485 0.00802861 0)
(1.10692 0.0121791 0)
(1.10903 0.0191421 0)
(1.1103 0.0284778 0)
(1.11341 0.028466 0)
(1.1204 0.0189408 0)
(1.14169 0.00220055 0)
(1.16517 -0.0202499 0)
(1.19349 -0.0244122 0)
(1.18497 -0.0228503 -7.48241e-17)
(1.15899 -0.00736026 0)
(1.15153 0.00565333 0)
(1.16285 0.0156718 0)
(1.16648 0.0170645 0)
(1.16543 0.025466 0)
(1.14923 0.0219477 0)
(1.12601 0.00858469 0)
(1.10697 -0.00608543 0)
(1.09553 -0.0160004 0)
(1.09071 -0.0207829 0)
(1.08982 -0.0209613 0)
(1.09063 -0.019265 0)
(1.09225 -0.0161601 0)
(1.09397 -0.0128127 0)
(1.0954 -0.00983037 0)
(1.09652 -0.00738413 0)
(1.09739 -0.00545933 0)
(1.09805 -0.00398521 0)
(1.09855 -0.00287779 0)
(1.09893 -0.00205756 0)
(1.09922 -0.00145578 0)
(1.09944 -0.00101776 0)
(1.09961 -0.000703268 0)
(1.09974 -0.000480664 0)
(1.09984 -0.000323341 0)
(1.09992 -0.000212382 0)
(1.09998 -0.000134633 0)
(1.10002 -8.15293e-05 0)
(1.10006 -4.59942e-05 0)
(1.10008 -2.25617e-05 0)
(1.1001 -7.49532e-06 0)
(1.10012 1.79027e-06 0)
(1.10013 7.06789e-06 0)
(1.10014 9.65036e-06 0)
(1.10014 1.04821e-05 0)
(1.10015 1.02814e-05 0)
(1.10015 9.46511e-06 0)
(1.10016 8.29491e-06 0)
(1.10016 6.89523e-06 0)
(1.10016 5.37781e-06 0)
(1.10016 3.82389e-06 0)
(1.10016 2.28919e-06 0)
(1.10016 7.82332e-07 0)
(1.10016 -7.41002e-07 0)
(1.10016 -2.44062e-06 0)
(1.00073 0.00813113 0)
(1.00516 0.0245837 0)
(1.0152 0.0392861 0)
(1.02867 0.049779 0)
(1.04288 0.0550208 0)
(1.05632 0.0554068 0)
(1.06812 0.0518817 0)
(1.07772 0.0457721 0)
(1.08498 0.0385118 0)
(1.09017 0.0312927 0)
(1.09374 0.0247769 0)
(1.09612 0.0192613 0)
(1.09768 0.0148167 0)
(1.09872 0.0113617 0)
(1.09947 0.00871955 0)
(1.10011 0.00672447 0)
(1.10077 0.00529876 0)
(1.10164 0.00434939 0)
(1.10294 0.00386312 0)
(1.10499 0.00398965 0)
(1.10827 0.00520757 0)
(1.11309 0.00857705 0)
(1.1194 0.0152108 0)
(1.12651 0.0240291 0)
(1.13026 0.0221535 1.21073e-32)
(1.12906 0.00406232 -1.21134e-32)
(1.13593 -0.0206347 0)
(1.11754 -0.0142469 0)
(0 0 0)
(0 0 0)
(0 0 0)
(0 0 0)
(0 0 0)
(0 0 0)
(1.13612 0.0167884 0)
(1.15167 0.0301359 0)
(1.14567 0.0273007 0)
(1.12927 0.0124491 0)
(1.11435 -0.00485804 0)
(1.10549 -0.0155503 0)
(1.10119 -0.0195383 0)
(1.0995 -0.0191949 0)
(1.09883 -0.0169763 0)
(1.09892 -0.0137759 0)
(1.0992 -0.0106429 0)
(1.09945 -0.00802671 0)
(1.09966 -0.00595499 0)
(1.09982 -0.00436494 0)
(1.09995 -0.00316925 0)
(1.10006 -0.00228253 0)
(1.10014 -0.00163086 0)
(1.10021 -0.00115511 0)
(1.10027 -0.000810444 0)
(1.10032 -0.000562802 0)
(1.10036 -0.000386036 0)
(1.1004 -0.000260534 0)
(1.10042 -0.000172469 0)
(1.10045 -0.000111546 0)
(1.10047 -6.95517e-05 0)
(1.10048 -4.09847e-05 0)
(1.10049 -2.18708e-05 0)
(1.1005 -9.43146e-06 0)
(1.10051 -1.73072e-06 0)
(1.10052 2.76023e-06 0)
(1.10052 5.12639e-06 0)
(1.10053 6.13307e-06 0)
(1.10053 6.26111e-06 0)
(1.10053 5.79307e-06 0)
(1.10054 4.93737e-06 0)
(1.10054 3.84492e-06 0)
(1.10054 2.62965e-06 0)
(1.10054 1.36364e-06 0)
(1.10054 7.58814e-08 0)
(1.10054 -1.28383e-06 0)
(1.10054 -2.82012e-06 0)
(1.00056 0.00588758 0)
(1.00396 0.0178567 0)
(1.01174 0.0288819 0)
(1.02275 0.0373284 0)
(1.03508 0.042118 0)
(1.04739 0.043208 0)
(1.05881 0.0411761 0)
(1.06871 0.036981 0)
(1.07678 0.0316931 0)
(1.08308 0.0262124 0)
(1.08784 0.0211078 0)
(1.09136 0.0166655 0)
(1.09394 0.0129796 0)
(1.09583 0.010017 0)
(1.09728 0.00765869 0)
(1.09848 0.00577825 0)
(1.09958 0.00427155 0)
(1.10083 0.00299449 0)
(1.10251 0.00184218 0)
(1.10513 0.000736066 0)
(1.10961 3.03838e-05 0)
(1.11617 0.000827769 0)
(1.12563 0.00564978 0)
(1.13107 0.0188846 0)
(1.12512 0.0253151 0)
(1.09034 0.00727104 5.1908e-18)
(0.885718 0.0126397 0)
(0 0 0)
(0 0 0)
(0 0 0)
(0 0 0)
(0 0 0)
(0 0 0)
(0 0 0)
(0 0 0)
(1.1273 0.0136861 -1.53547e-17)
(1.14099 0.0283902 -2.64412e-18)
(1.13695 0.0234047 0)
(1.1268 0.00718591 0)
(1.11755 -0.00786097 0)
(1.11182 -0.0151514 0)
(1.108 -0.0169114 0)
(1.10556 -0.0157627 0)
(1.10395 -0.0131802 0)
(1.10294 -0.0103371 0)
(1.10225 -0.00783915 0)
(1.10174 -0.00582938 0)
(1.10137 -0.00427978 0)
(1.10111 -0.00311347 0)
(1.10093 -0.00224858 0)
(1.1008 -0.00161312 0)
(1.10071 -0.00114924 0)
(1.10065 -0.000812772 0)
(1.10062 -0.000570244 0)
(1.1006 -0.000396291 0)
(1.10059 -0.000272114 0)
(1.10058 -0.000183972 0)
(1.10058 -0.000121997 0)
(1.10058 -7.88426e-05 0)
(1.10059 -4.91546e-05 0)
(1.10059 -2.91393e-05 0)
(1.10059 -1.59074e-05 0)
(1.1006 -7.25439e-06 0)
(1.1006 -1.8861e-06 0)
(1.10061 1.28979e-06 0)
(1.10061 3.02541e-06 0)
(1.10061 3.73176e-06 0)
(1.10061 3.71286e-06 0)
(1.10061 3.22881e-06 0)
(1.10062 2.4571e-06 0)
(1.10062 1.52957e-06 0)
(1.10062 5.11179e-07 0)
(1.10062 -5.50567e-07 0)
(1.10062 -1.70267e-06 0)
(1.10062 -3.01932e-06 0)
(1.00046 0.00411478 0)
(1.00325 0.0124897 0)
(1.00968 0.0203631 0)
(1.01899 0.0266228 0)
(1.02995 0.0304876 0)
(1.04139 0.0317244 0)
(1.05239 0.0306276 0)
(1.06232 0.0278554 0)
(1.0708 0.0241789 0)
(1.07775 0.0202506 0)
(1.08328 0.0165043 0)
(1.08757 0.0131733 0)
(1.09086 0.0103445 0)
(1.09338 0.00800433 0)
(1.09532 0.00607063 0)
(1.09686 0.00443597 0)
(1.09815 0.00297125 0)
(1.09941 0.00146597 0)
(1.10086 -0.000355567 0)
(1.10302 -0.00293505 0)
(1.10656 -0.00567668 0)
(1.1112 -0.00698679 0)
(1.11887 -0.00318313 0)
(1.11334 0.0158242 0)
(1.10686 0.0361565 1.60319e-33)
(1.0798 0.0131099 4.28511e-17)
(0 0 0)
(0 0 0)
(0 0 0)
(0 0 0)
(0 0 0)
(0 0 0)
(0 0 0)
(0 0 0)
(0 0 0)
(0 0 0)
(1.12563 0.0161315 0)
(1.13392 0.0244294 0)
(1.13006 0.0137623 0)
(1.12473 -0.000887209 0)
(1.11987 -0.00974057 0)
(1.11529 -0.0130096 0)
(1.11154 -0.0129369 0)
(1.10861 -0.0111847 0)
(1.10644 -0.00891407 0)
(1.10484 -0.00680267 0)
(1.10365 -0.00507017 0)
(1.10277 -0.00372507 0)
(1.10213 -0.00271131 0)
(1.10167 -0.00196014 0)
(1.10134 -0.00140868 0)
(1.10111 -0.00100649 0)
(1.10095 -0.000714612 0)
(1.10083 -0.000503937 0)
(1.10076 -0.00035249 0)
(1.1007 -0.000244133 0)
(1.10067 -0.00016698 0)
(1.10065 -0.000112461 0)
(1.10063 -7.42278e-05 0)
(1.10063 -4.7666e-05 0)
(1.10062 -2.94821e-05 0)
(1.10062 -1.72097e-05 0)
(1.10062 -9.14516e-06 0)
(1.10062 -3.995e-06 0)
(1.10062 -8.80968e-07 0)
(1.10063 9.33536e-07 0)
(1.10063 1.83045e-06 0)
(1.10063 2.03344e-06 0)
(1.10063 1.78335e-06 0)
(1.10063 1.26254e-06 0)
(1.10063 5.8385e-07 0)
(1.10063 -1.88712e-07 0)
(1.10063 -1.02923e-06 0)
(1.10063 -1.96174e-06 0)
(1.10063 -3.02165e-06 0)
(1.00041 0.00261878 0)
(1.00283 0.00794039 0)
(1.00845 0.013017 0)
(1.01673 0.0171479 0)
(1.02673 0.0198049 0)
(1.03749 0.0208041 0)
(1.04818 0.020274 0)
(1.05806 0.0186006 0)
(1.06674 0.0162827 0)
(1.07407 0.0137515 0)
(1.08007 0.0112973 0)
(1.08485 0.00908134 0)
(1.08861 0.00716662 0)
(1.09152 0.00554694 0)
(1.09375 0.00416595 0)
(1.09544 0.00293627 0)
(1.09669 0.00173137 0)
(1.0976 0.000318415 0)
(1.09818 -0.00168325 0)
(1.09863 -0.00481747 0)
(1.099 -0.00884315 0)
(1.1011 -0.0122141 0)
(1.10053 -0.00718106 0)
(1.07557 0.0175146 0)
(1.06584 0.0370316 0)
(1.01059 0.0302259 0)
(0 0 0)
(0 0 0)
(0 0 0)
(0 0 0)
(0 0 0)
(0 0 0)
(0 0 0)
(0 0 0)
(0 0 0)
(0 0 0)
(1.11449 0.00521521 0)
(1.12605 0.0169863 0)
(1.12723 0.0126341 0)
(1.12742 0.00222131 0)
(1.12475 -0.00526181 0)
(1.12073 -0.00852513 0)
(1.11618 -0.00905169 0)
(1.11237 -0.00807218 0)
(1.1093 -0.00651275 0)
(1.10696 -0.00500565 0)
(1.1052 -0.00374039 0)
(1.1039 -0.00274997 0)
(1.10296 -0.00200176 0)
(1.10227 -0.00144736 0)
(1.10178 -0.00104083 0)
(1.10143 -0.000744554 0)
(1.10118 -0.000529662 0)
(1.101 -0.000374464 0)
(1.10088 -0.000262833 0)
(1.10079 -0.000182837 0)
(1.10073 -0.000125775 0)
(1.10069 -8.53032e-05 0)
(1.10067 -5.68299e-05 0)
(1.10065 -3.69986e-05 0)
(1.10064 -2.33697e-05 0)
(1.10063 -1.41404e-05 0)
(1.10063 -7.98908e-06 0)
(1.10063 -3.9949e-06 0)
(1.10063 -1.52022e-06 0)
(1.10063 -7.93059e-08 0)
(1.10063 6.39269e-07 0)
(1.10063 8.29606e-07 0)
(1.10063 6.63958e-07 0)
(1.10063 2.83073e-07 0)
(1.10064 -2.1846e-07 0)
(1.10064 -7.89512e-07 0)
(1.10064 -1.40547e-06 0)
(1.10064 -2.06488e-06 0)
(1.10064 -2.85373e-06 0)
(1.00038 0.00127388 0)
(1.00259 0.00386694 0)
(1.00778 0.00635551 0)
(1.0155 0.00840874 0)
(1.02496 0.00975722 0)
(1.03531 0.0102999 0)
(1.04578 0.0100899 0)
(1.05561 0.00930365 0)
(1.06439 0.00818324 0)
(1.07192 0.00694356 0)
(1.07816 0.00573011 0)
(1.08322 0.00462451 0)
(1.08724 0.00365916 0)
(1.09037 0.00283139 0)
(1.09275 0.00211092 0)
(1.09447 0.00144701 0)
(1.09558 0.000750929 0)
(1.096 -8.4037e-05 0)
(1.09565 -0.00135402 0)
(1.09388 -0.00336267 0)
(1.08972 -0.00628788 0)
(1.08175 -0.00759759 0)
(1.05957 -0.0015857 0)
(1.05399 0.0187291 0)
(0.968723 0.0251658 4.48931e-48)
(0 0 0)
(0 0 0)
(0 0 0)
(0 0 0)
(0 0 0)
(0 0 0)
(0 0 0)
(0 0 0)
(0 0 0)
(0 0 0)
(0 0 0)
(0 0 0)
(1.12385 0.00824745 0)
(1.1261 0.00727316 0)
(1.12809 0.00209741 0)
(1.12728 -0.0021159 0)
(1.12389 -0.00414909 0)
(1.11912 -0.00460739 0)
(1.11476 -0.00419806 0)
(1.11115 -0.00342756 0)
(1.10834 -0.0026448 0)
(1.10621 -0.00197996 0)
(1.10464 -0.00145709 0)
(1.10349 -0.00106072 0)
(1.10266 -0.00076684 0)
(1.10206 -0.000551395 0)
(1.10163 -0.000394432 0)
(1.10132 -0.000280653 0)
(1.1011 -0.000198504 0)
(1.10095 -0.000139428 0)
(1.10084 -9.70701e-05 0)
(1.10077 -6.68331e-05 0)
(1.10072 -4.53564e-05 0)
(1.10069 -3.02447e-05 0)
(1.10066 -1.97487e-05 0)
(1.10065 -1.25457e-05 0)
(1.10064 -7.68443e-06 0)
(1.10064 -4.42849e-06 0)
(1.10063 -2.33217e-06 0)
(1.10063 -1.04433e-06 0)
(1.10063 -3.6024e-07 0)
(1.10063 -4.83529e-08 0)
(1.10063 -4.63557e-08 0)
(1.10063 -2.38212e-07 0)
(1.10063 -5.26679e-07 0)
(1.10064 -8.73045e-07 0)
(1.10064 -1.25062e-06 0)
(1.10064 -1.64277e-06 0)
(1.10064 -2.0994e-06 0)
(1.10064 -2.62568e-06 0)
(1.00036 1.66931e-05 0)
(1.00246 1.62465e-05 0)
(1.00753 1.56315e-05 0)
(1.0151 1.24914e-05 0)
(1.02439 8.01684e-06 0)
(1.0346 3.12001e-06 0)
(1.045 -9.85601e-07 0)
(1.05481 -3.86856e-06 0)
(1.06362 -5.45301e-06 0)
(1.07121 -5.95518e-06 0)
(1.07753 -5.56395e-06 0)
(1.08268 -4.44803e-06 0)
(1.08678 -2.78588e-06 0)
(1.08998 -5.90694e-07 0)
(1.0924 2.02386e-06 0)
(1.09413 5.53098e-06 0)
(1.09521 1.04263e-05 0)
(1.09543 1.59521e-05 0)
(1.09479 2.36719e-05 0)
(1.09253 3.99672e-05 0)
(1.0881 1.61828e-05 0)
(1.07933 -2.33065e-05 0)
(1.06014 3.89081e-05 0)
(1.06731 -1.41856e-05 0)
(1.01865 -0.00023606 0)
(0 0 0)
(0 0 0)
(0 0 0)
(0 0 0)
(0 0 0)
(0 0 0)
(0 0 0)
(0 0 0)
(0 0 0)
(0 0 0)
(0 0 0)
(0 0 0)
(1.12142 -7.55516e-05 0)
(1.12484 -4.46776e-05 0)
(1.12789 1.59739e-05 0)
(1.1277 4.89966e-05 0)
(1.12489 5.03267e-05 0)
(1.1201 3.56678e-05 0)
(1.11555 2.04188e-05 0)
(1.11178 7.5982e-06 0)
(1.10881 4.20269e-06 0)
(1.10656 3.96649e-06 0)
(1.10489 3.54876e-06 0)
(1.10367 3.17872e-06 0)
(1.10279 2.84987e-06 0)
(1.10215 2.61268e-06 0)
(1.1017 2.4474e-06 0)
(1.10137 2.26692e-06 0)
(1.10114 2.04928e-06 0)
(1.10098 1.82773e-06 0)
(1.10086 1.63135e-06 0)
(1.10078 1.4867e-06 0)
(1.10073 1.34985e-06 0)
(1.10069 1.18826e-06 0)
(1.10067 9.75578e-07 0)
(1.10065 7.47325e-07 0)
(1.10064 5.2849e-07 0)
(1.10064 3.52798e-07 0)
(1.10063 1.88207e-07 0)
(1.10063 1.00163e-08 0)
(1.10063 -1.87737e-07 0)
(1.10063 -4.51527e-07 0)
(1.10063 -7.31013e-07 0)
(1.10063 -9.99964e-07 0)
(1.10063 -1.24085e-06 0)
(1.10064 -1.45418e-06 0)
(1.10064 -1.6506e-06 0)
(1.10064 -1.84361e-06 0)
(1.10064 -2.04559e-06 0)
(1.10064 -2.23651e-06 0)
(1.00037 -0.00123718 0)
(1.00259 -0.00383711 0)
(1.00778 -0.0063243 0)
(1.01551 -0.00838407 0)
(1.02496 -0.00974109 0)
(1.03531 -0.0102935 0)
(1.04579 -0.0100918 0)
(1.05561 -0.00931126 0)
(1.06439 -0.00819407 0)
(1.07192 -0.00695543 0)
(1.07816 -0.00574124 0)
(1.08322 -0.00463354 0)
(1.08724 -0.00366491 0)
(1.09037 -0.00283317 0)
(1.09275 -0.00210743 0)
(1.09447 -0.00143789 0)
(1.09559 -0.000732931 0)
(1.09602 0.000110953 0)
(1.09568 0.00139689 0)
(1.09391 0.00343021 0)
(1.0898 0.00640785 0)
(1.08179 0.00773622 0)
(1.05963 0.00170965 0)
(1.05323 -0.0188397 0)
(0.968631 -0.0252437 0)
(0 0 0)
(0 0 0)
(0 0 0)
(0 0 0)
(0 0 0)
(0 0 0)
(0 0 0)
(0 0 0)
(0 0 0)
(0 0 0)
(0 0 0)
(0 0 0)
(1.12377 -0.00831814 0)
(1.12592 -0.00729602 0)
(1.12782 -0.00204159 0)
(1.12711 0.00217762 0)
(1.12376 0.00420464 0)
(1.11905 0.00464943 0)
(1.11472 0.00421777 0)
(1.11113 0.00343422 0)
(1.10833 0.00265065 0)
(1.1062 0.00198542 0)
(1.10463 0.00146224 0)
(1.10349 0.00106571 0)
(1.10265 0.000771726 0)
(1.10206 0.000556132 0)
(1.10163 0.000399051 0)
(1.10132 0.000285016 0)
(1.1011 0.000202508 0)
(1.10095 0.000143025 0)
(1.10084 0.000100304 0)
(1.10077 6.9777e-05 0)
(1.10072 4.80218e-05 0)
(1.10069 3.25835e-05 0)
(1.10066 2.16575e-05 0)
(1.10065 1.40136e-05 0)
(1.10064 8.71375e-06 0)
(1.10064 5.11766e-06 0)
(1.10063 2.68277e-06 0)
(1.10063 1.06474e-06 0)
(1.10063 -6.55847e-08 0)
(1.10063 -8.73792e-07 0)
(1.10063 -1.42504e-06 0)
(1.10063 -1.76016e-06 0)
(1.10063 -1.94398e-06 0)
(1.10064 -2.01689e-06 0)
(1.10064 -2.02379e-06 0)
(1.10064 -2.00938e-06 0)
(1.10064 -1.96618e-06 0)
(1.10064 -1.82785e-06 0)
(1.0004 -0.00256974 0)
(1.00283 -0.00792254 0)
(1.00845 -0.0129885 0)
(1.01673 -0.0171253 0)
(1.02673 -0.0197895 0)
(1.0375 -0.0207978 0)
(1.04818 -0.0202757 0)
(1.05806 -0.018608 0)
(1.06675 -0.0162933 0)
(1.07408 -0.0137631 0)
(1.08007 -0.0113084 0)
(1.08486 -0.00909048 0)
(1.08861 -0.00717308 0)
(1.09153 -0.00554966 0)
(1.09376 -0.00416488 0)
(1.09545 -0.00292997 0)
(1.0967 -0.00171998 0)
(1.09762 -0.000300174 0)
(1.09821 0.00171056 0)
(1.09868 0.00485214 0)
(1.09911 0.00886042 0)
(1.10131 0.0122624 0)
(1.10088 0.0073262 0)
(1.07578 -0.0176322 0)
(1.0708 -0.0390488 0)
(1.0131 -0.0311686 0)
(0 0 0)
(0 0 0)
(0 0 0)
(0 0 0)
(0 0 0)
(0 0 0)
(0 0 0)
(0 0 0)
(0 0 0)
(0 0 0)
(1.11449 -0.00518491 0)
(1.12595 -0.0169036 0)
(1.1271 -0.0125722 0)
(1.12729 -0.00222551 0)
(1.12466 0.00523905 0)
(1.12067 0.00850909 0)
(1.11615 0.00904915 0)
(1.11236 0.00807136 0)
(1.10929 0.00650978 0)
(1.10695 0.00500569 0)
(1.10519 0.00374213 0)
(1.1039 0.0027529 0)
(1.10295 0.00200537 0)
(1.10227 0.00145134 0)
(1.10178 0.00104499 0)
(1.10142 0.000748756 0)
(1.10117 0.000533735 0)
(1.101 0.000378289 0)
(1.10087 0.000266314 0)
(1.10079 0.000186005 0)
(1.10073 0.000128638 0)
(1.10069 8.78774e-05 0)
(1.10067 5.90422e-05 0)
(1.10065 3.8807e-05 0)
(1.10064 2.47393e-05 0)
(1.10063 1.51143e-05 0)
(1.10063 8.60423e-06 0)
(1.10063 4.28272e-06 0)
(1.10063 1.44316e-06 0)
(1.10063 -4.20742e-07 0)
(1.10063 -1.61749e-06 0)
(1.10063 -2.30827e-06 0)
(1.10063 -2.63937e-06 0)
(1.10063 -2.70564e-06 0)
(1.10063 -2.60798e-06 0)
(1.10064 -2.41659e-06 0)
(1.10064 -2.18579e-06 0)
(1.10064 -1.9039e-06 0)
(1.10064 -1.4792e-06 0)
(1.00046 -0.00406503 0)
(1.00325 -0.0124752 0)
(1.00968 -0.0203362 0)
(1.01899 -0.0266013 0)
(1.02995 -0.0304727 0)
(1.04139 -0.0317183 0)
(1.0524 -0.0306291 0)
(1.06232 -0.0278623 0)
(1.07081 -0.0241889 0)
(1.07776 -0.0202618 0)
(1.08328 -0.016515 0)
(1.08758 -0.0131825 0)
(1.09087 -0.0103515 0)
(1.09338 -0.00800842 0)
(1.09532 -0.00607225 0)
(1.09687 -0.00443363 0)
(1.09816 -0.00296592 0)
(1.09943 -0.00145771 0)
(1.1009 0.000366015 0)
(1.10308 0.00294189 0)
(1.10666 0.0056558 0)
(1.11135 0.00693758 0)
(1.11914 0.00319004 0)
(1.11354 -0.015925 0)
(1.10757 -0.0364184 0)
(1.08002 -0.0120056 -3.74277e-17)
(0 0 0)
(0 0 0)
(0 0 0)
(0 0 0)
(0 0 0)
(0 0 0)
(0 0 0)
(0 0 0)
(0 0 0)
(0 0 0)
(1.1256 -0.0160698 -7.44946e-19)
(1.13385 -0.0243119 0)
(1.12998 -0.0136728 0)
(1.12471 0.000874963 0)
(1.11985 0.0097185 0)
(1.11531 0.0129768 0)
(1.11155 0.0129191 0)
(1.10862 0.0111857 0)
(1.10644 0.00891301 0)
(1.10484 0.00680424 0)
(1.10364 0.005073 0)
(1.10277 0.00372842 0)
(1.10213 0.00271501 0)
(1.10167 0.00196392 0)
(1.10134 0.00141261 0)
(1.10111 0.00101039 0)
(1.10094 0.000718444 0)
(1.10083 0.000507572 0)
(1.10075 0.000355866 0)
(1.1007 0.000247201 0)
(1.10067 0.000169741 0)
(1.10065 0.000114876 0)
(1.10063 7.62596e-05 0)
(1.10063 4.93053e-05 0)
(1.10062 3.07165e-05 0)
(1.10062 1.80852e-05 0)
(1.10062 9.65356e-06 0)
(1.10062 4.15914e-06 0)
(1.10062 6.64662e-07 0)
(1.10063 -1.54468e-06 0)
(1.10063 -2.87287e-06 0)
(1.10063 -3.51698e-06 0)
(1.10063 -3.71859e-06 0)
(1.10063 -3.61568e-06 0)
(1.10063 -3.3279e-06 0)
(1.10063 -2.90587e-06 0)
(1.10063 -2.41414e-06 0)
(1.10063 -1.83577e-06 0)
(1.10063 -1.10431e-06 0)
(1.00057 -0.00584119 0)
(1.00396 -0.0178435 0)
(1.01175 -0.0288564 0)
(1.02275 -0.0373086 0)
(1.03509 -0.0421048 0)
(1.0474 -0.0432026 0)
(1.05882 -0.0411774 0)
(1.06872 -0.0369874 0)
(1.07679 -0.0317023 0)
(1.08309 -0.0262228 0)
(1.08785 -0.021118 0)
(1.09137 -0.0166747 0)
(1.09394 -0.012987 0)
(1.09584 -0.0100226 0)
(1.09729 -0.00766198 0)
(1.09849 -0.00578037 0)
(1.0996 -0.00427145 0)
(1.10085 -0.00299487 0)
(1.10253 -0.0018459 0)
(1.10517 -0.000750223 0)
(1.10966 -7.71839e-05 0)
(1.11621 -0.000916216 0)
(1.1257 -0.00574982 0)
(1.1311 -0.0188564 0)
(1.12486 -0.0254413 0)
(1.0898 -0.00641553 -5.19494e-18)
(0.885744 -0.0117948 2.0617e-17)
(0 0 0)
(0 0 0)
(0 0 0)
(0 0 0)
(0 0 0)
(0 0 0)
(0 0 0)
(0 0 0)
(1.12731 -0.0136767 5.02682e-17)
(1.14097 -0.0282665 2.64322e-18)
(1.13694 -0.0232598 0)
(1.12681 -0.00715831 0)
(1.11761 0.00781335 0)
(1.11187 0.0150971 0)
(1.10803 0.0168932 0)
(1.10558 0.0157638 0)
(1.10396 0.0131901 0)
(1.10295 0.0103449 0)
(1.10225 0.00784463 0)
(1.10174 0.00583397 0)
(1.10137 0.00428394 0)
(1.10111 0.00311739 0)
(1.10092 0.00225246 0)
(1.10079 0.00161693 0)
(1.10071 0.00115297 0)
(1.10065 0.000816405 0)
(1.10062 0.000573712 0)
(1.10059 0.00039954 0)
(1.10058 0.000275077 0)
(1.10058 0.000186583 0)
(1.10058 0.000124207 0)
(1.10058 8.06547e-05 0)
(1.10058 5.05664e-05 0)
(1.10059 3.02189e-05 0)
(1.10059 1.66507e-05 0)
(1.1006 7.64489e-06 0)
(1.1006 1.89648e-06 0)
(1.1006 -1.66789e-06 0)
(1.10061 -3.79379e-06 0)
(1.10061 -4.86223e-06 0)
(1.10061 -5.21147e-06 0)
(1.10061 -5.09702e-06 0)
(1.10062 -4.69493e-06 0)
(1.10062 -4.1312e-06 0)
(1.10062 -3.45178e-06 0)
(1.10062 -2.71324e-06 0)
(1.10062 -1.87592e-06 0)
(1.10062 -8.48276e-07 0)
(1.00074 -0.00808951 0)
(1.00517 -0.0245703 0)
(1.0152 -0.0392632 0)
(1.02868 -0.0497618 0)
(1.04289 -0.0550094 0)
(1.05633 -0.0554021 0)
(1.06814 -0.0518828 0)
(1.07774 -0.0457776 0)
(1.08499 -0.0385201 0)
(1.09018 -0.031302 0)
(1.09375 -0.0247863 0)
(1.09613 -0.01927 0)
(1.09769 -0.0148243 0)
(1.09873 -0.0113678 0)
(1.09948 -0.00872439 0)
(1.10012 -0.00672882 0)
(1.10078 -0.00530246 0)
(1.10165 -0.00435483 0)
(1.10296 -0.003873 0)
(1.105 -0.00400904 0)
(1.10829 -0.00524741 0)
(1.11307 -0.00864629 0)
(1.11933 -0.0153218 0)
(1.12647 -0.0241245 0)
(1.13016 -0.0223123 0)
(1.1289 -0.00401652 0)
(1.13583 0.0206204 1.05419e-17)
(1.11751 0.0141901 0)
(0 0 0)
(0 0 0)
(0 0 0)
(0 0 0)
(0 0 0)
(0 0 0)
(1.13617 -0.0168078 0)
(1.15164 -0.030106 2.53972e-17)
(1.14565 -0.0272582 0)
(1.1293 -0.0123982 0)
(1.11442 0.00487135 0)
(1.10555 0.0155192 0)
(1.10122 0.0195185 0)
(1.09951 0.0191882 0)
(1.09883 0.0169867 0)
(1.09893 0.01379 0)
(1.0992 0.0106517 0)
(1.09945 0.00803311 0)
(1.09965 0.00596032 0)
(1.09982 0.00436962 0)
(1.09995 0.00317358 0)
(1.10006 0.00228663 0)
(1.10014 0.00163477 0)
(1.10021 0.00115878 0)
(1.10027 0.000813954 0)
(1.10032 0.000566101 0)
(1.10036 0.000389148 0)
(1.10039 0.000263328 0)
(1.10042 0.00017491 0)
(1.10045 0.000113548 0)
(1.10046 7.11118e-05 0)
(1.10048 4.21891e-05 0)
(1.10049 2.27712e-05 0)
(1.1005 1.00059e-05 0)
(1.10051 1.94989e-06 0)
(1.10052 -2.93718e-06 0)
(1.10052 -5.69394e-06 0)
(1.10053 -7.04037e-06 0)
(1.10053 -7.45968e-06 0)
(1.10053 -7.272e-06 0)
(1.10053 -6.72027e-06 0)
(1.10054 -5.95085e-06 0)
(1.10054 -5.05863e-06 0)
(1.10054 -4.10279e-06 0)
(1.10054 -3.1045e-06 0)
(1.10054 -2.01251e-06 0)
(1.10054 -7.12342e-07 0)
(1.00105 -0.0111706 0)
(1.00732 -0.0335714 0)
(1.02102 -0.052516 0)
(1.03807 -0.06466 0)
(1.05473 -0.069574 0)
(1.06935 -0.0683491 0)
(1.08122 -0.062484 0)
(1.08993 -0.0537739 0)
(1.09561 -0.0440919 0)
(1.09893 -0.0349686 0)
(1.1007 -0.0270775 0)
(1.10148 -0.020608 0)
(1.10168 -0.0155652 0)
(1.10162 -0.0118001 0)
(1.1015 -0.00906723 0)
(1.10141 -0.00706194 0)
(1.10144 -0.00578253 0)
(1.1017 -0.00513472 0)
(1.10228 -0.00511308 0)
(1.10329 -0.00594266 0)
(1.10485 -0.00805695 0)
(1.10691 -0.0122198 0)
(1.109 -0.0191739 0)
(1.11027 -0.028516 0)
(1.11335 -0.0284484 0)
(1.12033 -0.0188352 0)
(1.14162 -0.00220878 0)
(1.1652 0.020132 0)
(1.19346 0.024418 0)
(1.18494 0.0228523 7.30197e-17)
(1.15897 0.00736572 0)
(1.15152 -0.00565924 0)
(1.16285 -0.0156711 -4.35838e-17)
(1.16646 -0.0170898 0)
(1.16543 -0.0254763 0)
(1.14922 -0.0218703 0)
(1.12602 -0.00851359 0)
(1.10703 0.00608422 0)
(1.09556 0.0160075 0)
(1.09074 0.0207772 0)
(1.08982 0.0209622 0)
(1.09063 0.0192719 0)
(1.09225 0.0161721 0)
(1.09397 0.0128242 0)
(1.0954 0.00983918 0)
(1.09652 0.00739126 0)
(1.09739 0.00546538 0)
(1.09805 0.00399051 0)
(1.09855 0.0028826 0)
(1.09893 0.00206197 0)
(1.09922 0.0014598 0)
(1.09944 0.00102144 0)
(1.09961 0.000706642 0)
(1.09974 0.000483824 0)
(1.09984 0.000326244 0)
(1.09992 0.000215019 0)
(1.09997 0.00013684 0)
(1.10002 8.33016e-05 0)
(1.10005 4.73217e-05 0)
(1.10008 2.35573e-05 0)
(1.1001 8.18271e-06 0)
(1.10012 -1.39693e-06 0)
(1.10013 -7.03778e-06 0)
(1.10014 -1.00031e-05 0)
(1.10014 -1.12049e-05 0)
(1.10015 -1.13027e-05 0)
(1.10015 -1.07259e-05 0)
(1.10016 -9.76714e-06 0)
(1.10016 -8.58545e-06 0)
(1.10016 -7.32315e-06 0)
(1.10016 -6.03806e-06 0)
(1.10016 -4.78144e-06 0)
(1.10016 -3.53284e-06 0)
(1.10016 -2.22552e-06 0)
(1.10016 -7.13319e-07 0)
(1.00166 -0.0157931 0)
(1.01145 -0.0464949 0)
(1.03106 -0.070034 0)
(1.0531 -0.0828704 0)
(1.07249 -0.086008 0)
(1.08774 -0.0817404 0)
(1.0987 -0.0722686 0)
(1.10507 -0.0600722 0)
(1.10774 -0.0474253 0)
(1.10809 -0.0363937 0)
(1.10723 -0.0273393 0)
(1.10598 -0.0202633 0)
(1.10452 -0.0150308 0)
(1.10318 -0.0112166 0)
(1.10206 -0.00846559 0)
(1.10114 -0.0065959 0)
(1.10052 -0.00554108 0)
(1.1001 -0.00516021 0)
(1.09985 -0.00538712 0)
(1.09974 -0.00644172 0)
(1.09969 -0.00865738 0)
(1.0994 -0.0125136 0)
(1.0983 -0.0184003 0)
(1.09497 -0.0259183 0)
(1.09098 -0.030918 -5.7318e-33)
(1.09039 -0.0297104 5.73386e-33)
(1.09724 -0.0239503 0)
(1.11339 -0.0116243 0)
(1.13894 0.00518418 0)
(1.16526 0.0171132 0)
(1.17654 0.0116222 0)
(1.17483 -0.000198663 0)
(1.16362 -0.00962614 0)
(1.14451 -0.0116525 0)
(1.12234 -0.00533824 0)
(1.10225 0.00335259 0)
(1.08707 0.0116473 0)
(1.0783 0.017384 0)
(1.07515 0.0205472 0)
(1.07607 0.0207918 0)
(1.07883 0.0194112 0)
(1.08231 0.0166749 0)
(1.08574 0.0135572 0)
(1.08865 0.0106165 0)
(1.09098 0.00808633 0)
(1.0928 0.00602859 0)
(1.09419 0.00441736 0)
(1.09525 0.00318854 0)
(1.09606 0.00227481 0)
(1.09666 0.00160835 0)
(1.09712 0.00112289 0)
(1.09747 0.000769425 0)
(1.09773 0.000517368 0)
(1.09792 0.000340286 0)
(1.09807 0.000216791 0)
(1.09818 0.00013147 0)
(1.09826 7.36164e-05 0)
(1.09833 3.52976e-05 0)
(1.09837 1.08007e-05 0)
(1.09841 -4.20385e-06 0)
(1.09843 -1.27906e-05 0)
(1.09845 -1.71261e-05 0)
(1.09846 -1.87999e-05 0)
(1.09847 -1.87628e-05 0)
(1.09848 -1.77149e-05 0)
(1.09849 -1.60943e-05 0)
(1.09849 -1.42272e-05 0)
(1.09849 -1.22964e-05 0)
(1.09849 -1.04014e-05 0)
(1.09849 -8.60205e-06 0)
(1.0985 -6.93498e-06 0)
(1.0985 -5.39883e-06 0)
(1.0985 -3.93834e-06 0)
(1.0985 -2.47735e-06 0)
(1.0985 -8.22813e-07 0)
(1.00292 -0.0233596 0)
(1.01949 -0.0656696 0)
(1.04856 -0.0936165 0)
(1.07622 -0.105127 0)
(1.09695 -0.104018 0)
(1.11024 -0.0945903 0)
(1.11717 -0.0798545 0)
(1.11786 -0.0628003 0)
(1.11597 -0.0470873 0)
(1.1124 -0.0346038 0)
(1.10848 -0.0249122 0)
(1.10479 -0.0177108 0)
(1.10166 -0.0126956 0)
(1.09915 -0.00935853 0)
(1.09709 -0.00705536 0)
(1.09544 -0.00552601 0)
(1.0941 -0.00465968 0)
(1.09295 -0.00437163 0)
(1.0919 -0.00468064 0)
(1.09081 -0.00566626 0)
(1.08946 -0.0075388 0)
(1.08748 -0.0105726 0)
(1.0843 -0.014903 0)
(1.07907 -0.0202521 0)
(1.07156 -0.0247957 0)
(1.06415 -0.0268763 0)
(1.05895 -0.0255033 0)
(1.05735 -0.0205889 0)
(1.06078 -0.0121355 0)
(1.06888 -0.00309406 0)
(1.07645 0.00163582 0)
(1.07814 0.00301696 0)
(1.07429 0.00441738 0)
(1.06663 0.0071973 0)
(1.05899 0.0108063 0)
(1.0537 0.0142043 0)
(1.05169 0.0166684 0)
(1.05268 0.0179915 0)
(1.05627 0.0179803 0)
(1.0612 0.0167832 0)
(1.0666 0.0146936 0)
(1.07174 0.0122014 0)
(1.07616 0.00973291 0)
(1.07977 0.00750965 0)
(1.08263 0.00564148 0)
(1.08485 0.00415577 0)
(1.08657 0.00300463 0)
(1.08787 0.00212951 0)
(1.08886 0.00148136 0)
(1.08961 0.0010075 0)
(1.09017 0.000665161 0)
(1.09058 0.000422826 0)
(1.09089 0.000255378 0)
(1.09112 0.000142723 0)
(1.09129 6.86026e-05 0)
(1.09142 2.12985e-05 0)
(1.09151 -7.67439e-06 0)
(1.09157 -2.44648e-05 0)
(1.09162 -3.29907e-05 0)
(1.09165 -3.62302e-05 0)
(1.09168 -3.61201e-05 0)
(1.0917 -3.41468e-05 0)
(1.09171 -3.10546e-05 0)
(1.09172 -2.7534e-05 0)
(1.09172 -2.39414e-05 0)
(1.09173 -2.04891e-05 0)
(1.09173 -1.72754e-05 0)
(1.09173 -1.4395e-05 0)
(1.09173 -1.18132e-05 0)
(1.09174 -9.58207e-06 0)
(1.09174 -7.5572e-06 0)
(1.09174 -5.83738e-06 0)
(1.09174 -4.20671e-06 0)
(1.09174 -2.69085e-06 0)
(1.09174 -9.79121e-07 0)
(1.00552 -0.0379036 0)
(1.03502 -0.0951213 0)
(1.07524 -0.124638 0)
(1.1028 -0.129281 0)
(1.11781 -0.12018 0)
(1.1236 -0.10141 0)
(1.12038 -0.0796098 0)
(1.11358 -0.0587565 0)
(1.10519 -0.0418289 0)
(1.09706 -0.0291707 0)
(1.08985 -0.0199924 0)
(1.08397 -0.0136359 0)
(1.07937 -0.00939099 0)
(1.0758 -0.0066152 0)
(1.07301 -0.00480694 0)
(1.07081 -0.00368188 0)
(1.06898 -0.00308899 0)
(1.06733 -0.00294685 0)
(1.06568 -0.0032291 0)
(1.06384 -0.0039365 0)
(1.06156 -0.00521101 0)
(1.0585 -0.00722242 0)
(1.0542 -0.00997064 0)
(1.04809 -0.0132085 0)
(1.03995 -0.0161232 0)
(1.03047 -0.0178201 0)
(1.02076 -0.0176612 0)
(1.01219 -0.0151662 0)
(1.00622 -0.0103406 0)
(1.00385 -0.00441816 0)
(1.0042 0.000145763 0)
(1.00506 0.00319403 0)
(1.00556 0.0057575 0)
(1.00622 0.00844532 0)
(1.00797 0.0107175 0)
(1.01128 0.0121637 0)
(1.01609 0.0127859 0)
(1.02209 0.0126161 0)
(1.02872 0.0117814 0)
(1.0354 0.0103967 0)
(1.04162 0.00873458 0)
(1.04706 0.0070605 0)
(1.0516 0.00552417 0)
(1.05528 0.00416436 0)
(1.05817 0.00302279 0)
(1.06041 0.00211113 0)
(1.06213 0.0014157 0)
(1.06342 0.000906865 0)
(1.06439 0.000548157 0)
(1.06511 0.000302719 0)
(1.06564 0.000139497 0)
(1.06603 3.48194e-05 0)
(1.06632 -2.89182e-05 0)
(1.06652 -6.46292e-05 0)
(1.06667 -8.24034e-05 0)
(1.06677 -8.81263e-05 0)
(1.06685 -8.68161e-05 0)
(1.0669 -8.1092e-05 0)
(1.06693 -7.33697e-05 0)
(1.06696 -6.47865e-05 0)
(1.06697 -5.62739e-05 0)
(1.06699 -4.8198e-05 0)
(1.06699 -4.08182e-05 0)
(1.067 -3.41687e-05 0)
(1.067 -2.84294e-05 0)
(1.067 -2.33546e-05 0)
(1.067 -1.91602e-05 0)
(1.067 -1.546e-05 0)
(1.067 -1.2494e-05 0)
(1.067 -9.84676e-06 0)
(1.067 -7.7471e-06 0)
(1.067 -5.85496e-06 0)
(1.067 -4.26362e-06 0)
(1.067 -2.72045e-06 0)
(1.067 -1.11208e-06 0)
(1.01315 -0.0745652 0)
(1.05982 -0.145454 0)
(1.09253 -0.155889 0)
(1.10603 -0.144512 0)
(1.10046 -0.123774 0)
(1.08648 -0.0973843 0)
(1.06795 -0.0706753 0)
(1.04896 -0.0478761 0)
(1.03267 -0.0309611 0)
(1.02 -0.0194497 0)
(1.01063 -0.012052 0)
(1.00388 -0.0074696 0)
(0.999058 -0.0047148 0)
(0.995552 -0.00306744 0)
(0.992905 -0.00206276 0)
(0.99081 -0.00145287 0)
(0.989014 -0.00111652 0)
(0.987307 -0.00100336 0)
(0.985503 -0.00111914 0)
(0.98342 -0.00148957 0)
(0.980844 -0.00216121 0)
(0.977497 -0.00317064 0)
(0.973039 -0.00449513 0)
(0.96716 -0.00599077 0)
(0.959761 -0.00729922 0)
(0.951198 -0.0080183 0)
(0.942128 -0.00783574 0)
(0.933534 -0.00654199 0)
(0.926661 -0.00419069 0)
(0.922511 -0.0014234 0)
(0.921093 0.000738287 0)
(0.921521 0.00234119 0)
(0.923526 0.00374532 0)
(0.926985 0.00493605 0)
(0.931804 0.00571891 0)
(0.937699 0.00600505 0)
(0.944243 0.00585052 0)
(0.95099 0.00536107 0)
(0.95753 0.00465456 0)
(0.96354 0.00383129 0)
(0.968802 0.00298425 0)
(0.973226 0.00218544 0)
(0.976831 0.00148776 0)
(0.979689 0.000917344 0)
(0.981896 0.000479892 0)
(0.983563 0.000164403 0)
(0.984801 -4.80413e-05 0)
(0.985703 -0.000177631 0)
(0.986352 -0.000246895 0)
(0.986813 -0.000275648 0)
(0.987136 -0.000278044 0)
(0.987358 -0.000264353 0)
(0.98751 -0.000241277 0)
(0.987611 -0.000214405 0)
(0.987677 -0.000187585 0)
(0.987717 -0.000160537 0)
(0.987741 -0.00013592 0)
(0.987754 -0.000114016 0)
(0.987759 -9.48298e-05 0)
(0.98776 -7.84076e-05 0)
(0.987759 -6.43763e-05 0)
(0.987755 -5.27715e-05 0)
(0.987751 -4.29817e-05 0)
(0.987747 -3.49152e-05 0)
(0.987743 -2.81475e-05 0)
(0.987739 -2.26525e-05 0)
(0.987736 -1.80461e-05 0)
(0.987733 -1.4378e-05 0)
(0.98773 -1.131e-05 0)
(0.987728 -8.89101e-06 0)
(0.987726 -6.82354e-06 0)
(0.987725 -5.20513e-06 0)
(0.987724 -3.69597e-06 0)
(0.987723 -2.44073e-06 0)
(0.987723 -1.04948e-06 0)
(1.01353 -0.122888 0)
(1.05027 -0.18254 0)
(1.03844 -0.169792 0)
(0.995385 -0.142327 0)
(0.942826 -0.106534 0)
(0.893256 -0.0703931 0)
(0.855476 -0.0430483 0)
(0.82815 -0.0248476 0)
(0.80965 -0.0137542 0)
(0.797705 -0.00739993 0)
(0.790113 -0.00388139 0)
(0.785281 -0.00196487 0)
(0.782163 -0.000923834 0)
(0.780073 -0.000332982 0)
(0.778582 3.76522e-05 0)
(0.777451 0.000298598 0)
(0.776497 0.000497304 0)
(0.77559 0.000648093 0)
(0.774609 0.000748286 0)
(0.773424 0.000785285 0)
(0.771888 0.000730913 0)
(0.769829 0.000556508 0)
(0.767057 0.000260899 0)
(0.763429 -8.97021e-05 0)
(0.758962 -0.000375473 0)
(0.753897 -0.000477049 0)
(0.748647 -0.000323928 0)
(0.743889 6.79462e-05 0)
(0.740298 0.000581189 0)
(0.738345 0.000976965 0)
(0.738151 0.00105975 0)
(0.739167 0.00100991 0)
(0.741383 0.000829844 0)
(0.744539 0.000598332 0)
(0.748353 0.000315983 0)
(0.75251 -1.43253e-05 0)
(0.756696 -0.000346498 0)
(0.760603 -0.00062653 0)
(0.764091 -0.000837013 0)
(0.767064 -0.000985755 0)
(0.769481 -0.00107496 0)
(0.771369 -0.00110407 0)
(0.772789 -0.00108789 0)
(0.773806 -0.00103868 0)
(0.774496 -0.000966871 0)
(0.774934 -0.000881446 0)
(0.775185 -0.00079015 0)
(0.775307 -0.000691294 0)
(0.775348 -0.000596711 0)
(0.775335 -0.000506667 0)
(0.775289 -0.000425165 0)
(0.775226 -0.000353764 0)
(0.775157 -0.000292196 0)
(0.775089 -0.000239422 0)
(0.775024 -0.000194839 0)
(0.774965 -0.000157954 0)
(0.774914 -0.000127546 0)
(0.774869 -0.000102818 0)
(0.774831 -8.2578e-05 0)
(0.774798 -6.62062e-05 0)
(0.774771 -5.2938e-05 0)
(0.774749 -4.22692e-05 0)
(0.77473 -3.36489e-05 0)
(0.774714 -2.67551e-05 0)
(0.774702 -2.11595e-05 0)
(0.774692 -1.66974e-05 0)
(0.774683 -1.30922e-05 0)
(0.774677 -1.02501e-05 0)
(0.774671 -7.96799e-06 0)
(0.774667 -6.1784e-06 0)
(0.774664 -4.71341e-06 0)
(0.774661 -3.54813e-06 0)
(0.774659 -2.47678e-06 0)
(0.774658 -1.64063e-06 0)
(0.774657 -7.21335e-07 0)
(0.791456 -0.0203727 0)
(0.751307 -0.0830409 0)
(0.653608 -0.0809461 0)
(0.528349 -0.0472577 0)
(0.44333 -0.0220083 0)
(0.394053 -0.0102798 0)
(0.364901 -0.00453193 0)
(0.347866 -0.00168181 0)
(0.33853 -0.000380909 0)
(0.333722 0.000144559 0)
(0.331364 0.000337049 0)
(0.330291 0.000400489 0)
(0.329906 0.000425646 0)
(0.32991 0.000457461 0)
(0.330135 0.000515948 0)
(0.330543 0.000592277 0)
(0.331113 0.000692002 0)
(0.331835 0.000816346 0)
(0.332695 0.000965546 0)
(0.333678 0.00113178 0)
(0.334753 0.0013057 0)
(0.335866 0.00146961 0)
(0.336962 0.00160162 0)
(0.337971 0.00170593 0)
(0.338849 0.00177043 0)
(0.339612 0.00177015 0)
(0.340315 0.00167514 0)
(0.341035 0.00146108 0)
(0.341806 0.00112392 0)
(0.342585 0.00065659 0)
(0.343217 9.68383e-05 0)
(0.343572 -0.000465346 0)
(0.343615 -0.00100173 0)
(0.343322 -0.00142504 0)
(0.342714 -0.00171326 0)
(0.341828 -0.0018587 0)
(0.34072 -0.00188408 0)
(0.339469 -0.00181236 0)
(0.33816 -0.00167482 0)
(0.336853 -0.00150227 0)
(0.335595 -0.00131439 0)
(0.334415 -0.00111869 0)
(0.333319 -0.000934931 0)
(0.33233 -0.000775464 0)
(0.331453 -0.000638127 0)
(0.330686 -0.000521257 0)
(0.33002 -0.000421775 0)
(0.32945 -0.00034088 0)
(0.328968 -0.000274362 0)
(0.328564 -0.000218727 0)
(0.32823 -0.00017382 0)
(0.327956 -0.000137455 0)
(0.327733 -0.000108544 0)
(0.327552 -8.54165e-05 0)
(0.327405 -6.73364e-05 0)
(0.327287 -5.28898e-05 0)
(0.327192 -4.15393e-05 0)
(0.327116 -3.24906e-05 0)
(0.327056 -2.54659e-05 0)
(0.327007 -1.98941e-05 0)
(0.326969 -1.55879e-05 0)
(0.326939 -1.21064e-05 0)
(0.326914 -9.46226e-06 0)
(0.326895 -7.28421e-06 0)
(0.32688 -5.66759e-06 0)
(0.326868 -4.31298e-06 0)
(0.326859 -3.3552e-06 0)
(0.326852 -2.5322e-06 0)
(0.326846 -1.98054e-06 0)
(0.326841 -1.47341e-06 0)
(0.326838 -1.14809e-06 0)
(0.326835 -8.11289e-07 0)
(0.326834 -5.92523e-07 0)
(0.326832 -3.90319e-07 0)
(0.326831 -1.94808e-07 0)
)
;

boundaryField
{
    ibCylinder
    {
        type            movingImmersedBoundaryVelocity;
        patchType       immersedBoundary;
        setDeadValue    true;
        deadValue       (0 0 0);
        value           nonuniform List<vector> 0();
    }
    in
    {
        type            fixedValue;
        value           uniform (1 0 0);
    }
    out
    {
        type            inletOutlet;
        inletValue      uniform (0 0 0);
        value           nonuniform List<vector> 
25
(
(0.32684 -6.65336e-08 0)
(0.774663 -5.39973e-09 0)
(0.987725 -2.89077e-07 0)
(1.067 -7.49503e-07 0)
(1.09174 -1.33269e-06 0)
(1.0985 -1.92157e-06 0)
(1.10016 -2.44062e-06 0)
(1.10054 -2.82012e-06 0)
(1.10062 -3.01932e-06 0)
(1.10063 -3.02165e-06 0)
(1.10064 -2.85373e-06 0)
(1.10064 -2.62568e-06 0)
(1.10064 -2.23651e-06 0)
(1.10064 -1.82785e-06 0)
(1.10064 -1.4792e-06 0)
(1.10063 -1.10431e-06 0)
(1.10062 -8.48276e-07 0)
(1.10054 -7.12342e-07 0)
(1.10016 -7.13319e-07 0)
(1.0985 -8.22813e-07 0)
(1.09174 -9.79121e-07 0)
(1.067 -1.11208e-06 0)
(0.987723 -1.04948e-06 0)
(0.774657 -7.21335e-07 0)
(0.326831 -1.94808e-07 0)
)
;
    }
    top
    {
        type            fixedValue;
        value           uniform (0 0 0);
    }
    bottom
    {
        type            fixedValue;
        value           uniform (0 0 0);
    }
    frontAndBack
    {
        type            empty;
    }
}


// ************************************************************************* //
