/*--------------------------------*- C++ -*----------------------------------*\
| =========                 |                                                 |
| \\      /  F ield         | OpenFOAM: The Open Source CFD Toolbox           |
|  \\    /   O peration     | Version:  2206                                  |
|   \\  /    A nd           | Website:  www.openfoam.com                      |
|    \\/     M anipulation  |                                                 |
\*---------------------------------------------------------------------------*/
FoamFile
{
    version     2.0;
    format      ascii;
    arch        "LSB;label=32;scalar=64";
    class       surfaceVectorField;
    location    "0.2";
    object      Uf;
}
// * * * * * * * * * * * * * * * * * * * * * * * * * * * * * * * * * * * * * //

dimensions      [0 1 -1 0 0 0 0];

internalField   nonuniform List<vector> 
3650
(
(0.859703 0.0517082 0)
(0.902495 0.140297 0)
(0.705171 0.0819952 0)
(0.900785 0.154532 0)
(0.577012 0.0641029 0)
(0.846017 0.128159 0)
(0.482155 0.0346336 0)
(0.761859 0.0948577 0)
(0.418368 0.0161445 0)
(0.693068 0.0637869 0)
(0.378911 0.00740605 0)
(0.643644 0.0394564 0)
(0.355713 0.00310702 0)
(0.610178 0.0231986 0)
(0.342787 0.00103167 0)
(0.587998 0.0129253 0)
(0.335932 0.000118748 0)
(0.574081 0.00685591 0)
(0.332448 -0.000239919 0)
(0.565706 0.00348329 0)
(0.330778 -0.000367606 0)
(0.560731 0.00167107 0)
(0.33007 -0.00041164 0)
(0.55778 0.000708022 0)
(0.32988 -0.000440047 0)
(0.556028 0.00019025 0)
(0.32999 -0.00048529 0)
(0.554986 -0.000110347 0)
(0.330295 -0.000552777 0)
(0.554353 -0.000304922 0)
(0.330771 -0.000641172 0)
(0.553991 -0.000475545 0)
(0.331404 -0.000753949 0)
(0.553799 -0.000632794 0)
(0.332184 -0.000891634 0)
(0.553706 -0.000780764 0)
(0.333095 -0.00105054 0)
(0.553647 -0.000910635 0)
(0.334121 -0.00122179 0)
(0.553549 -0.00102561 0)
(0.335219 -0.00139143 0)
(0.553321 -0.00109849 0)
(0.33633 -0.0015394 0)
(0.552852 -0.00111009 0)
(0.337415 -0.00165678 0)
(0.552018 -0.00108606 0)
(0.338399 -0.00174008 0)
(0.550712 -0.00098394 0)
(0.339269 -0.00177153 0)
(0.548922 -0.000870867 0)
(0.340064 -0.00172351 0)
(0.546773 -0.000795832 0)
(0.340841 -0.00156899 0)
(0.5445 -0.000776837 0)
(0.341639 -0.00129371 0)
(0.542483 -0.000798666 0)
(0.34245 -0.000891371 0)
(0.541074 -0.000811143 0)
(0.343185 -0.000377996 0)
(0.540488 -0.000735443 0)
(0.343674 0.000182592 0)
(0.540706 -0.000489771 0)
(0.343841 0.000731927 0)
(0.541392 -0.000167193 0)
(0.343647 0.00121223 0)
(0.542524 0.00019353 0)
(0.343123 0.00156853 0)
(0.543958 0.000524261 0)
(0.342316 0.00178577 0)
(0.545563 0.000808321 0)
(0.341271 0.00187167 0)
(0.5472 0.00104462 0)
(0.340058 0.00184912 0)
(0.548739 0.00121383 0)
(0.338757 0.001745 0)
(0.550065 0.00130146 0)
(0.337437 0.00159021 0)
(0.551152 0.00132032 0)
(0.336155 0.00140994 0)
(0.551982 0.00128215 0)
(0.334945 0.00121798 0)
(0.552559 0.00121023 0)
(0.33381 0.00102814 0)
(0.55291 0.00113471 0)
(0.332776 0.000856455 0)
(0.553071 0.00103461 0)
(0.331851 0.000707918 0)
(0.553082 0.000924658 0)
(0.331036 0.00058067 0)
(0.552987 0.000815046 0)
(0.330326 0.000472403 0)
(0.552821 0.000710211 0)
(0.329714 0.000382207 0)
(0.552612 0.000612531 0)
(0.329192 0.00030851 0)
(0.552386 0.00052146 0)
(0.328753 0.000247446 0)
(0.552165 0.000439579 0)
(0.328387 0.000197205 0)
(0.551956 0.000365794 0)
(0.328085 0.000156541 0)
(0.551765 0.000301612 0)
(0.327838 0.000123807 0)
(0.551595 0.000246977 0)
(0.327637 9.76235e-05 0)
(0.551448 0.000201274 0)
(0.327474 7.68444e-05 0)
(0.551322 0.000163128 0)
(0.327343 6.04393e-05 0)
(0.551216 0.000131702 0)
(0.327237 4.74411e-05 0)
(0.551127 0.000105838 0)
(0.327152 3.71806e-05 0)
(0.551053 8.4849e-05 0)
(0.327084 2.90497e-05 0)
(0.550993 6.7794e-05 0)
(0.32703 2.26108e-05 0)
(0.550943 5.40229e-05 0)
(0.326987 1.75269e-05 0)
(0.550903 4.27891e-05 0)
(0.326954 1.35281e-05 0)
(0.55087 3.384e-05 0)
(0.326927 1.04112e-05 0)
(0.550844 2.66448e-05 0)
(0.326906 8.00123e-06 0)
(0.550822 2.09579e-05 0)
(0.32689 6.12359e-06 0)
(0.550806 1.63963e-05 0)
(0.326877 4.6566e-06 0)
(0.550792 1.28177e-05 0)
(0.326867 3.51925e-06 0)
(0.550782 9.91367e-06 0)
(0.326859 2.64739e-06 0)
(0.550774 7.65791e-06 0)
(0.326854 1.98422e-06 0)
(0.550767 5.84952e-06 0)
(0.326849 1.47365e-06 0)
(0.550762 4.47396e-06 0)
(0.326846 1.06737e-06 0)
(0.550758 3.34734e-06 0)
(0.326843 7.359e-07 0)
(0.550756 2.46194e-06 0)
(0.326842 4.62676e-07 0)
(0.550754 1.68479e-06 0)
(0.326841 2.511e-07 0)
(0.550752 1.0553e-06 0)
(0.32684 4.83314e-08 0)
(0.550752 5.48486e-07 0)
(0.550751 -2.68643e-08 0)
(1.05115 0.152717 0)
(1.01334 0.0891463 0)
(1.04702 0.176169 0)
(1.05504 0.158658 0)
(1.01408 0.156062 0)
(1.06548 0.161105 0)
(0.967461 0.124433 0)
(1.05069 0.141476 0)
(0.917705 0.0884648 0)
(1.02163 0.113543 0)
(0.874196 0.0567207 0)
(0.989854 0.0829651 0)
(0.841311 0.0339472 0)
(0.961698 0.0560831 0)
(0.818544 0.0192998 0)
(0.938541 0.0356929 0)
(0.803498 0.010576 0)
(0.921148 0.0219016 0)
(0.793808 0.00564002 0)
(0.908842 0.0131739 0)
(0.787635 0.00292302 0)
(0.900359 0.00784345 0)
(0.783685 0.00144485 0)
(0.894569 0.00465849 0)
(0.781086 0.000629361 0)
(0.890602 0.00278929 0)
(0.779291 0.000149003 0)
(0.887806 0.00168525 0)
(0.777977 -0.000166448 0)
(0.885738 0.00100893 0)
(0.776925 -0.000396183 0)
(0.884127 0.000576281 0)
(0.775985 -0.000571348 0)
(0.882754 0.0003074 0)
(0.77503 -0.000697807 0)
(0.881449 0.000174482 0)
(0.773937 -0.000767916 0)
(0.880059 0.00018206 0)
(0.772568 -0.000761237 0)
(0.878428 0.000343615 0)
(0.770769 -0.000648896 0)
(0.876376 0.000701122 0)
(0.768368 -0.000414946 0)
(0.873676 0.00129069 0)
(0.765185 -9.15373e-05 0)
(0.870064 0.00209723 0)
(0.761171 0.000227611 0)
(0.865314 0.00302892 0)
(0.75645 0.000422607 0)
(0.859382 0.00384944 0)
(0.751362 0.000397812 0)
(0.852568 0.00429218 0)
(0.746441 0.000125371 0)
(0.845409 0.00414352 0)
(0.742321 -0.000326997 0)
(0.838736 0.00332145 0)
(0.739599 -0.000779846 0)
(0.833504 0.00191025 0)
(0.738553 -0.0010185 0)
(0.830453 0.000310699 0)
(0.738964 -0.00103689 0)
(0.829645 -0.000901783 0)
(0.740553 -0.000923016 0)
(0.830367 -0.00175589 0)
(0.743144 -0.00071657 0)
(0.83248 -0.00239843 0)
(0.746546 -0.000458816 0)
(0.83579 -0.00287722 0)
(0.750474 -0.00015138 0)
(0.840109 -0.00311927 0)
(0.754594 0.000181633 0)
(0.84514 -0.00307453 0)
(0.758605 0.000489503 0)
(0.850504 -0.0027972 0)
(0.762287 0.000735877 0)
(0.855829 -0.00238039 0)
(0.765514 0.000915519 0)
(0.860839 -0.00190594 0)
(0.768211 0.00103385 0)
(0.865326 -0.00141497 0)
(0.770366 0.00109253 0)
(0.869163 -0.000944571 0)
(0.77203 0.0010989 0)
(0.872316 -0.000529508 0)
(0.773258 0.00106608 0)
(0.874826 -0.000192719 0)
(0.774118 0.00100533 0)
(0.876761 6.42814e-05 0)
(0.774687 0.000926486 0)
(0.878208 0.00024581 0)
(0.775037 0.00083787 0)
(0.879258 0.00036074 0)
(0.775228 0.000742675 0)
(0.880001 0.000421252 0)
(0.775313 0.000645603 0)
(0.880511 0.000436427 0)
(0.77533 0.000553172 0)
(0.880855 0.000423333 0)
(0.775303 0.000467634 0)
(0.881078 0.000392902 0)
(0.77525 0.000391118 0)
(0.881216 0.000354126 0)
(0.775186 0.00032451 0)
(0.881295 0.000311645 0)
(0.775118 0.000267287 0)
(0.881335 0.000269223 0)
(0.775052 0.000218516 0)
(0.881351 0.000229147 0)
(0.774991 0.000177557 0)
(0.881351 0.000192942 0)
(0.774936 0.00014371 0)
(0.881341 0.000160475 0)
(0.774888 0.000115939 0)
(0.881327 0.000132662 0)
(0.774847 9.3248e-05 0)
(0.881311 0.000109155 0)
(0.774812 7.46977e-05 0)
(0.881294 8.91981e-05 0)
(0.774782 5.96006e-05 0)
(0.881278 7.24206e-05 0)
(0.774758 4.73537e-05 0)
(0.881264 5.85014e-05 0)
(0.774737 3.74791e-05 0)
(0.881251 4.70376e-05 0)
(0.774721 2.95671e-05 0)
(0.881239 3.76331e-05 0)
(0.774707 2.32333e-05 0)
(0.88123 2.99468e-05 0)
(0.774696 1.81617e-05 0)
(0.881222 2.37103e-05 0)
(0.774688 1.41078e-05 0)
(0.881215 1.86324e-05 0)
(0.774681 1.08932e-05 0)
(0.88121 1.45559e-05 0)
(0.774675 8.35249e-06 0)
(0.881205 1.12875e-05 0)
(0.774671 6.34041e-06 0)
(0.881202 8.67147e-06 0)
(0.774668 4.71987e-06 0)
(0.881199 6.54779e-06 0)
(0.774666 3.38355e-06 0)
(0.881197 4.78639e-06 0)
(0.774664 2.24121e-06 0)
(0.881195 3.30274e-06 0)
(0.774663 1.30535e-06 0)
(0.881194 2.00033e-06 0)
(0.774663 4.4535e-07 0)
(0.881194 9.61084e-07 0)
(0.881194 -1.65281e-07 0)
(1.0397 0.110016 0)
(1.00933 0.0494482 0)
(1.07964 0.150679 0)
(1.04742 0.118715 0)
(1.09938 0.150207 0)
(1.08387 0.141368 0)
(1.10273 0.134148 0)
(1.1044 0.138123 0)
(1.09352 0.110582 0)
(1.10912 0.122755 0)
(1.077 0.08403 0)
(1.10502 0.0994858 0)
(1.0581 0.0592746 0)
(1.09415 0.074985 0)
(1.04058 0.0394167 0)
(1.08126 0.0532062 0)
(1.02621 0.025203 0)
(1.06892 0.0362733 0)
(1.01521 0.0157485 0)
(1.05852 0.0241759 0)
(1.00718 0.00975886 0)
(1.05023 0.0158761 0)
(1.00142 0.00609081 0)
(1.04391 0.0104139 0)
(0.997271 0.0038904 0)
(1.0392 0.00694132 0)
(0.994192 0.00256503 0)
(1.03567 0.00476498 0)
(0.991819 0.00175807 0)
(1.03296 0.00338155 0)
(0.98987 0.00128483 0)
(1.03081 0.00252503 0)
(0.988113 0.00105932 0)
(1.029 0.00206503 0)
(0.986348 0.00105919 0)
(1.02732 0.00193894 0)
(0.984391 0.00130027 0)
(1.0256 0.00213975 0)
(0.982051 0.00181907 0)
(1.02364 0.00268305 0)
(0.979086 0.00265764 0)
(1.02122 0.00366631 0)
(0.975184 0.00382379 0)
(1.01802 0.00519362 0)
(0.970027 0.00523495 0)
(1.01364 0.00725286 0)
(0.963411 0.00663885 0)
(1.00765 0.00964564 0)
(0.955464 0.00765434 0)
(0.999877 0.0117961 3.5035e-34)
(0.946721 0.00792303 0)
(0.990854 0.0130337 -3.51006e-34)
(0.937996 0.00718422 0)
(0.981464 0.0128693 0)
(0.930332 0.00536203 0)
(0.972884 0.0109843 0)
(0.924855 0.00280611 0)
(0.966462 0.00738805 0)
(0.922149 0.000344097 0)
(0.963202 0.00301579 0)
(0.921694 -0.0015419 0)
(0.962666 -0.000446548 0)
(0.922844 -0.00304909 0)
(0.963314 -0.00290687 0)
(0.925432 -0.00434612 0)
(0.964564 -0.00498601 0)
(0.929473 -0.00533208 0)
(0.966625 -0.00691888 0)
(0.934763 -0.00586474 0)
(0.969913 -0.0084083 0)
(0.94093 -0.00592712 0)
(0.974521 -0.00924117 0)
(0.947542 -0.00560125 0)
(0.980198 -0.00940897 0)
(0.954172 -0.00499948 0)
(0.986569 -0.00901029 0)
(0.960453 -0.00423362 0)
(0.993146 -0.00818644 0)
(0.966099 -0.00339988 0)
(0.999489 -0.00706072 0)
(0.970952 -0.00257828 0)
(1.00523 -0.00579745 0)
(0.974977 -0.00183063 0)
(1.01016 -0.00455459 0)
(0.97822 -0.00119702 0)
(1.01423 -0.00343596 0)
(0.980761 -0.00069361 0)
(1.01749 -0.00247637 0)
(0.982704 -0.000317662 0)
(1.02004 -0.00169696 0)
(0.984161 -5.41874e-05 0)
(1.02199 -0.00109609 0)
(0.985235 0.00011644 0)
(1.02347 -0.000653037 0)
(0.986014 0.000215512 0)
(1.02457 -0.0003421 0)
(0.986571 0.00026427 0)
(1.02537 -0.000133857 0)
(0.986965 0.000279682 0)
(1.02597 -7.8922e-07 0)
(0.98724 0.000273853 0)
(1.02639 7.94697e-05 0)
(0.987428 0.000255251 0)
(1.0267 0.000122984 0)
(0.987556 0.000230046 0)
(1.02691 0.000141779 0)
(0.98764 0.000202963 0)
(1.02707 0.000145061 0)
(0.987693 0.000175728 0)
(1.02717 0.000139635 0)
(0.987726 0.0001496 0)
(1.02724 0.000128121 0)
(0.987745 0.000126056 0)
(1.02729 0.000113741 0)
(0.987754 0.000105165 0)
(1.02733 9.98141e-05 0)
(0.987757 8.70088e-05 0)
(1.02735 8.57298e-05 0)
(0.987757 7.14403e-05 0)
(1.02736 7.26424e-05 0)
(0.987755 5.83063e-05 0)
(1.02737 6.08675e-05 0)
(0.987751 4.73206e-05 0)
(1.02737 5.05338e-05 0)
(0.987748 3.81493e-05 0)
(1.02737 4.16347e-05 0)
(0.987744 3.05523e-05 0)
(1.02737 3.39569e-05 0)
(0.98774 2.43011e-05 0)
(1.02737 2.74574e-05 0)
(0.987736 1.91887e-05 0)
(1.02737 2.19989e-05 0)
(0.987734 1.5044e-05 0)
(1.02737 1.74967e-05 0)
(0.987731 1.16855e-05 0)
(1.02737 1.37801e-05 0)
(0.987729 8.94741e-06 0)
(1.02737 1.07155e-05 0)
(0.987727 6.67699e-06 0)
(1.02736 8.14437e-06 0)
(0.987726 4.76684e-06 0)
(1.02736 5.95808e-06 0)
(0.987725 3.1183e-06 0)
(1.02736 4.08135e-06 0)
(0.987725 1.70589e-06 0)
(1.02736 2.41418e-06 0)
(0.987725 3.90131e-07 0)
(1.02736 9.97667e-07 0)
(1.02736 -5.16772e-07 0)
(1.01992 0.0665223 0)
(1.00422 0.0295281 0)
(1.05787 0.109892 0)
(1.02725 0.0807647 0)
(1.08963 0.12697 0)
(1.06189 0.109607 0)
(1.11018 0.124737 0)
(1.0895 0.117576 0)
(1.12064 0.110799 0)
(1.10736 0.112291 0)
(1.12186 0.0905107 0)
(1.1169 0.0982667 0)
(1.11688 0.0691814 0)
(1.11876 0.0799624 0)
(1.10922 0.0502896 0)
(1.11571 0.0608658 0)
(1.10101 0.0354963 0)
(1.11056 0.0444843 0)
(1.09335 0.0245778 0)
(1.10471 0.0318367 0)
(1.08684 0.0168106 0)
(1.09915 0.0223859 0)
(1.08163 0.0115103 0)
(1.09437 0.0156248 0)
(1.07755 0.0080006 0)
(1.0905 0.0110192 0)
(1.07436 0.00570903 0)
(1.08747 0.00795515 0)
(1.07187 0.00424263 0)
(1.08505 0.00587624 0)
(1.06986 0.0033834 0)
(1.08312 0.00453758 0)
(1.06811 0.00301497 0)
(1.08154 0.00380908 0)
(1.06645 0.00308321 0)
(1.08014 0.00359974 0)
(1.06469 0.00357583 0)
(1.0788 0.00389913 0)
(1.06262 0.00456431 0)
(1.07734 0.00475676 0)
(1.05994 0.00620504 0)
(1.07553 0.00634638 0)
(1.05625 0.00858504 0)
(1.07301 0.0088863 0)
(1.05105 0.0115809 0)
(1.06927 0.012455 0)
(1.04392 0.0146606 3.5035e-34)
(1.06361 0.0167718 0)
(1.03513 0.01697 -4.64745e-37)
(1.05578 0.0205849 3.5035e-34)
(1.02565 0.01774 -3.51006e-34)
(1.04733 0.0225144 -3.51006e-34)
(1.01664 0.0164089 0)
(1.03987 0.0218822 0)
(1.00942 0.0127478 0)
(1.03479 0.0182002 0)
(1.00528 0.00738101 0)
(1.03353 0.0115241 0)
(1.00452 0.00214028 0)
(1.03639 0.00377537 0)
(1.00521 -0.00167414 0)
(1.04035 -0.00113267 0)
(1.0057 -0.00448382 0)
(1.04163 -0.00339896 0)
(1.00604 -0.00710757 0)
(1.03995 -0.00532798 0)
(1.00715 -0.00958921 0)
(1.03645 -0.00802975 0)
(1.00959 -0.0114454 0)
(1.03351 -0.010842 0)
(1.01358 -0.0124718 0)
(1.03252 -0.0132362 0)
(1.01896 -0.0126926 0)
(1.03392 -0.0147854 0)
(1.02528 -0.0121861 0)
(1.03741 -0.0153248 0)
(1.03195 -0.0110752 0)
(1.04251 -0.0148606 0)
(1.03842 -0.0095543 0)
(1.04831 -0.0135306 0)
(1.04427 -0.00788849 0)
(1.05412 -0.0116513 0)
(1.04928 -0.00628404 0)
(1.05941 -0.00956105 0)
(1.0534 -0.0048365 0)
(1.06389 -0.00755672 0)
(1.05669 -0.00358656 0)
(1.06753 -0.00576905 0)
(1.05927 -0.00256076 0)
(1.0704 -0.00427084 0)
(1.06125 -0.00175795 0)
(1.07264 -0.00307848 0)
(1.06276 -0.00115642 0)
(1.07435 -0.00216205 0)
(1.06389 -0.000723176 0)
(1.07565 -0.00147759 0)
(1.06474 -0.000421473 0)
(1.07663 -0.000981918 0)
(1.06537 -0.000217503 0)
(1.07736 -0.000629641 0)
(1.06583 -8.38889e-05 0)
(1.07791 -0.000383187 0)
(1.06617 -5.60863e-08 0)
(1.07831 -0.000214302 0)
(1.06642 4.93584e-05 0)
(1.07861 -0.000102246 0)
(1.06659 7.58282e-05 0)
(1.07882 -3.05879e-05 0)
(1.06672 8.72874e-05 0)
(1.07898 1.34974e-05 0)
(1.06681 8.91604e-05 0)
(1.07909 3.85675e-05 0)
(1.06687 8.52839e-05 0)
(1.07918 5.11189e-05 0)
(1.06691 7.81875e-05 0)
(1.07924 5.58291e-05 0)
(1.06694 6.96538e-05 0)
(1.07928 5.5419e-05 0)
(1.06696 6.07554e-05 0)
(1.07931 5.20517e-05 0)
(1.06698 5.21394e-05 0)
(1.07933 4.71535e-05 0)
(1.06699 4.41203e-05 0)
(1.07934 4.14092e-05 0)
(1.06699 3.68386e-05 0)
(1.07935 3.59448e-05 0)
(1.067 3.03968e-05 0)
(1.07936 3.0483e-05 0)
(1.067 2.48021e-05 0)
(1.07936 2.54647e-05 0)
(1.067 2.00393e-05 0)
(1.07936 2.09689e-05 0)
(1.067 1.6032e-05 0)
(1.07937 1.709e-05 0)
(1.067 1.26607e-05 0)
(1.07937 1.3728e-05 0)
(1.067 9.80443e-06 0)
(1.07937 1.08338e-05 0)
(1.067 7.3505e-06 0)
(1.07937 8.29644e-06 0)
(1.067 5.22383e-06 0)
(1.07937 6.06633e-06 0)
(1.067 3.34834e-06 0)
(1.07937 4.08961e-06 0)
(1.067 1.68896e-06 0)
(1.07937 2.296e-06 0)
(1.067 8.14048e-08 0)
(1.07937 6.94361e-07 0)
(1.07937 -1.03701e-06 0)
(1.01051 0.0445282 0)
(1.00228 0.0190226 0)
(1.03544 0.07966 0)
(1.01546 0.0558301 0)
(1.06312 0.0993857 0)
(1.0398 0.0819266 0)
(1.08656 0.104582 0)
(1.06465 0.0941369 0)
(1.10366 0.0993094 0)
(1.0847 0.0951956 0)
(1.11365 0.0872237 0)
(1.09897 0.0882738 0)
(1.11747 0.0713254 0)
(1.10792 0.0761406 0)
(1.11685 0.0549397 0)
(1.11145 0.0614902 0)
(1.11406 0.0408408 0)
(1.11184 0.0472709 0)
(1.11038 0.0297528 0)
(1.11023 0.0355206 0)
(1.1066 0.0213062 0)
(1.10784 0.0261647 0)
(1.1032 0.0151982 0)
(1.10538 0.0190196 0)
(1.10037 0.011023 0)
(1.10308 0.0138514 0)
(1.09807 0.00820332 0)
(1.10116 0.0102507 0)
(1.09623 0.00628696 0)
(1.09957 0.00772449 0)
(1.09474 0.00508867 0)
(1.09829 0.00602709 0)
(1.09348 0.00451047 0)
(1.09731 0.00506479 0)
(1.09236 0.00451927 0)
(1.09652 0.00471994 0)
(1.09128 0.00516368 0)
(1.09587 0.00497751 0)
(1.09005 0.00658951 0)
(1.09528 0.00599013 0)
(1.08836 0.00903943 0)
(1.09459 0.00803458 0)
(1.08576 0.0127218 0)
(1.09346 0.0114919 0)
(1.08158 0.0175675 0)
(1.09133 0.0166352 0)
(1.07513 0.0225217 0)
(1.08706 0.0232146 0)
(1.06767 0.0258416 0)
(1.08132 0.028051 0)
(1.06157 0.0261888 0)
(1.07729 0.028607 0)
(1.05827 0.0230289 0)
(1.0781 0.0251891 0)
(1.05926 0.0163467 0)
(1.08539 0.01721 0)
(1.06498 0.0076129 0)
(1.0999 0.00580312 0)
(1.07352 0.000729374 0)
(1.11711 -0.00476648 0)
(1.07816 -0.00233604 0)
(1.12653 -0.00577509 0)
(1.0768 -0.00372513 0)
(1.12653 -0.00204045 0)
(1.07052 -0.00581197 0)
(1.11899 0.000956945 0)
(1.06282 -0.00901545 0)
(1.10559 -0.00032929 0)
(1.0563 -0.0125146 0)
(1.0907 -0.00432312 0)
(1.05248 -0.0154313 0)
(1.078 -0.00941519 0)
(1.05195 -0.0173141 0)
(1.06938 -0.0142593 0)
(1.05428 -0.017964 0)
(1.06548 -0.0176502 0)
(1.0586 -0.0173639 0)
(1.06571 -0.0191823 0)
(1.06379 -0.0157263 0)
(1.06864 -0.0187178 0)
(1.0691 -0.0134373 0)
(1.07272 -0.0169619 0)
(1.0739 -0.0109575 0)
(1.07703 -0.014365 0)
(1.07793 -0.00861189 0)
(1.08095 -0.0115812 0)
(1.08117 -0.00656712 0)
(1.08421 -0.00901056 0)
(1.08372 -0.00489143 0)
(1.08681 -0.00682056 0)
(1.08569 -0.00357395 0)
(1.08883 -0.00505391 0)
(1.08721 -0.00256148 0)
(1.09038 -0.00367639 0)
(1.08836 -0.0018004 0)
(1.09156 -0.00262784 0)
(1.08923 -0.00123993 0)
(1.09246 -0.0018505 0)
(1.08988 -0.000832259 0)
(1.09314 -0.00128355 0)
(1.09037 -0.000540382 0)
(1.09365 -0.000873098 0)
(1.09074 -0.000335875 0)
(1.09403 -0.000578706 0)
(1.09101 -0.00019618 0)
(1.09431 -0.000372231 0)
(1.0912 -0.000103085 0)
(1.09452 -0.000230198 0)
(1.09135 -4.26841e-05 0)
(1.09468 -0.000133767 0)
(1.09146 -4.87372e-06 0)
(1.0948 -6.93938e-05 0)
(1.09154 1.76216e-05 0)
(1.09489 -2.74991e-05 0)
(1.0916 2.98804e-05 0)
(1.09495 -1.29421e-06 0)
(1.09164 3.53783e-05 0)
(1.095 1.41376e-05 0)
(1.09167 3.65967e-05 0)
(1.09503 2.2374e-05 0)
(1.09169 3.52449e-05 0)
(1.09506 2.59379e-05 0)
(1.0917 3.24058e-05 0)
(1.09507 2.64881e-05 0)
(1.09171 2.87987e-05 0)
(1.09509 2.53108e-05 0)
(1.09172 2.49513e-05 0)
(1.0951 2.30583e-05 0)
(1.09173 2.11953e-05 0)
(1.0951 2.03274e-05 0)
(1.09173 1.76973e-05 0)
(1.09511 1.74136e-05 0)
(1.09173 1.45322e-05 0)
(1.09511 1.47098e-05 0)
(1.09173 1.17089e-05 0)
(1.09511 1.21251e-05 0)
(1.09174 9.18322e-06 0)
(1.09511 9.72889e-06 0)
(1.09174 6.90936e-06 0)
(1.09512 7.51022e-06 0)
(1.09174 4.85991e-06 0)
(1.09512 5.46133e-06 0)
(1.09174 2.99361e-06 0)
(1.09512 3.57972e-06 0)
(1.09174 1.27753e-06 0)
(1.09512 1.82628e-06 0)
(1.09174 -4.38052e-07 0)
(1.09512 1.81233e-07 0)
(1.09512 -1.61957e-06 0)
(1.00591 0.031162 0)
(1.00134 0.0131113 0)
(1.02196 0.0582841 0)
(1.00938 0.0397787 0)
(1.04263 0.0764691 0)
(1.02603 0.0612635 0)
(1.06289 0.0844509 0)
(1.04557 0.0738718 0)
(1.08016 0.0838806 0)
(1.0636 0.0779297 0)
(1.09324 0.0770061 0)
(1.07853 0.0751949 0)
(1.10188 0.066168 0)
(1.08995 0.0674994 0)
(1.10636 0.0537437 0)
(1.09748 0.0570023 0)
(1.10782 0.0419031 0)
(1.10166 0.0458115 0)
(1.10763 0.0318598 0)
(1.1035 0.0357164 0)
(1.10659 0.0237946 0)
(1.10395 0.0272033 0)
(1.10521 0.0176407 0)
(1.10372 0.0203962 0)
(1.10381 0.013118 0)
(1.10309 0.0152547 0)
(1.10259 0.00983612 0)
(1.10239 0.0114736 0)
(1.10158 0.00752598 0)
(1.10177 0.00873789 0)
(1.10081 0.00606339 0)
(1.10127 0.00679466 0)
(1.10027 0.00534404 0)
(1.10098 0.00560639 0)
(1.09991 0.00526479 0)
(1.10089 0.0050729 0)
(1.09972 0.00590237 0)
(1.10106 0.00516622 0)
(1.09962 0.00753182 0)
(1.10152 0.00609562 0)
(1.09941 0.0105605 0)
(1.10228 0.00824291 0)
(1.09866 0.0154287 0)
(1.10317 0.0122395 0)
(1.0966 0.0221427 0)
(1.10368 0.0187027 0)
(1.09259 0.0284295 0)
(1.10266 0.0272181 0)
(1.09053 0.0303497 0)
(1.10223 0.0301118 0)
(1.09364 0.0268471 0)
(1.10541 0.0255025 0)
(1.10539 0.0177689 0)
(1.11946 0.0134332 0)
(1.12618 0.0031992 0)
(1.13929 -0.0035784 0)
(1.15234 -0.0111542 0)
(1.16624 -0.0203555 0)
(1.17243 -0.0143708 0)
(1.17514 -0.0248509 -3.7412e-17)
(1.17673 -0.00572134 0)
(1.16779 -0.0100772 0)
(1.17002 0.00492033 0)
(1.1632 0.00466893 0)
(1.15407 0.0106453 0)
(1.16325 0.0168987 0)
(1.13312 0.00847794 0)
(1.1555 0.0206213 0)
(1.11236 0.000992576 0)
(1.1439 0.0164455 0)
(1.09432 -0.00749323 0)
(1.12575 0.00862394 0)
(1.08223 -0.0145064 0)
(1.10653 -0.00217086 0)
(1.07641 -0.0189362 0)
(1.09262 -0.0118315 0)
(1.07541 -0.020647 0)
(1.08533 -0.0181788 0)
(1.07735 -0.0200929 0)
(1.08339 -0.0206648 0)
(1.08048 -0.0180353 0)
(1.08433 -0.0200853 0)
(1.08398 -0.0151056 0)
(1.08647 -0.0178657 0)
(1.08717 -0.0120765 0)
(1.089 -0.0147702 0)
(1.0898 -0.00934205 0)
(1.09131 -0.0116403 0)
(1.09188 -0.00704952 0)
(1.09319 -0.00889891 0)
(1.09348 -0.00521626 0)
(1.09466 -0.00666225 0)
(1.09471 -0.00379708 0)
(1.09579 -0.00490631 0)
(1.09565 -0.00272643 0)
(1.09665 -0.00356316 0)
(1.09636 -0.00193691 0)
(1.0973 -0.00255805 0)
(1.09689 -0.0013614 0)
(1.0978 -0.00181791 0)
(1.09729 -0.000942329 0)
(1.09817 -0.00127634 0)
(1.0976 -0.00063996 0)
(1.09846 -0.0008824 0)
(1.09783 -0.000425721 0)
(1.09867 -0.000600617 0)
(1.098 -0.000275712 0)
(1.09883 -0.000402057 0)
(1.09813 -0.000171594 0)
(1.09896 -0.000262894 0)
(1.09822 -0.00010036 0)
(1.09905 -0.000165992 0)
(1.0983 -5.26843e-05 0)
(1.09912 -9.93902e-05 0)
(1.09835 -2.17046e-05 0)
(1.09917 -5.4766e-05 0)
(1.09839 -2.34115e-06 0)
(1.09921 -2.56189e-05 0)
(1.09842 9.12178e-06 0)
(1.09924 -7.10084e-06 0)
(1.09844 1.52804e-05 0)
(1.09927 4.17776e-06 0)
(1.09846 1.79645e-05 0)
(1.09928 1.05437e-05 0)
(1.09847 1.84392e-05 0)
(1.0993 1.36044e-05 0)
(1.09848 1.75605e-05 0)
(1.09931 1.45121e-05 0)
(1.09848 1.59519e-05 0)
(1.09931 1.4096e-05 0)
(1.09849 1.39977e-05 0)
(1.09932 1.29532e-05 0)
(1.09849 1.19226e-05 0)
(1.09932 1.14503e-05 0)
(1.09849 9.85113e-06 0)
(1.09932 9.7665e-06 0)
(1.09849 7.83393e-06 0)
(1.09933 7.99345e-06 0)
(1.0985 5.89812e-06 0)
(1.09933 6.21101e-06 0)
(1.0985 4.06647e-06 0)
(1.09933 4.46364e-06 0)
(1.0985 2.33267e-06 0)
(1.09933 2.78916e-06 0)
(1.0985 6.75696e-07 0)
(1.09933 1.17191e-06 0)
(1.0985 -1.0277e-06 0)
(1.09933 -4.14644e-07 0)
(1.09933 -2.17141e-06 0)
(1.00367 0.0223935 0)
(1.00088 0.0094437 0)
(1.01453 0.043065 0)
(1.00624 0.0289206 0)
(1.02992 0.0586076 0)
(1.0181 0.0458694 0)
(1.04653 0.0671303 0)
(1.03336 0.0572636 0)
(1.06209 0.0689689 0)
(1.0488 0.062366 0)
(1.07533 0.0654182 0)
(1.06283 0.0619573 0)
(1.08558 0.0581261 0)
(1.07467 0.0572495 0)
(1.09275 0.0489269 0)
(1.08382 0.0498272 0)
(1.09723 0.0395226 0)
(1.09029 0.0413359 0)
(1.0998 0.0310149 0)
(1.09454 0.0331451 0)
(1.10108 0.0238347 0)
(1.09722 0.0259265 0)
(1.10155 0.0180791 0)
(1.0988 0.0199256 0)
(1.10163 0.0136761 0)
(1.09968 0.0151784 0)
(1.10154 0.0104279 0)
(1.10017 0.0115562 0)
(1.10143 0.00805924 0)
(1.10048 0.00884776 0)
(1.1014 0.00641692 0)
(1.10076 0.00683308 0)
(1.10153 0.00545231 0)
(1.1011 0.00547175 0)
(1.10194 0.00511482 0)
(1.10166 0.00466415 0)
(1.10271 0.00551349 0)
(1.1026 0.00439206 0)
(1.10396 0.00697675 0)
(1.10414 0.00484524 0)
(1.10572 0.0101038 0)
(1.10656 0.00648397 0)
(1.10776 0.0156606 0)
(1.11 0.0102029 0)
(1.10953 0.0238099 0)
(1.11421 0.0169342 0)
(1.11119 0.0284719 0)
(1.11841 0.025558 0)
(1.11686 0.0237034 0)
(1.12183 0.0244367 6.05363e-33)
(1.13097 0.0105707 0)
(1.12473 0.0114 -6.05672e-33)
(1.15442 -0.00902466 0)
(1.13881 -0.0100194 0)
(1.17769 -0.022331 0)
(1.14136 -0.0268514 0)
(1.18915 -0.0236313 -3.7412e-17)
(0.596747 0.533159 0)
(1.17347 -0.0151053 -3.7412e-17)
(0.592487 0.379183 -3.7412e-17)
(1.15504 -0.000853463 0)
(0.579497 0.272679 0)
(1.15711 0.0106626 0)
(0.575763 0.237226 0)
(1.16607 0.0163682 0)
(0.581427 0.249112 0)
(1.1646 0.0212653 0)
(0.583239 0.158122 0)
(1.15732 0.0237069 0)
(1.15077 0.0237259 0)
(1.13716 0.0152662 0)
(1.15045 0.0287819 0)
(1.11618 0.00124963 0)
(1.13584 0.0188145 0)
(1.10089 -0.0110429 0)
(1.11812 0.00345191 0)
(1.0929 -0.0183916 0)
(1.10494 -0.0101829 0)
(1.09016 -0.0208721 0)
(1.0981 -0.0179304 0)
(1.09016 -0.0201132 0)
(1.0955 -0.0200806 0)
(1.09139 -0.0177126 0)
(1.09507 -0.0190989 0)
(1.0931 -0.0144864 0)
(1.09554 -0.0164794 0)
(1.09468 -0.0113215 0)
(1.09645 -0.0132192 0)
(1.09596 -0.00860725 0)
(1.0973 -0.0101755 0)
(1.09695 -0.00642173 0)
(1.09799 -0.0076578 0)
(1.09772 -0.00472227 0)
(1.09852 -0.00567016 0)
(1.0983 -0.0034315 0)
(1.09893 -0.00414628 0)
(1.09874 -0.00246768 0)
(1.09925 -0.00300154 0)
(1.09908 -0.00175667 0)
(1.0995 -0.00215388 0)
(1.09933 -0.00123677 0)
(1.09968 -0.00153164 0)
(1.09953 -0.000860513 0)
(1.09983 -0.00107785 0)
(1.09968 -0.000591966 0)
(1.09994 -0.000750407 0)
(1.09979 -0.000402003 0)
(1.10003 -0.00051669 0)
(1.09988 -0.000267861 0)
(1.1001 -0.000350592 0)
(1.09995 -0.000173508 0)
(1.10016 -0.000233092 0)
(1.1 -0.000108081 0)
(1.1002 -0.000150779 0)
(1.10004 -6.37617e-05 0)
(1.10023 -9.42286e-05 0)
(1.10007 -3.42779e-05 0)
(1.10026 -5.58757e-05 0)
(1.10009 -1.50285e-05 0)
(1.10028 -3.02444e-05 0)
(1.10011 -2.85252e-06 0)
(1.1003 -1.3486e-05 0)
(1.10012 4.42908e-06 0)
(1.10031 -2.90423e-06 0)
(1.10013 8.35913e-06 0)
(1.10032 3.37714e-06 0)
(1.10014 1.00662e-05 0)
(1.10033 6.75734e-06 0)
(1.10015 1.03818e-05 0)
(1.10033 8.23242e-06 0)
(1.10015 9.87326e-06 0)
(1.10034 8.54144e-06 0)
(1.10016 8.88001e-06 0)
(1.10034 8.11825e-06 0)
(1.10016 7.59507e-06 0)
(1.10034 7.23619e-06 0)
(1.10016 6.13652e-06 0)
(1.10035 6.05945e-06 0)
(1.10016 4.60085e-06 0)
(1.10035 4.71765e-06 0)
(1.10016 3.05654e-06 0)
(1.10035 3.30527e-06 0)
(1.10016 1.53576e-06 0)
(1.10035 1.88325e-06 0)
(1.10016 2.06652e-08 0)
(1.10035 4.6724e-07 0)
(1.10016 -1.59081e-06 0)
(1.10035 -9.89241e-07 0)
(1.10035 -2.62032e-06 0)
(1.00256 0.0163574 0)
(1.00065 0.00688454 0)
(1.01037 0.0319349 0)
(1.00456 0.0211097 0)
(1.0222 0.0445326 0)
(1.01347 0.034042 0)
(1.0359 0.0523999 0)
(1.02571 0.0435608 0)
(1.04967 0.0552138 0)
(1.03898 0.0486005 0)
(1.06228 0.0536443 0)
(1.05186 0.0493474 0)
(1.07296 0.0488269 0)
(1.06347 0.0465704 0)
(1.08137 0.042142 0)
(1.07322 0.0414135 0)
(1.08757 0.0349022 0)
(1.08088 0.03513 0)
(1.09195 0.0280348 0)
(1.08662 0.0287667 0)
(1.09493 0.0220191 0)
(1.09079 0.022947 0)
(1.0969 0.017039 0)
(1.09374 0.0179583 0)
(1.0982 0.0130892 0)
(1.09581 0.0138803 0)
(1.0991 0.0100406 0)
(1.09728 0.0106599 0)
(1.09979 0.00772201 0)
(1.09838 0.00814923 0)
(1.10043 0.00601162 0)
(1.0993 0.00619674 0)
(1.10119 0.00482408 0)
(1.10017 0.00471616 0)
(1.10227 0.00410626 0)
(1.10123 0.00358394 0)
(1.10392 0.00392639 0)
(1.10272 0.00274274 0)
(1.10653 0.00459861 0)
(1.10506 0.00223293 0)
(1.11052 0.00689231 0)
(1.10894 0.0024963 0)
(1.11609 0.0118939 0)
(1.11463 0.00462683 0)
(1.123 0.0196199 0)
(1.12252 0.0100281 0)
(1.12833 0.0230913 6.05363e-33)
(1.12879 0.0202303 0)
(1.13186 0.0131079 -6.92591e-35)
(1.12769 0.0209078 6.05363e-33)
(1.14059 -0.00828618 -6.05672e-33)
(1.1097 0.00266858 2.5954e-18)
(1.14949 -0.0174408 0)
(1.01082 -0.0116602 0)
(1.5374 -0.00712345 0)
(0.55877 0.404293 0)
(0.839716 0 0)
(0 -0.00239201 0)
(0.405958 0 0)
(0 0.00128309 0)
(0.374725 0 0)
(0 0.00556978 0)
(0.443344 0 0)
(0 0.0125034 0)
(0.526815 0 0)
(0 0.0214265 0)
(0.864132 0.00839418 0)
(0 0.0616806 0)
(1.14448 0.0234621 0)
(0.568059 0.0911854 0)
(1.14752 0.0287183 0)
(1.13949 0.0241894 -7.67736e-18)
(1.13674 0.0198749 0)
(1.14333 0.0295898 -1.32206e-18)
(1.1216 0.00379554 0)
(1.13311 0.0185957 0)
(1.10979 -0.0102042 0)
(1.12057 0.0016283 0)
(1.10328 -0.0175443 0)
(1.11152 -0.0114241 0)
(1.10032 -0.0193666 0)
(1.10651 -0.0171214 0)
(1.09913 -0.0180856 0)
(1.10375 -0.017905 0)
(1.0989 -0.0153761 0)
(1.10219 -0.016246 0)
(1.09907 -0.0122094 0)
(1.10144 -0.0133971 0)
(1.09933 -0.0093348 0)
(1.10107 -0.0104309 0)
(1.09956 -0.00699085 0)
(1.10085 -0.00788574 0)
(1.09974 -0.00515997 0)
(1.1007 -0.00585562 0)
(1.09989 -0.0037671 0)
(1.1006 -0.00429434 0)
(1.10001 -0.00272589 0)
(1.10053 -0.00311979 0)
(1.1001 -0.0019567 0)
(1.10049 -0.0022489 0)
(1.10018 -0.00139299 0)
(1.10047 -0.0016091 0)
(1.10025 -0.000982778 0)
(1.10046 -0.00114224 0)
(1.1003 -0.000686623 0)
(1.10046 -0.000804037 0)
(1.10034 -0.000474419 0)
(1.10047 -0.000560907 0)
(1.10038 -0.000323285 0)
(1.10048 -0.000387032 0)
(1.10041 -0.000216502 0)
(1.10049 -0.000263253 0)
(1.10044 -0.000142007 0)
(1.1005 -0.000175855 0)
(1.10046 -9.05486e-05 0)
(1.10051 -0.000114917 0)
(1.10047 -5.52682e-05 0)
(1.10052 -7.27342e-05 0)
(1.10049 -3.14277e-05 0)
(1.10053 -4.39075e-05 0)
(1.1005 -1.56511e-05 0)
(1.10054 -2.45688e-05 0)
(1.10051 -5.58109e-06 0)
(1.10055 -1.19122e-05 0)
(1.10051 5.14754e-07 0)
(1.10056 -3.89347e-06 0)
(1.10052 3.94331e-06 0)
(1.10056 9.0279e-07 0)
(1.10053 5.62973e-06 0)
(1.10056 3.57072e-06 0)
(1.10053 6.19709e-06 0)
(1.10057 4.86038e-06 0)
(1.10053 6.02709e-06 0)
(1.10057 5.21293e-06 0)
(1.10053 5.36522e-06 0)
(1.10057 4.91933e-06 0)
(1.10054 4.39114e-06 0)
(1.10058 4.21152e-06 0)
(1.10054 3.23728e-06 0)
(1.10058 3.24933e-06 0)
(1.10054 1.99664e-06 0)
(1.10058 2.15373e-06 0)
(1.10054 7.1976e-07 0)
(1.10058 9.91726e-07 0)
(1.10054 -6.03977e-07 0)
(1.10058 -2.00029e-07 0)
(1.10054 -2.05198e-06 0)
(1.10058 -1.4718e-06 0)
(1.10058 -2.91036e-06 0)
(1.00196 0.0118722 0)
(1.00051 0.00492723 0)
(1.00796 0.0233693 0)
(1.0036 0.0151024 0)
(1.01742 0.0331052 0)
(1.01071 0.0245845 0)
(1.02901 0.0397232 0)
(1.02087 0.0319701 0)
(1.04129 0.042663 0)
(1.03251 0.0363188 0)
(1.05315 0.0421921 0)
(1.04439 0.0374899 0)
(1.0638 0.0390786 0)
(1.0556 0.0359266 0)
(1.07277 0.0343371 0)
(1.06551 0.0324414 0)
(1.07994 0.0289527 0)
(1.07379 0.0279538 0)
(1.08547 0.0236601 0)
(1.08042 0.0232411 0)
(1.08961 0.0188867 0)
(1.08556 0.0188074 0)
(1.09266 0.0148226 0)
(1.08947 0.0149123 0)
(1.09489 0.0114983 0)
(1.0924 0.0116452 0)
(1.09657 0.00883784 0)
(1.0946 0.00898291 0)
(1.09789 0.00671847 0)
(1.0963 0.00682384 0)
(1.09904 0.0050249 0)
(1.09767 0.00505043 0)
(1.10021 0.00363302 0)
(1.09886 0.00354479 0)
(1.10167 0.00241834 0)
(1.10012 0.002128 0)
(1.10379 0.00128912 0)
(1.10169 0.000616141 0)
(1.10725 0.000383225 0)
(1.10408 -0.00122577 0)
(1.11281 0.000429077 0)
(1.10809 -0.003063 0)
(1.12087 0.00323877 0)
(1.11369 -0.00342809 0)
(1.12969 0.0122672 0)
(1.12225 0.00121135 0)
(1.13186 0.0220998 0)
(1.1222 0.0180577 0)
(1.12402 0.0162931 2.5954e-18)
(1.11599 0.0287495 8.01594e-34)
(1.12187 0.00995538 2.5954e-18)
(1.08507 0.00891693 2.40209e-17)
(1.30743 0.00631986 0)
(0.442859 0.289393 0)
(0.369907 0 0)
(0 -0.00110137 0)
(0.0146209 0 0)
(0 -5.08794e-05 0)
(0.0207089 0 0)
(0 -0.000145517 0)
(0.0477256 0 0)
(0 0.00210938 0)
(0.0990379 0 0)
(0 0.005957 0)
(0.200222 0 0)
(0 0.00580318 0)
(0.44676 0 0)
(0 0.011996 0)
(0.877973 0.00684306 -7.67736e-18)
(0 0.0388907 0)
(1.13287 0.0210381 -8.99942e-18)
(0.563652 0.0685613 -7.67736e-18)
(1.13738 0.0258974 -1.32206e-18)
(1.13331 0.0238948 -1.32206e-18)
(1.13144 0.0152953 0)
(1.13543 0.0245395 0)
(1.12218 -0.000337528 0)
(1.12843 0.0108869 0)
(1.11481 -0.0115062 0)
(1.12114 -0.00405175 0)
(1.10991 -0.0160314 0)
(1.11584 -0.0122181 0)
(1.10679 -0.016337 0)
(1.11164 -0.0147935 0)
(1.10478 -0.0144714 0)
(1.10855 -0.0142328 0)
(1.10348 -0.0117587 0)
(1.10628 -0.0120996 0)
(1.10262 -0.00908812 0)
(1.10469 -0.00956532 0)
(1.10201 -0.00683426 0)
(1.10354 -0.00727704 0)
(1.10157 -0.00505458 0)
(1.10269 -0.00541677 0)
(1.10125 -0.00369662 0)
(1.10207 -0.00397741 0)
(1.10103 -0.00268102 0)
(1.10162 -0.00289337 0)
(1.10087 -0.00193085 0)
(1.1013 -0.00208979 0)
(1.10076 -0.00138118 0)
(1.10107 -0.00149971 0)
(1.10069 -0.000981006 0)
(1.10091 -0.00106925 0)
(1.10064 -0.000691508 0)
(1.1008 -0.000757027 0)
(1.10061 -0.000483267 0)
(1.10073 -0.000531915 0)
(1.10059 -0.000334202 0)
(1.10068 -0.000370378 0)
(1.10059 -0.000228043 0)
(1.10064 -0.000255019 0)
(1.10058 -0.000152984 0)
(1.10063 -0.000173117 0)
(1.10058 -0.00010042 0)
(1.10061 -0.000115471 0)
(1.10059 -6.39986e-05 0)
(1.10061 -7.5219e-05 0)
(1.10059 -3.9147e-05 0)
(1.10061 -4.74095e-05 0)
(1.10059 -2.25234e-05 0)
(1.10061 -2.85289e-05 0)
(1.1006 -1.15809e-05 0)
(1.10061 -1.59384e-05 0)
(1.1006 -4.57024e-06 0)
(1.10061 -7.71006e-06 0)
(1.1006 -2.98155e-07 0)
(1.10061 -2.55446e-06 0)
(1.10061 2.1576e-06 0)
(1.10061 5.06037e-07 0)
(1.10061 3.37859e-06 0)
(1.10062 2.21138e-06 0)
(1.10061 3.72231e-06 0)
(1.10062 2.96184e-06 0)
(1.10061 3.47084e-06 0)
(1.10062 3.01212e-06 0)
(1.10062 2.84295e-06 0)
(1.10062 2.61265e-06 0)
(1.10062 1.99333e-06 0)
(1.10062 1.93976e-06 0)
(1.10062 1.02037e-06 0)
(1.10063 1.11468e-06 0)
(1.10062 -1.96937e-08 0)
(1.10063 2.01604e-07 0)
(1.10062 -1.12662e-06 0)
(1.10063 -7.62725e-07 0)
(1.10062 -2.36099e-06 0)
(1.10063 -1.81416e-06 0)
(1.10063 -3.01252e-06 0)
(1.0016 0.00830226 0)
(1.00044 0.00332235 0)
(1.00654 0.0164264 0)
(1.00304 0.0101717 0)
(1.01446 0.0234929 0)
(1.00906 0.0166636 0)
(1.02455 0.0285552 0)
(1.01786 0.0218773 0)
(1.03572 0.031106 0)
(1.02834 0.0251489 0)
(1.04693 0.031176 0)
(1.03944 0.026277 0)
(1.05739 0.0292415 0)
(1.05028 0.0254678 0)
(1.06659 0.0260171 0)
(1.06019 0.0232426 0)
(1.0743 0.0222148 0)
(1.06877 0.0202418 0)
(1.08054 0.0183774 0)
(1.07591 0.0170069 0)
(1.08544 0.0148388 0)
(1.08167 0.0139008 0)
(1.08923 0.0117589 0)
(1.08621 0.0111209 0)
(1.09214 0.00917439 0)
(1.08974 0.00874134 0)
(1.09437 0.00703748 0)
(1.09245 0.00675134 0)
(1.09611 0.0052533 0)
(1.09454 0.00508038 0)
(1.09753 0.00370361 0)
(1.09615 0.00362907 0)
(1.09881 0.00221861 0)
(1.09742 0.00226697 0)
(1.10017 0.000555202 0)
(1.0985 0.000771482 0)
(1.10197 -0.00164531 0)
(1.09952 -0.00118113 0)
(1.10473 -0.00430586 0)
(1.10083 -0.00399283 0)
(1.10901 -0.00633174 0)
(1.10278 -0.00734007 0)
(1.11506 -0.00508496 0)
(1.10615 -0.00947785 0)
(1.12223 0.00632054 0)
(1.1097 -0.00594963 0)
(1.12138 0.0259903 8.01594e-34)
(1.09445 0.0189068 0)
(1.10868 0.0246332 2.14255e-17)
(1.08635 0.0414487 8.01594e-34)
(1.63497 0.00655493 2.14255e-17)
(1.04519 0.0168641 2.14255e-17)
(0.517089 0 0)
(0 0.0166655 0)
(0.0109418 0 0)
(0 -3.98689e-05 0)
(0.0110241 0 0)
(0 0 0)
(0.0115315 0 0)
(0 3.3557e-08 0)
(0.0256056 0 0)
(0 0.00387716 0)
(0.0444434 0 0)
(0 0.00312755 0)
(0.0955234 0 0)
(0 0.00425558 0)
(0.233529 0 0)
(0 0.00614508 0)
(0.449679 0 0)
(0 0.0154628 0)
(0.876221 0.00806577 0)
(0 0.0159871 0)
(1.12781 0.0202805 0)
(1.12006 0.013551 0)
(1.13054 0.0190959 0)
(1.12998 0.0218159 0)
(1.12768 0.00643755 0)
(1.12864 0.013744 0)
(1.12259 -0.00531389 0)
(1.12607 0.00104107 0)
(1.11764 -0.0113751 0)
(1.12231 -0.00727045 0)
(1.11347 -0.0129733 0)
(1.11801 -0.01062 0)
(1.11013 -0.0120608 0)
(1.11386 -0.0108986 0)
(1.10758 -0.0100494 0)
(1.11049 -0.0095517 0)
(1.10568 -0.00785837 0)
(1.10787 -0.0076604 0)
(1.10427 -0.00593642 0)
(1.1059 -0.0058666 0)
(1.10323 -0.00439762 0)
(1.10442 -0.00437788 0)
(1.10247 -0.00321819 0)
(1.10334 -0.0032172 0)
(1.10192 -0.00233572 0)
(1.10254 -0.00234134 0)
(1.10152 -0.00168441 0)
(1.10197 -0.00169224 0)
(1.10124 -0.00120758 0)
(1.10156 -0.00121599 0)
(1.10104 -0.000860551 0)
(1.10127 -0.000868814 0)
(1.1009 -0.000609275 0)
(1.10106 -0.000616984 0)
(1.1008 -0.000428214 0)
(1.10092 -0.000435219 0)
(1.10073 -0.000298312 0)
(1.10082 -0.000304586 0)
(1.10069 -0.000205557 0)
(1.10075 -0.000211107 0)
(1.10066 -0.000139721 0)
(1.1007 -0.000144537 0)
(1.10064 -9.33446e-05 0)
(1.10067 -9.74471e-05 0)
(1.10063 -6.09469e-05 0)
(1.10065 -6.44103e-05 0)
(1.10063 -3.85741e-05 0)
(1.10064 -4.14635e-05 0)
(1.10062 -2.33459e-05 0)
(1.10063 -2.57662e-05 0)
(1.10062 -1.31774e-05 0)
(1.10063 -1.51818e-05 0)
(1.10062 -6.57008e-06 0)
(1.10063 -8.19138e-06 0)
(1.10062 -2.43799e-06 0)
(1.10063 -3.70472e-06 0)
(1.10063 2.62844e-08 0)
(1.10063 -9.71417e-07 0)
(1.10063 1.38199e-06 0)
(1.10063 6.09894e-07 0)
(1.10063 1.93194e-06 0)
(1.10063 1.3795e-06 0)
(1.10063 1.90839e-06 0)
(1.10063 1.5464e-06 0)
(1.10063 1.52295e-06 0)
(1.10063 1.31099e-06 0)
(1.10063 9.23196e-07 0)
(1.10063 8.3814e-07 0)
(1.10063 1.97569e-07 0)
(1.10063 2.31585e-07 0)
(1.10063 -6.08972e-07 0)
(1.10063 -4.54299e-07 0)
(1.10063 -1.49549e-06 0)
(1.10064 -1.19658e-06 0)
(1.10063 -2.4917e-06 0)
(1.10064 -2.00567e-06 0)
(1.10064 -2.93841e-06 0)
(1.0014 0.00527958 0)
(1.00039 0.00192166 0)
(1.00569 0.0104787 0)
(1.00271 0.00587951 0)
(1.01269 0.0150825 0)
(1.00812 0.00967049 0)
(1.02179 0.0184764 0)
(1.01612 0.0127717 0)
(1.03216 0.0203045 0)
(1.02584 0.0147822 0)
(1.04288 0.020539 0)
(1.0364 0.0155581 0)
(1.05315 0.0194373 0)
(1.04698 0.0151909 0)
(1.06244 0.0174417 0)
(1.05683 0.0139605 0)
(1.07044 0.0150171 0)
(1.06557 0.012239 0)
(1.0771 0.0125244 0)
(1.07299 0.0103506 0)
(1.08248 0.0101893 0)
(1.07911 0.00851333 0)
(1.08676 0.00812398 0)
(1.08404 0.00684853 0)
(1.09009 0.00635678 0)
(1.08792 0.00540344 0)
(1.09267 0.00485644 0)
(1.09094 0.0041729 0)
(1.09464 0.00355111 0)
(1.09325 0.00311215 0)
(1.09612 0.00233382 0)
(1.09496 0.0021493 0)
(1.09722 0.00102489 0)
(1.09613 0.00117071 0)
(1.09799 -0.000682418 0)
(1.0968 -1.08077e-06 0)
(1.09843 -0.00325036 0)
(1.09691 -0.00161881 0)
(1.09888 -0.00683031 0)
(1.09625 -0.00444199 0)
(1.09991 -0.0105286 0)
(1.09436 -0.00837105 0)
(1.10188 -0.00969758 0)
(1.09143 -0.0114465 0)
(1.10073 0.00516679 0)
(1.08005 -0.00479504 0)
(1.10358 0.0272731 0)
(1.06478 0.0160551 0)
(1.10691 0.0336287 0)
(1.01728 0.0381129 2.24466e-48)
(1.14364 0.0151129 0)
(0.505295 0.290097 0)
(0.222418 0 0)
(0 0.00589698 0)
(0.010897 0 0)
(0 0 0)
(0.010478 0 0)
(0 0 0)
(0.0125562 0 0)
(0 0 0)
(0.0121875 0 0)
(0 -4.08267e-05 0)
(0.0273728 0 0)
(0 -0.000500808 0)
(0.060729 0 0)
(0 -0.000251681 0)
(0.13422 0 0)
(0 0.0053733 0)
(0.268037 0 0)
(0 -0.000430736 0)
(0.66678 0.0026076 0)
(0 -1.61696e-05 0)
(1.11538 0.0111008 0)
(0.557246 0.0331837 0)
(1.12433 0.0148102 0)
(1.12495 0.0128629 0)
(1.12781 0.00742771 0)
(1.12666 0.010268 0)
(1.12657 -0.00152025 0)
(1.12775 0.00228212 0)
(1.12289 -0.00689347 0)
(1.12601 -0.003588 0)
(1.11851 -0.00878841 0)
(1.12231 -0.00624775 0)
(1.11437 -0.00856194 0)
(1.11765 -0.00675895 0)
(1.11091 -0.00729247 0)
(1.11356 -0.00608667 0)
(1.10818 -0.0057592 0)
(1.11023 -0.00493395 0)
(1.10611 -0.00437302 0)
(1.10765 -0.00379897 0)
(1.10458 -0.00324518 0)
(1.1057 -0.00284131 0)
(1.10345 -0.00237587 0)
(1.10427 -0.0020898 0)
(1.10263 -0.00172456 0)
(1.10322 -0.00152113 0)
(1.10204 -0.0012441 0)
(1.10246 -0.00109958 0)
(1.10161 -0.000892693 0)
(1.10192 -0.000790443 0)
(1.10131 -0.000637108 0)
(1.10153 -0.000565188 0)
(1.10109 -0.000452063 0)
(1.10125 -0.000401866 0)
(1.10094 -0.000318648 0)
(1.10105 -0.000283957 0)
(1.10084 -0.000222835 0)
(1.10091 -0.000199184 0)
(1.10076 -0.000154306 0)
(1.10082 -0.000138455 0)
(1.10071 -0.000105539 0)
(1.10075 -9.51403e-05 0)
(1.10068 -7.10666e-05 0)
(1.10071 -6.44231e-05 0)
(1.10066 -4.69142e-05 0)
(1.10068 -4.28303e-05 0)
(1.10065 -3.01842e-05 0)
(1.10066 -2.78227e-05 0)
(1.10064 -1.87551e-05 0)
(1.10064 -1.75295e-05 0)
(1.10063 -1.10647e-05 0)
(1.10064 -1.05772e-05 0)
(1.10063 -5.99199e-06 0)
(1.10063 -5.94924e-06 0)
(1.10063 -2.75756e-06 0)
(1.10063 -2.96034e-06 0)
(1.10063 -7.99764e-07 0)
(1.10063 -1.12893e-06 0)
(1.10063 2.79981e-07 0)
(1.10063 -9.8488e-08 0)
(1.10063 7.34437e-07 0)
(1.10063 3.87925e-07 0)
(1.10063 7.46782e-07 0)
(1.10063 4.60811e-07 0)
(1.10063 4.73515e-07 0)
(1.10063 2.65273e-07 0)
(1.10064 3.23065e-08 0)
(1.10063 -8.11043e-08 0)
(1.10064 -5.03986e-07 0)
(1.10064 -5.14689e-07 0)
(1.10064 -1.09749e-06 0)
(1.10064 -9.96606e-07 0)
(1.10064 -1.73518e-06 0)
(1.10064 -1.50515e-06 0)
(1.10064 -2.45931e-06 0)
(1.10064 -2.06936e-06 0)
(1.10064 -2.73344e-06 0)
(1.00128 0.00257041 0)
(1.00037 0.000637261 0)
(1.00523 0.00511123 0)
(1.00253 0.00193073 0)
(1.01173 0.00738212 0)
(1.00766 0.00317844 0)
(1.02029 0.00908298 0)
(1.0153 0.00421101 0)
(1.03018 0.0100286 0)
(1.02468 0.00488463 0)
(1.04059 0.0101949 0)
(1.03496 0.00515383 0)
(1.05073 0.00969678 0)
(1.04539 0.00504721 0)
(1.06004 0.00874345 0)
(1.05521 0.00465266 0)
(1.06819 0.0075634 0)
(1.06401 0.00409083 0)
(1.07507 0.00633684 0)
(1.07156 0.00346977 0)
(1.08072 0.00517731 0)
(1.07785 0.0028621 0)
(1.08526 0.00414184 0)
(1.08295 0.00230851 0)
(1.08884 0.00324528 0)
(1.08701 0.00182499 0)
(1.0916 0.00247116 0)
(1.09017 0.00141007 0)
(1.09367 0.00177897 0)
(1.09257 0.00104835 0)
(1.0951 0.00109897 0)
(1.0943 0.000714339 0)
(1.09591 0.000333446 0)
(1.09539 0.000358553 0)
(1.09598 -0.000719028 0)
(1.09572 -6.67308e-05 0)
(1.09503 -0.00235834 0)
(1.09522 -0.000668451 0)
(1.09224 -0.00482527 0)
(1.0932 -0.00164749 0)
(1.08678 -0.00694273 0)
(1.08891 -0.00291763 0)
(1.07883 -0.00459165 0)
(1.08054 -0.00349068 0)
(1.07397 0.00857169 0)
(1.05986 6.4166e-05 0)
(1.08134 0.0219474 2.24466e-48)
(1.06065 0.00868591 0)
(1.74797 0.0125829 -1.90127e-32)
(0.993685 0.0102537 2.24466e-48)
(0.485235 0 0)
(0 0.0143231 0)
(0.0108381 0 0)
(0 0 0)
(0.0108573 0 0)
(0 0 0)
(0.0107327 0 0)
(0 0 0)
(0.0114181 0 0)
(0 0 0)
(0.0108266 0 0)
(0 -1.50173e-06 0)
(0.0220213 0 0)
(0 -8.38714e-05 0)
(0.0538174 0 0)
(0 0.00323312 0)
(0.0979966 0 0)
(0 -0.000164256 0)
(0.219564 0 0)
(0 -3.08789e-05 0)
(0.551763 0 0)
(0 0.013441 0)
(0.872427 0.00412372 0)
(0 0.00210455 0)
(1.12082 0.00776031 0)
(1.12264 0.00448625 0)
(1.12726 0.00468529 0)
(1.12547 0.00383043 0)
(1.12841 -9.24608e-06 0)
(1.12799 0.00112464 0)
(1.12581 -0.00313249 0)
(1.12749 -0.000988847 0)
(1.12156 -0.00437824 0)
(1.12439 -0.00198886 0)
(1.11705 -0.00440272 0)
(1.11961 -0.00225748 0)
(1.11304 -0.00381281 0)
(1.11515 -0.00207443 0)
(1.1098 -0.00303618 0)
(1.11147 -0.00169651 0)
(1.10732 -0.00231238 0)
(1.10857 -0.00131097 0)
(1.10546 -0.00171852 0)
(1.10638 -0.000981415 0)
(1.10409 -0.00125891 0)
(1.10476 -0.000722044 0)
(1.10309 -0.00091378 0)
(1.10358 -0.000525289 0)
(1.10237 -0.000659118 0)
(1.10272 -0.000379388 0)
(1.10185 -0.000472913 0)
(1.10211 -0.00027242 0)
(1.10148 -0.000337542 0)
(1.10166 -0.000194492 0)
(1.10122 -0.000239579 0)
(1.10135 -0.000138045 0)
(1.10103 -0.000168966 0)
(1.10112 -9.7351e-05 0)
(1.1009 -0.000118249 0)
(1.10096 -6.8123e-05 0)
(1.10081 -8.19516e-05 0)
(1.10085 -4.71973e-05 0)
(1.10075 -5.60947e-05 0)
(1.10078 -3.22662e-05 0)
(1.10071 -3.78006e-05 0)
(1.10072 -2.16821e-05 0)
(1.10068 -2.49967e-05 0)
(1.10069 -1.42739e-05 0)
(1.10066 -1.61472e-05 0)
(1.10067 -9.18791e-06 0)
(1.10065 -1.0115e-05 0)
(1.10065 -5.74234e-06 0)
(1.10064 -6.05646e-06 0)
(1.10064 -3.45585e-06 0)
(1.10063 -3.38033e-06 0)
(1.10064 -1.93938e-06 0)
(1.10063 -1.68825e-06 0)
(1.10063 -9.91882e-07 0)
(1.10063 -7.02287e-07 0)
(1.10063 -4.44492e-07 0)
(1.10063 -2.04297e-07 0)
(1.10063 -2.2006e-07 0)
(1.10063 -4.73543e-08 0)
(1.10063 -2.1286e-07 0)
(1.10063 -1.42284e-07 0)
(1.10063 -3.60228e-07 0)
(1.10063 -3.82446e-07 0)
(1.10063 -5.95331e-07 0)
(1.10064 -6.99862e-07 0)
(1.10063 -8.65924e-07 0)
(1.10064 -1.06183e-06 0)
(1.10064 -1.14995e-06 0)
(1.10064 -1.44669e-06 0)
(1.10064 -1.4402e-06 0)
(1.10064 -1.87108e-06 0)
(1.10064 -1.73618e-06 0)
(1.10064 -2.36254e-06 0)
(1.10064 -2.06971e-06 0)
(1.10064 -2.42881e-06 0)
(1.00124 1.64698e-05 0)
(1.00036 -0.000601679 0)
(1.00507 1.5939e-05 0)
(1.00253 -0.00189927 0)
(1.01139 1.40615e-05 0)
(1.00766 -0.00314722 0)
(1.01979 1.02541e-05 0)
(1.0153 -0.00418619 0)
(1.02955 5.56843e-06 0)
(1.02468 -0.00486852 0)
(1.03985 1.0672e-06 0)
(1.03496 -0.00514744 0)
(1.04994 -2.42708e-06 0)
(1.04539 -0.00504905 0)
(1.05926 -4.66079e-06 0)
(1.05521 -0.00466028 0)
(1.06745 -5.7041e-06 0)
(1.06401 -0.00410164 0)
(1.0744 -5.75956e-06 0)
(1.07156 -0.0034816 0)
(1.08013 -5.00599e-06 0)
(1.07785 -0.00287317 0)
(1.08476 -3.61696e-06 0)
(1.08295 -0.00231739 0)
(1.08842 -1.68829e-06 0)
(1.08701 -0.00183056 0)
(1.09124 7.16583e-07 0)
(1.09017 -0.00141141 0)
(1.09333 3.77742e-06 0)
(1.09258 -0.00104444 0)
(1.09475 7.97863e-06 0)
(1.0943 -0.00070399 0)
(1.09545 1.31892e-05 0)
(1.0954 -0.000338694 0)
(1.09528 1.9812e-05 0)
(1.09573 9.64177e-05 0)
(1.0939 3.18195e-05 0)
(1.09524 0.000720342 0)
(1.09053 2.8075e-05 0)
(1.09322 0.00172411 0)
(1.08462 -3.56181e-06 0)
(1.08895 0.00299083 0)
(1.07759 7.80082e-06 0)
(1.08056 0.00353561 0)
(1.07766 1.23613e-05 0)
(1.05988 -2.46147e-06 0)
(1.09523 -0.000125123 0)
(1.06027 -0.00888766 0)
(1.67674 -0.00011803 0)
(0.99364 -0.0107172 0)
(0.432046 0 0)
(0 -0.0146066 0)
(0.0108383 0 0)
(0 0 0)
(0.0108552 0 0)
(0 0 0)
(0.0107409 0 0)
(0 0 0)
(0.011421 0 0)
(0 0 0)
(0.00991135 0 0)
(0 1.50056e-06 0)
(0.0246619 0 0)
(0 8.40597e-05 0)
(0.0399074 0 0)
(0 -0.00323186 0)
(0.0858921 0 0)
(0 0.000166002 0)
(0.217703 0 0)
(0 8.20726e-05 0)
(0.41016 0 0)
(0 -0.0167904 0)
(0.839639 -3.77758e-05 0)
(0 -0.00223173 0)
(1.1187 -6.01146e-05 0)
(1.1226 -0.00462436 0)
(1.12642 -1.43518e-05 0)
(1.12538 -0.00389724 0)
(1.12863 3.24852e-05 0)
(1.12785 -0.00108377 0)
(1.12657 4.96616e-05 0)
(1.1274 0.00106949 0)
(1.12252 4.29973e-05 0)
(1.12433 0.00206703 0)
(1.11794 2.80433e-05 0)
(1.11957 0.00231647 0)
(1.11376 1.40085e-05 0)
(1.11513 0.00210664 0)
(1.11036 5.90045e-06 0)
(1.11146 0.00170862 0)
(1.10773 4.08459e-06 0)
(1.10857 0.00131869 0)
(1.10576 3.75763e-06 0)
(1.10638 0.000988437 0)
(1.10431 3.36374e-06 0)
(1.10476 0.000728336 0)
(1.10325 3.0143e-06 0)
(1.10358 0.000531061 0)
(1.10249 2.73128e-06 0)
(1.10272 0.000384745 0)
(1.10194 2.53004e-06 0)
(1.1021 0.000277458 0)
(1.10154 2.35716e-06 0)
(1.10166 0.000199301 0)
(1.10126 2.1581e-06 0)
(1.10135 0.000142538 0)
(1.10106 1.9385e-06 0)
(1.10112 0.000101436 0)
(1.10092 1.72954e-06 0)
(1.10096 7.17779e-05 0)
(1.10083 1.55903e-06 0)
(1.10085 5.04725e-05 0)
(1.10076 1.41828e-06 0)
(1.10078 3.52576e-05 0)
(1.10071 1.26906e-06 0)
(1.10072 2.44014e-05 0)
(1.10068 1.08192e-06 0)
(1.10069 1.66705e-05 0)
(1.10066 8.61451e-07 0)
(1.10067 1.11533e-05 0)
(1.10065 6.37907e-07 0)
(1.10065 7.25631e-06 0)
(1.10064 4.40644e-07 0)
(1.10064 4.52874e-06 0)
(1.10064 2.70503e-07 0)
(1.10064 2.66934e-06 0)
(1.10063 9.91117e-08 0)
(1.10063 1.38611e-06 0)
(1.10063 -8.88603e-08 0)
(1.10063 4.96208e-07 0)
(1.10063 -3.19632e-07 0)
(1.10063 -1.57121e-07 0)
(1.10063 -5.9127e-07 0)
(1.10063 -6.77802e-07 0)
(1.10063 -8.65489e-07 0)
(1.10063 -1.08825e-06 0)
(1.10063 -1.12041e-06 0)
(1.10063 -1.38698e-06 0)
(1.10064 -1.34751e-06 0)
(1.10063 -1.59409e-06 0)
(1.10064 -1.55239e-06 0)
(1.10064 -1.73632e-06 0)
(1.10064 -1.7471e-06 0)
(1.10064 -1.83749e-06 0)
(1.10064 -1.9446e-06 0)
(1.10064 -1.9288e-06 0)
(1.10064 -2.14105e-06 0)
(1.10064 -2.00915e-06 0)
(1.10064 -2.0365e-06 0)
(1.00128 -0.00253715 0)
(1.00038 -0.00187895 0)
(1.00523 -0.0050807 0)
(1.00271 -0.00585549 0)
(1.01173 -0.00735418 0)
(1.00812 -0.00964051 0)
(1.02029 -0.00906258 0)
(1.01612 -0.012748 0)
(1.03019 -0.0100173 0)
(1.02585 -0.0147663 0)
(1.04059 -0.0101926 0)
(1.0364 -0.0155517 0)
(1.05073 -0.00970151 0)
(1.04698 -0.0151926 0)
(1.06004 -0.00875267 0)
(1.05684 -0.0139678 0)
(1.06819 -0.00757475 0)
(1.06557 -0.0122496 0)
(1.07507 -0.00634833 0)
(1.073 -0.0103623 0)
(1.08072 -0.00518739 0)
(1.07912 -0.00852435 0)
(1.08526 -0.00414922 0)
(1.08404 -0.00685754 0)
(1.08884 -0.00324904 0)
(1.08793 -0.00540943 0)
(1.0916 -0.0024703 0)
(1.09095 -0.00417504 0)
(1.09367 -0.00177266 0)
(1.09325 -0.00310972 0)
(1.09511 -0.00108541 0)
(1.09496 -0.00214141 0)
(1.09593 -0.000310989 0)
(1.09615 -0.00115605 0)
(1.096 0.000753923 0)
(1.09682 2.34309e-05 0)
(1.09507 0.00241355 0)
(1.09695 0.00165442 0)
(1.0923 0.00491903 0)
(1.0963 0.00449383 0)
(1.08685 0.00707203 0)
(1.09446 0.00844058 0)
(1.07883 0.00472294 0)
(1.09155 0.0115524 0)
(1.07379 -0.008565 0)
(1.08025 0.00504195 0)
(1.08076 -0.0220417 0)
(1.06451 -0.0158546 0)
(1.74727 -0.0126219 0)
(1.01971 -0.0390559 0)
(0.48547 0 0)
(0.506552 -0.29334 0)
(0.0108381 0 0)
(0 -0.00612156 0)
(0.0108573 0 0)
(0 0 0)
(0.0107328 0 0)
(0 0 0)
(0.0114182 0 0)
(0 0 0)
(0.0108273 0 0)
(0 4.0853e-05 0)
(0.0220204 0 0)
(0 0.000501013 0)
(0.0537571 0 0)
(0 0.00025204 0)
(0.0973689 0 0)
(0 -0.00536276 0)
(0.216562 0 0)
(0 0.000472101 0)
(0.551023 0 0)
(0 0.000155089 0)
(0.872367 -0.00415907 0)
(0.557247 -0.0332005 0)
(1.12069 -0.00780708 0)
(1.12486 -0.0128383 0)
(1.12702 -0.0046688 0)
(1.12651 -0.0102344 0)
(1.12819 6.80175e-05 0)
(1.12755 -0.00225411 0)
(1.12566 0.00319113 0)
(1.12588 0.00360354 0)
(1.12146 0.00442703 0)
(1.12221 0.00626441 0)
(1.117 0.0044336 0)
(1.1176 0.00677536 0)
(1.11301 0.00382599 0)
(1.11354 0.00609399 0)
(1.10979 0.00304244 0)
(1.11021 0.00493447 0)
(1.10731 0.00231804 0)
(1.10764 0.00380132 0)
(1.10545 0.00172383 0)
(1.1057 0.00284471 0)
(1.10408 0.00126397 0)
(1.10426 0.00209383 0)
(1.10309 0.000918719 0)
(1.10322 0.00152549 0)
(1.10237 0.000663929 0)
(1.10246 0.00110407 0)
(1.10185 0.000477592 0)
(1.10192 0.000794951 0)
(1.10148 0.000342033 0)
(1.10152 0.000569651 0)
(1.10122 0.000243762 0)
(1.10125 0.000406127 0)
(1.10103 0.000172767 0)
(1.10105 0.000287907 0)
(1.1009 0.000121665 0)
(1.10091 0.000202752 0)
(1.10081 8.50404e-05 0)
(1.10082 0.000141683 0)
(1.10075 5.88994e-05 0)
(1.10075 9.80742e-05 0)
(1.1007 4.03026e-05 0)
(1.10071 6.70778e-05 0)
(1.10068 2.71205e-05 0)
(1.10068 4.51405e-05 0)
(1.10066 1.78356e-05 0)
(1.10066 2.97158e-05 0)
(1.10065 1.13637e-05 0)
(1.10064 1.89782e-05 0)
(1.10064 6.91571e-06 0)
(1.10064 1.16092e-05 0)
(1.10063 3.90021e-06 0)
(1.10063 6.62757e-06 0)
(1.10063 1.87375e-06 0)
(1.10063 3.30899e-06 0)
(1.10063 4.99579e-07 0)
(1.10063 1.12561e-06 0)
(1.10063 -4.69688e-07 0)
(1.10063 -3.34458e-07 0)
(1.10063 -1.14942e-06 0)
(1.10063 -1.3155e-06 0)
(1.10063 -1.5926e-06 0)
(1.10063 -1.91689e-06 0)
(1.10063 -1.85207e-06 0)
(1.10063 -2.2377e-06 0)
(1.10064 -1.98044e-06 0)
(1.10063 -2.34755e-06 0)
(1.10064 -2.02034e-06 0)
(1.10064 -2.33315e-06 0)
(1.10064 -2.01659e-06 0)
(1.10064 -2.23627e-06 0)
(1.10064 -1.98778e-06 0)
(1.10064 -2.1083e-06 0)
(1.10064 -1.89701e-06 0)
(1.10064 -1.93638e-06 0)
(1.10064 -1.65161e-06 0)
(1.00139 -0.00524614 0)
(1.00043 -0.00327325 0)
(1.00569 -0.0104555 0)
(1.00304 -0.0101553 0)
(1.01269 -0.0150569 0)
(1.00907 -0.0166356 0)
(1.0218 -0.0184574 0)
(1.01786 -0.0218551 0)
(1.03216 -0.0202936 0)
(1.02834 -0.0251337 0)
(1.04288 -0.0205367 0)
(1.03945 -0.0262707 0)
(1.05316 -0.0194418 0)
(1.05029 -0.0254693 0)
(1.06244 -0.0174506 0)
(1.06019 -0.0232497 0)
(1.07044 -0.0150282 0)
(1.06878 -0.020252 0)
(1.0771 -0.0125357 0)
(1.07592 -0.0170183 0)
(1.08249 -0.0101994 0)
(1.08168 -0.0139116 0)
(1.08676 -0.00813178 0)
(1.08622 -0.01113 0)
(1.0901 -0.00636137 0)
(1.08974 -0.00874803 0)
(1.09268 -0.00485727 0)
(1.09245 -0.00675469 0)
(1.09465 -0.00354742 0)
(1.09454 -0.00508053 0)
(1.09613 -0.00232497 0)
(1.09616 -0.00362476 0)
(1.09724 -0.00101008 0)
(1.09743 -0.00225855 0)
(1.09802 0.000705192 0)
(1.09853 -0.000758205 0)
(1.09847 0.00328135 0)
(1.09956 0.00120008 0)
(1.09895 0.00685628 0)
(1.10088 0.00401445 0)
(1.10005 0.0105614 0)
(1.10289 0.00734355 0)
(1.10212 0.00979427 0)
(1.10633 0.00947884 0)
(1.10118 -0.00515299 0)
(1.11001 0.00598692 0)
(1.10429 -0.0283405 0)
(1.09466 -0.0189631 0)
(1.10739 -0.0351087 0)
(1.08918 -0.0421559 0)
(1.14837 -0.0155843 0)
(1.04656 -0.0151182 -1.87138e-17)
(0.223728 0 0)
(0 -0.0164896 0)
(0.010897 0 0)
(0 4.03359e-05 0)
(0.0104781 0 0)
(0 0 0)
(0.0125574 0 0)
(0 -3.5769e-08 0)
(0.0121895 0 0)
(0 -0.00387764 0)
(0.0273753 0 0)
(0 -0.00312728 0)
(0.0607189 0 0)
(0 -0.00425469 0)
(0.13418 0 0)
(0 -0.00614506 0)
(0.26805 0 0)
(0 -0.0154571 0)
(0.666696 -0.00259245 0)
(0 -0.0159187 0)
(1.11537 -0.0110443 0)
(1.12005 -0.0135013 -3.72473e-19)
(1.12423 -0.0147379 0)
(1.1299 -0.0216999 0)
(1.12766 -0.00739886 0)
(1.12854 -0.0136713 0)
(1.12646 0.00150677 0)
(1.126 -0.00104729 0)
(1.12281 0.00687407 0)
(1.12225 0.00725266 0)
(1.11847 0.00877912 0)
(1.11799 0.0106006 0)
(1.11436 0.00856026 0)
(1.11385 0.0108894 0)
(1.1109 0.00729057 0)
(1.11049 0.00955252 0)
(1.10818 0.00575773 0)
(1.10787 0.00765866 0)
(1.10611 0.00437391 0)
(1.1059 0.00586759 0)
(1.10457 0.00324751 0)
(1.10442 0.00438026 0)
(1.10345 0.00237913 0)
(1.10333 0.00322039 0)
(1.10263 0.00172835 0)
(1.10254 0.00234501 0)
(1.10203 0.00124816 0)
(1.10197 0.00169615 0)
(1.10161 0.000896872 0)
(1.10156 0.00122006 0)
(1.10131 0.000641245 0)
(1.10127 0.000872898 0)
(1.10109 0.000456012 0)
(1.10106 0.000620964 0)
(1.10094 0.000322301 0)
(1.10091 0.000438978 0)
(1.10083 0.000226159 0)
(1.10081 0.00030804 0)
(1.10076 0.000157321 0)
(1.10075 0.000214253 0)
(1.10071 0.000108258 0)
(1.1007 0.000147377 0)
(1.10068 7.34598e-05 0)
(1.10067 9.9971e-05 0)
(1.10066 4.89246e-05 0)
(1.10065 6.65622e-05 0)
(1.10065 3.17731e-05 0)
(1.10064 4.32164e-05 0)
(1.10064 1.99268e-05 0)
(1.10063 2.70973e-05 0)
(1.10063 1.18593e-05 0)
(1.10063 1.61348e-05 0)
(1.10063 6.44348e-06 0)
(1.10063 8.78042e-06 0)
(1.10063 2.86294e-06 0)
(1.10063 3.95752e-06 0)
(1.10063 5.11208e-07 0)
(1.10063 8.50839e-07 0)
(1.10063 -1.01912e-06 0)
(1.10063 -1.14399e-06 0)
(1.10063 -1.96288e-06 0)
(1.10063 -2.37127e-06 0)
(1.10063 -2.47382e-06 0)
(1.10063 -3.01077e-06 0)
(1.10063 -2.6725e-06 0)
(1.10063 -3.25153e-06 0)
(1.10063 -2.65681e-06 0)
(1.10063 -3.21237e-06 0)
(1.10064 -2.51228e-06 0)
(1.10063 -3.00328e-06 0)
(1.10064 -2.30119e-06 0)
(1.10063 -2.68501e-06 0)
(1.10064 -2.04485e-06 0)
(1.10063 -2.31168e-06 0)
(1.10064 -1.69155e-06 0)
(1.10063 -1.8744e-06 0)
(1.10063 -1.29087e-06 0)
(1.00161 -0.0082701 0)
(1.00052 -0.00487877 0)
(1.00654 -0.0164057 0)
(1.00361 -0.0150884 0)
(1.01446 -0.0234687 0)
(1.01072 -0.0245583 0)
(1.02456 -0.028537 0)
(1.02087 -0.0319493 0)
(1.03573 -0.0310955 0)
(1.03252 -0.0363047 0)
(1.04694 -0.0311737 0)
(1.0444 -0.0374841 0)
(1.0574 -0.0292457 0)
(1.05561 -0.0359279 0)
(1.0666 -0.0260256 0)
(1.06552 -0.032448 0)
(1.07431 -0.0222254 0)
(1.0738 -0.0279633 0)
(1.08054 -0.0183884 0)
(1.08042 -0.0232519 0)
(1.08545 -0.0148488 0)
(1.08556 -0.0188178 0)
(1.08924 -0.011767 0)
(1.08947 -0.0149214 0)
(1.09214 -0.00917998 0)
(1.09241 -0.0116523 0)
(1.09438 -0.00704034 0)
(1.09461 -0.00898775 0)
(1.09612 -0.00525294 0)
(1.09631 -0.00682635 0)
(1.09755 -0.00369978 0)
(1.09768 -0.00505042 0)
(1.09883 -0.00221182 0)
(1.09888 -0.00354217 0)
(1.1002 -0.000545846 0)
(1.10014 -0.00212442 0)
(1.10201 0.00165395 0)
(1.10172 -0.000613701 0)
(1.10481 0.00429884 0)
(1.10413 0.00121978 0)
(1.10913 0.00629669 0)
(1.10816 0.00302288 0)
(1.11526 0.00506381 0)
(1.11378 0.00334481 0)
(1.12255 -0.00636745 0)
(1.12242 -0.00130416 0)
(1.12183 -0.0261717 0)
(1.12232 -0.0182407 0)
(1.1088 -0.024212 -1.87138e-17)
(1.11622 -0.0291218 0)
(1.63594 -0.00600279 -1.87138e-17)
(1.08491 -0.00820146 -2.13113e-17)
(0.517266 0 0)
(0.442872 -0.288304 1.03085e-17)
(0.0109336 0 0)
(0 0.001265 0)
(0.0110245 0 0)
(0 5.09636e-05 0)
(0.0115326 0 0)
(0 0.000145622 0)
(0.0256103 0 0)
(0 -0.00210989 0)
(0.0444524 0 0)
(0 -0.00595619 0)
(0.0956174 0 0)
(0 -0.00580689 0)
(0.233963 0 0)
(0 -0.0120208 0)
(0.449928 0 0)
(0 -0.0388765 0)
(0.876274 -0.00803492 -3.72473e-19)
(0.563653 -0.068522 2.51341e-17)
(1.12776 -0.0201909 -3.72473e-19)
(1.13329 -0.0238083 9.49138e-19)
(1.13048 -0.0189924 0)
(1.1354 -0.0244218 0)
(1.12764 -0.00639892 0)
(1.1284 -0.0108311 0)
(1.12257 0.00529673 0)
(1.12116 0.00402054 0)
(1.11764 0.0113477 0)
(1.11586 0.0121771 0)
(1.11348 0.012948 0)
(1.11167 0.0147658 0)
(1.11014 0.0120524 0)
(1.10856 0.014225 0)
(1.10759 0.0100494 0)
(1.10629 0.0121045 0)
(1.10568 0.00785862 0)
(1.10469 0.00956887 0)
(1.10427 0.00593862 0)
(1.10354 0.0072806 0)
(1.10323 0.00440071 0)
(1.10269 0.00542046 0)
(1.10247 0.00322172 0)
(1.10207 0.00398114 0)
(1.10191 0.00233946 0)
(1.10162 0.00289718 0)
(1.10152 0.00168826 0)
(1.1013 0.00209364 0)
(1.10123 0.0012115 0)
(1.10107 0.0015036 0)
(1.10103 0.000864419 0)
(1.10091 0.00107308 0)
(1.10089 0.000613008 0)
(1.1008 0.00076078 0)
(1.1008 0.000431719 0)
(1.10072 0.000535487 0)
(1.10073 0.000301534 0)
(1.10067 0.000373716 0)
(1.10069 0.000208471 0)
(1.10064 0.00025806 0)
(1.10066 0.000142309 0)
(1.10062 0.00017583 0)
(1.10064 9.55677e-05 0)
(1.10061 0.000117808 0)
(1.10063 6.27824e-05 0)
(1.10061 7.71656e-05 0)
(1.10062 4.00109e-05 0)
(1.10061 4.89606e-05 0)
(1.10062 2.44009e-05 0)
(1.10061 2.97125e-05 0)
(1.10062 1.38694e-05 0)
(1.10061 1.67717e-05 0)
(1.10062 6.90635e-06 0)
(1.10061 8.18401e-06 0)
(1.10062 2.4119e-06 0)
(1.10061 2.6615e-06 0)
(1.10062 -4.40007e-07 0)
(1.10061 -7.84869e-07 0)
(1.10063 -2.20877e-06 0)
(1.10062 -2.88521e-06 0)
(1.10063 -3.19493e-06 0)
(1.10062 -4.03119e-06 0)
(1.10063 -3.61779e-06 0)
(1.10062 -4.48758e-06 0)
(1.10063 -3.66714e-06 0)
(1.10062 -4.49876e-06 0)
(1.10063 -3.47179e-06 0)
(1.10062 -4.22074e-06 0)
(1.10063 -3.11689e-06 0)
(1.10062 -3.76868e-06 0)
(1.10063 -2.66e-06 0)
(1.10062 -3.21176e-06 0)
(1.10063 -2.12495e-06 0)
(1.10063 -2.58736e-06 0)
(1.10063 -1.47004e-06 0)
(1.10063 -1.87394e-06 0)
(1.10063 -9.86133e-07 0)
(1.00196 -0.0118423 0)
(1.00065 -0.00684077 0)
(1.00797 -0.0233499 0)
(1.00457 -0.0210959 0)
(1.01743 -0.0330825 0)
(1.01348 -0.0340175 0)
(1.02902 -0.0397067 0)
(1.02572 -0.0435422 0)
(1.0413 -0.0426537 0)
(1.03899 -0.0485881 0)
(1.05316 -0.04219 0)
(1.05187 -0.0493422 0)
(1.06381 -0.0390824 0)
(1.06348 -0.0465716 0)
(1.07278 -0.0343448 0)
(1.07323 -0.0414193 0)
(1.07995 -0.0289626 0)
(1.08089 -0.0351387 0)
(1.08548 -0.0236704 0)
(1.08663 -0.0287765 0)
(1.08962 -0.0188964 0)
(1.0908 -0.0229568 0)
(1.09266 -0.0148309 0)
(1.09375 -0.0179671 0)
(1.0949 -0.0115048 0)
(1.09582 -0.0138877 0)
(1.09658 -0.00884231 0)
(1.09728 -0.0106658 0)
(1.0979 -0.00672117 0)
(1.09839 -0.00815335 0)
(1.09905 -0.00502591 0)
(1.09931 -0.00619998 0)
(1.10023 -0.00363316 0)
(1.10019 -0.00471814 0)
(1.10169 -0.00242038 0)
(1.10125 -0.00358709 0)
(1.10383 -0.00129806 0)
(1.10275 -0.00275017 0)
(1.1073 -0.000413704 0)
(1.10509 -0.00225035 0)
(1.11286 -0.0004967 0)
(1.10898 -0.00254147 0)
(1.12092 -0.00333302 0)
(1.11464 -0.00471031 0)
(1.12974 -0.0123031 0)
(1.12252 -0.0101242 0)
(1.13174 -0.0221488 0)
(1.12879 -0.0202459 0)
(1.12369 -0.0159284 -2.59747e-18)
(1.12751 -0.0210677 0)
(1.1217 -0.00910517 7.71102e-18)
(1.10935 -0.00228164 -2.59747e-18)
(1.30712 -0.0058974 1.03085e-17)
(1.01079 0.0114742 1.55794e-17)
(0.369965 0 0)
(0.558755 -0.40412 0)
(0.0146257 0 0)
(0 0.00236533 0)
(0.0207145 0 0)
(0 -0.00127465 0)
(0.0477482 0 0)
(0 -0.00557085 0)
(0.099144 0 0)
(0 -0.0125097 0)
(0.200401 0 0)
(0 -0.0214315 0)
(0.446901 0 0)
(0 -0.061698 0)
(0.878061 -0.00683833 2.51341e-17)
(0.568083 -0.0911997 0)
(1.13286 -0.0209716 2.64557e-17)
(1.13947 -0.0241749 3.78327e-17)
(1.13737 -0.0257632 1.32161e-18)
(1.14331 -0.0295108 1.32161e-18)
(1.13145 -0.0152091 0)
(1.13312 -0.0185036 0)
(1.12223 0.000327522 0)
(1.12061 -0.00160661 0)
(1.11486 0.0114552 0)
(1.11158 0.0113852 0)
(1.10995 0.0159952 0)
(1.10655 0.0170875 0)
(1.10682 0.0163285 0)
(1.10377 0.0178928 0)
(1.1048 0.0144769 0)
(1.1022 0.0162515 0)
(1.10349 0.0117675 0)
(1.10144 0.0134094 0)
(1.10262 0.00909476 0)
(1.10107 0.010439 0)
(1.10201 0.0068393 0)
(1.10085 0.00789171 0)
(1.10157 0.00505896 0)
(1.1007 0.00586064 0)
(1.10125 0.00370067 0)
(1.1006 0.00429881 0)
(1.10103 0.00268493 0)
(1.10053 0.00312397 0)
(1.10087 0.0019347 0)
(1.10049 0.00225293 0)
(1.10076 0.00138495 0)
(1.10047 0.001613 0)
(1.10068 0.000984687 0)
(1.10046 0.00114595 0)
(1.10064 0.000695058 0)
(1.10046 0.000807627 0)
(1.10061 0.000486626 0)
(1.10047 0.000564312 0)
(1.10059 0.000337309 0)
(1.10048 0.000390241 0)
(1.10058 0.00023083 0)
(1.10049 0.00026616 0)
(1.10058 0.000155395 0)
(1.1005 0.000178404 0)
(1.10058 0.000102431 0)
(1.10051 0.000117044 0)
(1.10058 6.56106e-05 0)
(1.10052 7.44394e-05 0)
(1.10059 4.03927e-05 0)
(1.10053 4.52353e-05 0)
(1.10059 2.34348e-05 0)
(1.10054 2.55799e-05 0)
(1.1006 1.21478e-05 0)
(1.10055 1.25911e-05 0)
(1.1006 4.77069e-06 0)
(1.10055 4.21597e-06 0)
(1.1006 1.14295e-07 0)
(1.10056 -9.71532e-07 0)
(1.10061 -2.73084e-06 0)
(1.10056 -4.02985e-06 0)
(1.10061 -4.32801e-06 0)
(1.10057 -5.68327e-06 0)
(1.10061 -5.03685e-06 0)
(1.10057 -6.36271e-06 0)
(1.10061 -5.15425e-06 0)
(1.10057 -6.39559e-06 0)
(1.10061 -4.89597e-06 0)
(1.10057 -6.02344e-06 0)
(1.10062 -4.41306e-06 0)
(1.10058 -5.40617e-06 0)
(1.10062 -3.79149e-06 0)
(1.10058 -4.64054e-06 0)
(1.10062 -3.08251e-06 0)
(1.10058 -3.82358e-06 0)
(1.10062 -2.29458e-06 0)
(1.10058 -2.94067e-06 0)
(1.10062 -1.3621e-06 0)
(1.10058 -1.96164e-06 0)
(1.10058 -7.87155e-07 0)
(1.00257 -0.0163299 0)
(1.00089 -0.00941048 0)
(1.01038 -0.0319168 0)
(1.00625 -0.0289041 0)
(1.02221 -0.0445125 0)
(1.01811 -0.0458465 0)
(1.03591 -0.0523856 0)
(1.03337 -0.0572467 0)
(1.04968 -0.0552057 0)
(1.04881 -0.0623551 0)
(1.06229 -0.0536424 0)
(1.06284 -0.0619527 0)
(1.07297 -0.0488302 0)
(1.07468 -0.0572504 0)
(1.08138 -0.0421489 0)
(1.08383 -0.0498323 0)
(1.08759 -0.034911 0)
(1.0903 -0.0413436 0)
(1.09196 -0.0280441 0)
(1.09456 -0.0331537 0)
(1.09494 -0.0220281 0)
(1.09722 -0.0259353 0)
(1.09691 -0.0170471 0)
(1.0988 -0.0199338 0)
(1.09821 -0.013096 0)
(1.09968 -0.0151857 0)
(1.0991 -0.0100461 0)
(1.10018 -0.0115623 0)
(1.0998 -0.0077266 0)
(1.10049 -0.00885292 0)
(1.10044 -0.00601564 0)
(1.10076 -0.00683789 0)
(1.1012 -0.00482864 0)
(1.10111 -0.0054764 0)
(1.10228 -0.00411391 0)
(1.10167 -0.0046705 0)
(1.10393 -0.00394102 0)
(1.10262 -0.00440234 0)
(1.10655 -0.00462822 0)
(1.10415 -0.00486365 0)
(1.11052 -0.00694685 0)
(1.10657 -0.00651631 0)
(1.11606 -0.0119841 0)
(1.10999 -0.0102511 0)
(1.12293 -0.0197231 0)
(1.11417 -0.0169915 0)
(1.12827 -0.0232184 0)
(1.11837 -0.0255871 0)
(1.13166 -0.0131644 0)
(1.12176 -0.0244619 0)
(1.14065 0.00830193 5.27095e-18)
(1.12462 -0.0112705 0)
(1.14938 0.0174052 5.27095e-18)
(1.13873 0.0100365 5.27095e-18)
(1.53778 0.00709505 0)
(1.14135 0.026773 0)
(0.84038 0 0)
(0.59673 -0.53315 0)
(0.406248 0 0)
(0.592469 -0.379156 3.65098e-17)
(0.374833 0 0)
(0.579487 -0.272666 0)
(0.443466 0 0)
(0.575758 -0.237239 0)
(0.526978 0 0)
(0.581424 -0.249091 -2.17919e-17)
(0.86423 -0.00840389 0)
(0.583232 -0.158159 0)
(1.1445 -0.0234569 1.26986e-17)
(1.1508 -0.0237409 0)
(1.14749 -0.0286821 1.26986e-17)
(1.15043 -0.0287305 1.26986e-17)
(1.13674 -0.0198282 0)
(1.13583 -0.0187548 0)
(1.12166 -0.0037634 0)
(1.11816 -0.00342258 0)
(1.10985 0.0101953 0)
(1.10499 0.010194 0)
(1.10333 0.0175188 0)
(1.09814 0.0179126 0)
(1.10035 0.0193533 0)
(1.09552 0.0200696 0)
(1.09914 0.0180875 0)
(1.09507 0.0190998 0)
(1.0989 0.0153884 0)
(1.09554 0.0164905 0)
(1.09908 0.0122208 0)
(1.09645 0.0132319 0)
(1.09933 0.00934238 0)
(1.0973 0.0101846 0)
(1.09956 0.00699671 0)
(1.09799 0.00766466 0)
(1.09974 0.00516497 0)
(1.09852 0.00567591 0)
(1.09989 0.0037716 0)
(1.09893 0.00415134 0)
(1.10001 0.00273011 0)
(1.09925 0.00300615 0)
(1.1001 0.0019607 0)
(1.09949 0.00215817 0)
(1.10018 0.00139678 0)
(1.09968 0.00153563 0)
(1.10024 0.000986368 0)
(1.09983 0.00108154 0)
(1.1003 0.000690028 0)
(1.09994 0.000753868 0)
(1.10034 0.000477624 0)
(1.10003 0.000519944 0)
(1.10038 0.000326238 0)
(1.1001 0.000353625 0)
(1.10041 0.000219119 0)
(1.10016 0.000235831 0)
(1.10043 0.000144229 0)
(1.1002 0.000153122 0)
(1.10046 9.233e-05 0)
(1.10023 9.61304e-05 0)
(1.10047 5.66504e-05 0)
(1.10026 5.73331e-05 0)
(1.10049 3.24801e-05 0)
(1.10028 3.13566e-05 0)
(1.1005 1.63886e-05 0)
(1.1003 1.42918e-05 0)
(1.10051 5.97791e-06 0)
(1.10031 3.40271e-06 0)
(1.10051 -4.93641e-07 0)
(1.10032 -3.24008e-06 0)
(1.10052 -4.31556e-06 0)
(1.10033 -7.01019e-06 0)
(1.10052 -6.36715e-06 0)
(1.10033 -8.86722e-06 0)
(1.10053 -7.25002e-06 0)
(1.10034 -9.493e-06 0)
(1.10053 -7.36584e-06 0)
(1.10034 -9.3342e-06 0)
(1.10053 -6.99613e-06 0)
(1.10034 -8.68833e-06 0)
(1.10054 -6.33556e-06 0)
(1.10035 -7.78299e-06 0)
(1.10054 -5.50474e-06 0)
(1.10035 -6.71723e-06 0)
(1.10054 -4.58071e-06 0)
(1.10035 -5.6156e-06 0)
(1.10054 -3.60364e-06 0)
(1.10035 -4.49194e-06 0)
(1.10054 -2.5585e-06 0)
(1.10035 -3.35211e-06 0)
(1.10054 -1.36242e-06 0)
(1.10035 -2.13681e-06 0)
(1.10035 -7.19696e-07 0)
(1.00368 -0.022371 0)
(1.00136 -0.0130905 0)
(1.01454 -0.0430437 0)
(1.00938 -0.0397593 0)
(1.02993 -0.058588 0)
(1.02604 -0.0612425 0)
(1.04654 -0.067117 0)
(1.04558 -0.0738565 0)
(1.06211 -0.0689616 0)
(1.06361 -0.0779201 0)
(1.07534 -0.0654165 0)
(1.07855 -0.0751909 0)
(1.08559 -0.058129 0)
(1.08996 -0.0675001 0)
(1.09277 -0.0489329 0)
(1.0975 -0.0570068 0)
(1.09724 -0.0395302 0)
(1.10168 -0.045818 0)
(1.09981 -0.031023 0)
(1.10351 -0.0357238 0)
(1.10109 -0.0238428 0)
(1.10396 -0.0272107 0)
(1.10156 -0.0180866 0)
(1.10373 -0.0204034 0)
(1.10163 -0.0136826 0)
(1.1031 -0.0152612 0)
(1.10155 -0.0104337 0)
(1.1024 -0.0114792 0)
(1.10144 -0.00806458 0)
(1.10178 -0.008743 0)
(1.1014 -0.00642224 0)
(1.10127 -0.00679977 0)
(1.10154 -0.00545863 0)
(1.10098 -0.00561171 0)
(1.10195 -0.0051239 0)
(1.1009 -0.00508051 0)
(1.10272 -0.00552787 0)
(1.10106 -0.00517682 0)
(1.10397 -0.00699981 0)
(1.10152 -0.00611133 0)
(1.10572 -0.0101384 0)
(1.10227 -0.0082678 0)
(1.10774 -0.0156969 0)
(1.10315 -0.0122767 0)
(1.10949 -0.0238449 0)
(1.10365 -0.0187388 0)
(1.11115 -0.0284822 0)
(1.10262 -0.0272454 0)
(1.11678 -0.0236418 0)
(1.10216 -0.0300923 -2.8659e-33)
(1.13094 -0.010522 0)
(1.10536 -0.0254312 2.86693e-33)
(1.15441 0.00896162 0)
(1.11943 -0.0134363 0)
(1.17768 0.022275 0)
(1.13929 0.00350392 0)
(1.18913 0.0236352 3.65098e-17)
(1.1662 0.0203553 0)
(1.17344 0.015109 3.65098e-17)
(1.1751 0.0248488 3.65098e-17)
(1.15502 0.000853239 0)
(1.16776 0.0100732 0)
(1.15712 -0.0106652 -2.17919e-17)
(1.16317 -0.00467482 0)
(1.16604 -0.0163804 -2.17919e-17)
(1.16323 -0.0168837 -2.17919e-17)
(1.1646 -0.0212831 0)
(1.15549 -0.020636 0)
(1.15732 -0.0236733 0)
(1.14388 -0.0164618 0)
(1.13716 -0.0151919 0)
(1.12573 -0.0085741 0)
(1.11621 -0.00121469 0)
(1.10655 0.00220308 0)
(1.10094 0.0110459 0)
(1.09267 0.0118437 0)
(1.09294 0.0183924 0)
(1.08536 0.0181981 0)
(1.09018 0.0208697 0)
(1.08341 0.0206667 0)
(1.09016 0.0201171 0)
(1.08433 0.0200883 0)
(1.09139 0.017722 0)
(1.08647 0.0178736 0)
(1.0931 0.0144981 0)
(1.08899 0.0147815 0)
(1.09468 0.0113317 0)
(1.09131 0.0116514 0)
(1.09596 0.00861522 0)
(1.09319 0.00890758 0)
(1.09695 0.00642832 0)
(1.09466 0.0066694 0)
(1.09771 0.00472794 0)
(1.09579 0.00491243 0)
(1.0983 0.00343656 0)
(1.09665 0.0035686 0)
(1.09874 0.00247229 0)
(1.0973 0.00256293 0)
(1.09908 0.00176088 0)
(1.0978 0.00182232 0)
(1.09933 0.00124062 0)
(1.09817 0.00128038 0)
(1.09953 0.000864043 0)
(1.09845 0.000886061 0)
(1.09968 0.000595233 0)
(1.09867 0.000603944 0)
(1.09979 0.000405034 0)
(1.09883 0.000405126 0)
(1.09988 0.000270631 0)
(1.09896 0.000265711 0)
(1.09995 0.00017593 0)
(1.09905 0.00016851 0)
(1.1 0.000110071 0)
(1.09912 0.000101505 0)
(1.10004 6.53117e-05 0)
(1.09917 5.64377e-05 0)
(1.10007 3.54395e-05 0)
(1.09921 2.68587e-05 0)
(1.10009 1.587e-05 0)
(1.09924 7.99347e-06 0)
(1.10011 3.39289e-06 0)
(1.09927 -3.58946e-06 0)
(1.10012 -4.21735e-06 0)
(1.09928 -1.02543e-05 0)
(1.10013 -8.52045e-06 0)
(1.0993 -1.36642e-05 0)
(1.10014 -1.0604e-05 0)
(1.0993 -1.49396e-05 0)
(1.10015 -1.12538e-05 0)
(1.09931 -1.48707e-05 0)
(1.10015 -1.10143e-05 0)
(1.09932 -1.40085e-05 0)
(1.10015 -1.02465e-05 0)
(1.09932 -1.27103e-05 0)
(1.10016 -9.17629e-06 0)
(1.09932 -1.11556e-05 0)
(1.10016 -7.9543e-06 0)
(1.09933 -9.62374e-06 0)
(1.10016 -6.6806e-06 0)
(1.09933 -8.05948e-06 0)
(1.10016 -5.40975e-06 0)
(1.09933 -6.55865e-06 0)
(1.10016 -4.15714e-06 0)
(1.09933 -5.14353e-06 0)
(1.10016 -2.87918e-06 0)
(1.09933 -3.7693e-06 0)
(1.10016 -1.46942e-06 0)
(1.09933 -2.37188e-06 0)
(1.09933 -7.76326e-07 0)
(1.00592 -0.031144 0)
(1.00229 -0.0190096 0)
(1.02197 -0.0582645 0)
(1.01547 -0.0558113 0)
(1.04264 -0.0764522 0)
(1.03981 -0.081909 0)
(1.0629 -0.0844392 0)
(1.06466 -0.0941239 0)
(1.08017 -0.0838742 0)
(1.08472 -0.0951875 0)
(1.09325 -0.0770045 0)
(1.09899 -0.0882703 0)
(1.10189 -0.0661704 0)
(1.10793 -0.0761412 0)
(1.10638 -0.0537487 0)
(1.11147 -0.061494 0)
(1.10784 -0.0419095 0)
(1.11185 -0.0472762 0)
(1.10764 -0.0318665 0)
(1.11024 -0.0355264 0)
(1.1066 -0.0238013 0)
(1.10785 -0.0261707 0)
(1.10522 -0.017647 0)
(1.10539 -0.0190256 0)
(1.10382 -0.0131237 0)
(1.10309 -0.0138568 0)
(1.10259 -0.00984108 0)
(1.10117 -0.0102551 0)
(1.10158 -0.00753075 0)
(1.09958 -0.00772873 0)
(1.10081 -0.00606849 0)
(1.09829 -0.00603138 0)
(1.10027 -0.00535065 0)
(1.09731 -0.00506987 0)
(1.09991 -0.00527366 0)
(1.09652 -0.00472665 0)
(1.09972 -0.00591442 0)
(1.09587 -0.0049862 0)
(1.09962 -0.00754955 0)
(1.09528 -0.0060032 0)
(1.0994 -0.0105855 0)
(1.09458 -0.00805224 0)
(1.09864 -0.0154569 0)
(1.09344 -0.0115136 0)
(1.09655 -0.0221593 0)
(1.0913 -0.0166538 0)
(1.09253 -0.0284182 -2.8659e-33)
(1.08702 -0.0232225 0)
(1.09047 -0.0303142 -2.11257e-36)
(1.08127 -0.0280416 -2.8659e-33)
(1.09363 -0.0268303 2.86693e-33)
(1.07727 -0.0285879 2.86693e-33)
(1.10539 -0.0177873 0)
(1.0781 -0.0251966 0)
(1.12613 -0.00322007 0)
(1.08537 -0.0172374 0)
(1.1523 0.0111487 0)
(1.09986 -0.0058106 0)
(1.17237 0.0143677 0)
(1.11707 0.00477353 0)
(1.17668 0.00571176 0)
(1.12649 0.0057693 0)
(1.16998 -0.0049124 0)
(1.12648 0.0020244 0)
(1.15404 -0.0106393 0)
(1.11895 -0.000946636 0)
(1.13309 -0.00849536 0)
(1.10557 0.000314684 0)
(1.11233 -0.000992827 0)
(1.09066 0.00430514 0)
(1.09432 0.00749993 0)
(1.07797 0.00942766 0)
(1.08226 0.0145156 0)
(1.06938 0.0142636 0)
(1.07643 0.0189656 0)
(1.06549 0.0176733 0)
(1.07542 0.0206695 0)
(1.06571 0.0192098 0)
(1.07736 0.0201015 0)
(1.06864 0.0187312 0)
(1.08047 0.018043 0)
(1.07272 0.0169704 0)
(1.08397 0.015116 0)
(1.07703 0.0143751 0)
(1.08716 0.0120868 0)
(1.08095 0.0115914 0)
(1.08979 0.0093514 0)
(1.08421 0.00902013 0)
(1.09187 0.00705746 0)
(1.0868 0.00682864 0)
(1.09348 0.00522298 0)
(1.08882 0.00506083 0)
(1.09471 0.00380295 0)
(1.09038 0.00368235 0)
(1.09565 0.00273167 0)
(1.09156 0.00263328 0)
(1.09635 0.00194158 0)
(1.09246 0.00185527 0)
(1.09689 0.00136562 0)
(1.09313 0.00128791 0)
(1.09729 0.000946159 0)
(1.09364 0.000877007 0)
(1.0976 0.000643396 0)
(1.09402 0.000582218 0)
(1.09782 0.000428827 0)
(1.09431 0.000375363 0)
(1.098 0.000278538 0)
(1.09452 0.000233042 0)
(1.09813 0.00017413 0)
(1.09468 0.000136338 0)
(1.09822 0.000102543 0)
(1.0948 7.16465e-05 0)
(1.09829 5.4457e-05 0)
(1.09489 2.93848e-05 0)
(1.09835 2.30491e-05 0)
(1.09495 2.7406e-06 0)
(1.09839 3.29841e-06 0)
(1.095 -1.30857e-05 0)
(1.09842 -8.49722e-06 0)
(1.09503 -2.17009e-05 0)
(1.09844 -1.49583e-05 0)
(1.09505 -2.55604e-05 0)
(1.09846 -1.7963e-05 0)
(1.09507 -2.6424e-05 0)
(1.09847 -1.87813e-05 0)
(1.09509 -2.55646e-05 0)
(1.09848 -1.82389e-05 0)
(1.0951 -2.36398e-05 0)
(1.09848 -1.69046e-05 0)
(1.0951 -2.11857e-05 0)
(1.09849 -1.51607e-05 0)
(1.09511 -1.85597e-05 0)
(1.09849 -1.32618e-05 0)
(1.09511 -1.59715e-05 0)
(1.09849 -1.13489e-05 0)
(1.09511 -1.34977e-05 0)
(1.09849 -9.50173e-06 0)
(1.09511 -1.12367e-05 0)
(1.0985 -7.76852e-06 0)
(1.09511 -9.18461e-06 0)
(1.0985 -6.1669e-06 0)
(1.09512 -7.31878e-06 0)
(1.0985 -4.66858e-06 0)
(1.09512 -5.66475e-06 0)
(1.0985 -3.20784e-06 0)
(1.09512 -4.10714e-06 0)
(1.0985 -1.65008e-06 0)
(1.09512 -2.60143e-06 0)
(1.09512 -9.09444e-07 0)
(1.01051 -0.0445146 0)
(1.00422 -0.0295199 0)
(1.03545 -0.079643 0)
(1.02726 -0.0807493 0)
(1.06313 -0.0993718 0)
(1.0619 -0.109593 0)
(1.08657 -0.104573 0)
(1.08951 -0.117566 0)
(1.10367 -0.0993042 0)
(1.10738 -0.112285 0)
(1.11366 -0.0872224 0)
(1.11692 -0.098264 0)
(1.11749 -0.0713274 0)
(1.11877 -0.079963 0)
(1.11686 -0.0549438 0)
(1.11572 -0.060869 0)
(1.11407 -0.0408455 0)
(1.11058 -0.0444881 0)
(1.11039 -0.029758 0)
(1.10473 -0.0318411 0)
(1.10661 -0.0213115 0)
(1.09917 -0.0223904 0)
(1.10321 -0.0152032 0)
(1.09438 -0.0156292 0)
(1.10038 -0.0110271 0)
(1.09051 -0.0110229 0)
(1.09808 -0.00820694 0)
(1.08748 -0.00795804 0)
(1.09623 -0.00629068 0)
(1.08505 -0.00587897 0)
(1.09474 -0.00509284 0)
(1.08312 -0.00454032 0)
(1.09348 -0.00451566 0)
(1.08154 -0.00381247 0)
(1.09236 -0.00452614 0)
(1.08014 -0.00360434 0)
(1.09128 -0.00517345 0)
(1.07879 -0.00390597 0)
(1.09004 -0.00660253 0)
(1.07733 -0.00476603 0)
(1.08835 -0.00905569 0)
(1.07551 -0.00635879 0)
(1.08573 -0.0127378 0)
(1.07299 -0.00890178 0)
(1.08155 -0.0175776 0)
(1.06925 -0.0124663 0)
(1.0751 -0.0225239 0)
(1.06358 -0.0167779 0)
(1.06764 -0.025836 0)
(1.05575 -0.0205856 0)
(1.06156 -0.0261898 0)
(1.04731 -0.02251 0)
(1.05826 -0.0230461 0)
(1.03986 -0.0218881 0)
(1.05923 -0.0163622 0)
(1.03477 -0.0182125 0)
(1.06495 -0.00761476 0)
(1.0335 -0.0115301 0)
(1.07349 -0.000729121 0)
(1.03636 -0.00376841 0)
(1.07813 0.00232639 0)
(1.04032 0.00113279 0)
(1.07677 0.00371717 0)
(1.0416 0.00338634 0)
(1.07049 0.00580734 0)
(1.03992 0.00532642 0)
(1.06279 0.00900179 0)
(1.03643 0.00802129 0)
(1.05627 0.0125053 0)
(1.03348 0.0108272 0)
(1.05246 0.0154363 0)
(1.03249 0.0132361 0)
(1.05193 0.0173299 0)
(1.03389 0.014791 0)
(1.05426 0.0179859 0)
(1.03739 0.0153399 0)
(1.05859 0.0173818 0)
(1.04249 0.0148798 0)
(1.06378 0.0157384 0)
(1.0483 0.0135443 0)
(1.06909 0.0134475 0)
(1.05411 0.0116611 0)
(1.07389 0.0109671 0)
(1.0594 0.00956999 0)
(1.07792 0.00862128 0)
(1.06388 0.00756543 0)
(1.08116 0.00657557 0)
(1.06752 0.00577713 0)
(1.08371 0.00489863 0)
(1.0704 0.00427791 0)
(1.08569 0.0035802 0)
(1.07263 0.00308464 0)
(1.0872 0.00256707 0)
(1.07435 0.00216746 0)
(1.08836 0.00180544 0)
(1.07565 0.00148249 0)
(1.08922 0.00124443 0)
(1.07663 0.000986273 0)
(1.08988 0.00083633 0)
(1.07736 0.000633658 0)
(1.09037 0.000543994 0)
(1.0779 0.000386763 0)
(1.09073 0.000339102 0)
(1.07831 0.000217549 0)
(1.091 0.00019905 0)
(1.0786 0.000105084 0)
(1.0912 0.000105663 0)
(1.07882 3.31828e-05 0)
(1.09135 4.49505e-05 0)
(1.07898 -1.12082e-05 0)
(1.09146 6.81203e-06 0)
(1.07909 -3.65703e-05 0)
(1.09154 -1.60696e-05 0)
(1.07918 -4.94896e-05 0)
(1.0916 -2.87278e-05 0)
(1.07923 -5.45747e-05 0)
(1.09164 -3.46104e-05 0)
(1.07928 -5.45649e-05 0)
(1.09167 -3.61751e-05 0)
(1.07931 -5.15633e-05 0)
(1.09169 -3.51335e-05 0)
(1.07933 -4.69903e-05 0)
(1.0917 -3.26007e-05 0)
(1.07934 -4.15511e-05 0)
(1.09171 -2.92943e-05 0)
(1.07935 -3.63869e-05 0)
(1.09172 -2.57377e-05 0)
(1.07936 -3.11953e-05 0)
(1.09173 -2.22152e-05 0)
(1.07936 -2.64355e-05 0)
(1.09173 -1.88822e-05 0)
(1.07936 -2.21135e-05 0)
(1.09173 -1.58352e-05 0)
(1.07937 -1.83587e-05 0)
(1.09173 -1.31041e-05 0)
(1.07937 -1.50372e-05 0)
(1.09173 -1.06977e-05 0)
(1.07937 -1.22286e-05 0)
(1.09174 -8.56964e-06 0)
(1.07937 -9.77129e-06 0)
(1.09174 -6.69729e-06 0)
(1.07937 -7.6877e-06 0)
(1.09174 -5.02205e-06 0)
(1.07937 -5.87305e-06 0)
(1.09174 -3.44878e-06 0)
(1.07937 -4.25e-06 0)
(1.09174 -1.83498e-06 0)
(1.07937 -2.71581e-06 0)
(1.07937 -1.0478e-06 0)
(1.01992 -0.0665124 0)
(1.00934 -0.0494429 0)
(1.05788 -0.10988 0)
(1.04742 -0.118704 0)
(1.08964 -0.12696 0)
(1.08388 -0.141358 0)
(1.11019 -0.12473 0)
(1.10441 -0.138116 0)
(1.12066 -0.110795 0)
(1.10913 -0.122751 0)
(1.12188 -0.0905099 0)
(1.10504 -0.0994842 0)
(1.1169 -0.0691832 0)
(1.09417 -0.0749855 0)
(1.10924 -0.0502927 0)
(1.08127 -0.0532084 0)
(1.10103 -0.0354998 0)
(1.06893 -0.0362759 0)
(1.09337 -0.0245815 0)
(1.05853 -0.024179 0)
(1.08685 -0.0168141 0)
(1.05024 -0.0158789 0)
(1.08164 -0.0115134 0)
(1.04392 -0.0104164 0)
(1.07756 -0.0080031 0)
(1.03921 -0.00694314 0)
(1.07437 -0.00571107 0)
(1.03568 -0.00476621 0)
(1.07187 -0.00424441 0)
(1.03296 -0.00338224 0)
(1.06986 -0.00338544 0)
(1.03081 -0.00252566 0)
(1.06811 -0.00301792 0)
(1.029 -0.0020661 0)
(1.06645 -0.00308798 0)
(1.02732 -0.0019412 0)
(1.06468 -0.0035828 0)
(1.02559 -0.00214399 0)
(1.06261 -0.00457375 0)
(1.02363 -0.00268973 0)
(1.05992 -0.00621672 0)
(1.0212 -0.00367518 0)
(1.05623 -0.00859653 0)
(1.018 -0.00520385 0)
(1.05102 -0.0115896 0)
(1.01362 -0.00726308 0)
(1.04389 -0.0146658 0)
(1.00762 -0.00965239 0)
(1.03511 -0.0169717 0)
(0.999854 -0.0118002 0)
(1.02563 -0.0177406 0)
(0.990836 -0.0130357 0)
(1.01662 -0.0164137 0)
(0.981446 -0.012873 0)
(1.0094 -0.0127534 0)
(0.972863 -0.0109913 0)
(1.00526 -0.00737937 0)
(0.966439 -0.00739209 0)
(1.0045 -0.0021362 0)
(0.963178 -0.00301214 0)
(1.00519 0.0016699 0)
(0.962646 0.000447429 0)
(1.00568 0.00447577 0)
(0.963292 0.00289888 0)
(1.00602 0.00710141 0)
(0.96454 0.00498012 0)
(1.00713 0.00958142 0)
(0.966602 0.00691306 0)
(1.00956 0.0114406 0)
(0.969886 0.00840066 0)
(1.01355 0.0124748 0)
(0.974487 0.00923994 0)
(1.01893 0.012701 0)
(0.980166 0.00941337 0)
(1.02525 0.0121988 0)
(0.986541 0.0090193 0)
(1.03193 0.0110891 0)
(0.993123 0.00819855 0)
(1.03841 0.00956565 0)
(0.999471 0.00707107 0)
(1.04426 0.00789754 0)
(1.00521 0.00580548 0)
(1.04927 0.00629234 0)
(1.01014 0.00456165 0)
(1.05339 0.00484426 0)
(1.01422 0.00344281 0)
(1.05669 0.00359358 0)
(1.01748 0.0024826 0)
(1.05926 0.00256696 0)
(1.02003 0.00170263 0)
(1.06125 0.00176342 0)
(1.02199 0.00110097 0)
(1.06275 0.00116128 0)
(1.02346 0.000657486 0)
(1.06389 0.000727511 0)
(1.02456 0.000346023 0)
(1.06474 0.000425438 0)
(1.02537 0.000137429 0)
(1.06537 0.000221108 0)
(1.02596 4.06747e-06 0)
(1.06583 8.7158e-05 0)
(1.02639 -7.63735e-05 0)
(1.06617 2.95058e-06 0)
(1.0267 -0.000120205 0)
(1.06641 -4.67737e-05 0)
(1.02691 -0.00013927 0)
(1.06659 -7.35163e-05 0)
(1.02707 -0.000142807 0)
(1.06672 -8.52648e-05 0)
(1.02717 -0.000137626 0)
(1.06681 -8.74712e-05 0)
(1.02724 -0.00012646 0)
(1.06687 -8.39541e-05 0)
(1.02729 -0.00011236 0)
(1.06691 -7.72309e-05 0)
(1.02733 -9.87814e-05 0)
(1.06694 -6.90781e-05 0)
(1.02735 -8.50537e-05 0)
(1.06696 -6.05302e-05 0)
(1.02736 -7.23384e-05 0)
(1.06698 -5.2236e-05 0)
(1.02737 -6.08843e-05 0)
(1.06699 -4.45081e-05 0)
(1.02737 -5.0867e-05 0)
(1.06699 -3.74935e-05 0)
(1.02737 -4.22276e-05 0)
(1.067 -3.12991e-05 0)
(1.02737 -3.47949e-05 0)
(1.067 -2.5892e-05 0)
(1.02737 -2.84735e-05 0)
(1.067 -2.12574e-05 0)
(1.02737 -2.31441e-05 0)
(1.067 -1.73101e-05 0)
(1.02737 -1.87028e-05 0)
(1.067 -1.3977e-05 0)
(1.02737 -1.49956e-05 0)
(1.067 -1.11704e-05 0)
(1.02737 -1.19512e-05 0)
(1.067 -8.79693e-06 0)
(1.02736 -9.40637e-06 0)
(1.067 -6.80103e-06 0)
(1.02736 -7.30553e-06 0)
(1.067 -5.05929e-06 0)
(1.02736 -5.54462e-06 0)
(1.067 -3.49203e-06 0)
(1.02736 -3.98594e-06 0)
(1.067 -1.91627e-06 0)
(1.02736 -2.58805e-06 0)
(1.02736 -1.08325e-06 0)
(1.0397 -0.11001 0)
(1.01334 -0.0891436 0)
(1.07965 -0.150671 0)
(1.05504 -0.158652 0)
(1.09939 -0.150201 0)
(1.06548 -0.161099 0)
(1.10275 -0.134143 0)
(1.05071 -0.141471 0)
(1.09354 -0.110579 0)
(1.02164 -0.113541 0)
(1.07702 -0.0840298 0)
(0.989869 -0.0829643 0)
(1.05811 -0.0592757 0)
(0.961713 -0.0560838 0)
(1.0406 -0.0394186 0)
(0.938555 -0.0356942 0)
(1.02623 -0.0252054 0)
(0.921162 -0.0219035 0)
(1.01522 -0.0157509 0)
(0.908855 -0.0131755 0)
(1.00719 -0.00976079 0)
(0.900371 -0.00784471 0)
(1.00143 -0.0060922 0)
(0.894579 -0.00465913 0)
(0.997278 -0.00389112 0)
(0.89061 -0.00278937 0)
(0.994197 -0.0025651 0)
(0.887812 -0.0016847 0)
(0.991822 -0.00175782 0)
(0.885743 -0.00100797 0)
(0.989871 -0.00128469 0)
(0.88413 -0.000575015 0)
(0.988111 -0.00105994 0)
(0.882756 -0.000306395 0)
(0.986343 -0.00106125 0)
(0.881449 -0.000174661 0)
(0.984383 -0.00130435 0)
(0.880056 -0.000183971 0)
(0.98204 -0.00182539 0)
(0.878422 -0.00034753 0)
(0.979071 -0.00266593 0)
(0.876366 -0.000707402 0)
(0.975165 -0.00383288 0)
(0.873663 -0.00129864 0)
(0.970006 -0.00524295 0)
(0.870048 -0.00210466 0)
(0.963388 -0.006645 0)
(0.865295 -0.00303539 0)
(0.955442 -0.00765876 0)
(0.859361 -0.00385495 0)
(0.946701 -0.00792702 0)
(0.852547 -0.0042952 0)
(0.937975 -0.00718887 0)
(0.845387 -0.00414664 0)
(0.930308 -0.00536634 0)
(0.838712 -0.00332525 0)
(0.92483 -0.00280705 0)
(0.833479 -0.00191349 0)
(0.922127 -0.000342559 0)
(0.830428 -0.000309714 0)
(0.921673 0.00153974 0)
(0.829622 0.0009015 0)
(0.922821 0.00304326 0)
(0.830344 0.0017512 0)
(0.925407 0.00434069 0)
(0.832454 0.00239361 0)
(0.929447 0.00532748 0)
(0.835762 0.00287388 0)
(0.934731 0.00586198 0)
(0.840078 0.00311612 0)
(0.940897 0.00592779 0)
(0.845105 0.00307419 0)
(0.94751 0.00560579 0)
(0.850469 0.00279983 0)
(0.954144 0.00500781 0)
(0.855796 0.00238565 0)
(0.960429 0.00424293 0)
(0.860811 0.00191269 0)
(0.966079 0.00340777 0)
(0.865302 0.00142119 0)
(0.970935 0.00258484 0)
(0.869142 0.000949771 0)
(0.974962 0.0018366 0)
(0.872297 0.000534169 0)
(0.978208 0.00120255 0)
(0.87481 0.000197241 0)
(0.980751 0.000698618 0)
(0.876748 -6.02867e-05 0)
(0.982695 0.000322148 0)
(0.878196 -0.000242106 0)
(0.984154 5.81808e-05 0)
(0.879249 -0.00035753 0)
(0.98523 -0.000112836 0)
(0.879993 -0.000418323 0)
(0.986009 -0.000212263 0)
(0.880505 -0.000433706 0)
(0.986568 -0.000261271 0)
(0.88085 -0.000421108 0)
(0.986962 -0.000276846 0)
(0.881074 -0.000390629 0)
(0.987238 -0.000271198 0)
(0.881212 -0.000351815 0)
(0.987427 -0.000252815 0)
(0.881292 -0.000309515 0)
(0.987555 -0.000227841 0)
(0.881334 -0.000267286 0)
(0.98764 -0.000200995 0)
(0.88135 -0.000227358 0)
(0.987693 -0.000174061 0)
(0.88135 -0.000191388 0)
(0.987726 -0.000148228 0)
(0.881341 -0.000159244 0)
(0.987745 -0.000124968 0)
(0.881327 -0.000131624 0)
(0.987755 -0.000104423 0)
(0.881312 -0.000108426 0)
(0.987758 -8.66187e-05 0)
(0.881295 -8.87297e-05 0)
(0.987758 -7.1392e-05 0)
(0.881279 -7.23028e-05 0)
(0.987756 -5.85739e-05 0)
(0.881265 -5.86592e-05 0)
(0.987753 -4.78766e-05 0)
(0.881252 -4.75211e-05 0)
(0.987749 -3.89484e-05 0)
(0.881241 -3.83137e-05 0)
(0.987745 -3.15314e-05 0)
(0.881231 -3.08237e-05 0)
(0.987741 -2.54e-05 0)
(0.881222 -2.46526e-05 0)
(0.987737 -2.03493e-05 0)
(0.881215 -1.96613e-05 0)
(0.987734 -1.62121e-05 0)
(0.88121 -1.55682e-05 0)
(0.987731 -1.2844e-05 0)
(0.881205 -1.23031e-05 0)
(0.987729 -1.01005e-05 0)
(0.881201 -9.64146e-06 0)
(0.987727 -7.85727e-06 0)
(0.881198 -7.52835e-06 0)
(0.987726 -6.01434e-06 0)
(0.881195 -5.77482e-06 0)
(0.987724 -4.45055e-06 0)
(0.881193 -4.37752e-06 0)
(0.987724 -3.06835e-06 0)
(0.881192 -3.09792e-06 0)
(0.987723 -1.7451e-06 0)
(0.881191 -2.05364e-06 0)
(0.88119 -8.93851e-07 0)
(1.05115 -0.152714 0)
(0.902495 -0.140296 0)
(1.04703 -0.176166 0)
(0.900787 -0.154529 0)
(1.01409 -0.156059 0)
(0.846022 -0.128158 0)
(0.967472 -0.12443 0)
(0.761867 -0.0948563 0)
(0.917718 -0.0884636 0)
(0.693078 -0.0637862 0)
(0.87421 -0.0567207 0)
(0.643655 -0.0394565 0)
(0.841325 -0.033948 0)
(0.610188 -0.0231992 0)
(0.818557 -0.0193009 0)
(0.588008 -0.012926 0)
(0.80351 -0.010577 0)
(0.57409 -0.00685663 0)
(0.793818 -0.00564066 0)
(0.565714 -0.0034837 0)
(0.787645 -0.00292313 0)
(0.560739 -0.00167107 0)
(0.783693 -0.00144435 0)
(0.557786 -0.000707545 0)
(0.781093 -0.000628408 0)
(0.556034 -0.0001893 0)
(0.779297 -0.000147665 0)
(0.554992 0.000111333 0)
(0.777982 0.000168125 0)
(0.554359 0.000306279 0)
(0.77693 0.000397951 0)
(0.553997 0.000476916 0)
(0.775988 0.000572699 0)
(0.553805 0.000634621 0)
(0.775031 0.00069819 0)
(0.553712 0.000781476 0)
(0.773936 0.000766786 0)
(0.553652 0.000910172 0)
(0.772565 0.000758099 0)
(0.553551 0.00102355 0)
(0.770762 0.000643711 0)
(0.55332 0.00109483 0)
(0.768356 0.000408704 0)
(0.552847 0.00110653 0)
(0.765169 8.55986e-05 0)
(0.552009 0.00108124 0)
(0.761153 -0.000232588 0)
(0.5507 0.000980017 0)
(0.756429 -0.000426261 0)
(0.548905 0.000868037 0)
(0.75134 -0.000400489 0)
(0.546755 0.000793539 0)
(0.746418 -0.000127991 0)
(0.544481 0.000775297 0)
(0.742295 0.000324568 0)
(0.542462 0.000796837 0)
(0.739572 0.000779077 0)
(0.541052 0.000809647 0)
(0.738527 0.00101836 0)
(0.540465 0.000735394 0)
(0.738939 0.00103483 0)
(0.540684 0.000489036 0)
(0.740526 0.000919877 0)
(0.541369 0.000165024 0)
(0.743115 0.000714088 0)
(0.542499 -0.000195485 0)
(0.746514 0.000457158 0)
(0.54393 -0.000525342 0)
(0.750439 0.000150829 0)
(0.545533 -0.000808916 0)
(0.754558 -0.000180412 0)
(0.547169 -0.00104448 0)
(0.75857 -0.000486514 0)
(0.548708 -0.00121257 0)
(0.762255 -0.000731771 0)
(0.550036 -0.00129934 0)
(0.765485 -0.000911384 0)
(0.551126 -0.00131772 0)
(0.768186 -0.00103036 0)
(0.551958 -0.00127997 0)
(0.770344 -0.00108951 0)
(0.552538 -0.00120823 0)
(0.772011 -0.00109598 0)
(0.552892 -0.0011326 0)
(0.773241 -0.00106328 0)
(0.553054 -0.00103285 0)
(0.774104 -0.00100277 0)
(0.553068 -0.000923079 0)
(0.774675 -0.000924158 0)
(0.552975 -0.000813654 0)
(0.775027 -0.000835798 0)
(0.55281 -0.000708963 0)
(0.77522 -0.000740722 0)
(0.552603 -0.000611433 0)
(0.775306 -0.000644003 0)
(0.552379 -0.000520356 0)
(0.775324 -0.000551689 0)
(0.552158 -0.000438755 0)
(0.775298 -0.000465916 0)
(0.55195 -0.000364759 0)
(0.775246 -0.000389464 0)
(0.55176 -0.0003005 0)
(0.775183 -0.00032298 0)
(0.551591 -0.000245934 0)
(0.775116 -0.000265809 0)
(0.551445 -0.000200294 0)
(0.775051 -0.00021713 0)
(0.55132 -0.00016223 0)
(0.77499 -0.000176396 0)
(0.551214 -0.000130976 0)
(0.774936 -0.00014275 0)
(0.551126 -0.000105302 0)
(0.774889 -0.000115182 0)
(0.551053 -8.43975e-05 0)
(0.774848 -9.26981e-05 0)
(0.550993 -6.74824e-05 0)
(0.774813 -7.43921e-05 0)
(0.550943 -5.38388e-05 0)
(0.774783 -5.95721e-05 0)
(0.550903 -4.28415e-05 0)
(0.774759 -4.76036e-05 0)
(0.55087 -3.40671e-05 0)
(0.774738 -3.79591e-05 0)
(0.550844 -2.7083e-05 0)
(0.774721 -3.0202e-05 0)
(0.550822 -2.14799e-05 0)
(0.774708 -2.39573e-05 0)
(0.550805 -1.69858e-05 0)
(0.774696 -1.89284e-05 0)
(0.550791 -1.33922e-05 0)
(0.774687 -1.48948e-05 0)
(0.55078 -1.05069e-05 0)
(0.77468 -1.16711e-05 0)
(0.550771 -8.22899e-06 0)
(0.774674 -9.10906e-06 0)
(0.550764 -6.41248e-06 0)
(0.774669 -7.07319e-06 0)
(0.550759 -4.99602e-06 0)
(0.774665 -5.4459e-06 0)
(0.550754 -3.8597e-06 0)
(0.774663 -4.13077e-06 0)
(0.550751 -2.96073e-06 0)
(0.77466 -3.01246e-06 0)
(0.550748 -2.2101e-06 0)
(0.774659 -2.05871e-06 0)
(0.550746 -1.54346e-06 0)
(0.774658 -1.18098e-06 0)
(0.550745 -9.9808e-07 0)
(0.550744 -4.41252e-07 0)
(0.859704 -0.0517068 0)
(0.705175 -0.0819935 0)
(0.577017 -0.0641019 0)
(0.482161 -0.034633 0)
(0.418375 -0.016144 0)
(0.378918 -0.00740585 0)
(0.355719 -0.00310687 0)
(0.342793 -0.00103136 0)
(0.335936 -0.000118175 0)
(0.332452 0.000240804 0)
(0.330781 0.000368769 0)
(0.330074 0.000413067 0)
(0.329885 0.000441554 0)
(0.329996 0.000486704 0)
(0.330302 0.000554112 0)
(0.330778 0.000642139 0)
(0.331413 0.000754174 0)
(0.332194 0.000890946 0)
(0.333104 0.00104866 0)
(0.334127 0.00121874 0)
(0.335221 0.00138765 0)
(0.336327 0.00153561 0)
(0.337408 0.00165378 0)
(0.338388 0.00173818 0)
(0.339256 0.00177029 0)
(0.340049 0.00172265 0)
(0.340824 0.00156811 0)
(0.341621 0.0012925 0)
(0.34243 0.000890256 0)
(0.343166 0.000376714 0)
(0.343655 -0.000184254 0)
(0.34382 -0.00073354 0)
(0.343624 -0.00121339 0)
(0.343099 -0.00156915 0)
(0.34229 -0.00178598 0)
(0.341246 -0.00187139 0)
(0.340033 -0.00184822 0)
(0.338733 -0.00174359 0)
(0.337416 -0.00158855 0)
(0.336136 -0.00140833 0)
(0.334927 -0.00121654 0)
(0.333795 -0.00102681 0)
(0.332762 -0.000855198 0)
(0.331839 -0.000706796 0)
(0.331025 -0.000579692 0)
(0.330316 -0.000471516 0)
(0.329705 -0.000381327 0)
(0.329184 -0.000307621 0)
(0.328746 -0.000246545 0)
(0.328381 -0.000196274 0)
(0.32808 -0.000155637 0)
(0.327834 -0.000122999 0)
(0.327634 -9.698e-05 0)
(0.327472 -7.63764e-05 0)
(0.327341 -6.01131e-05 0)
(0.327235 -4.72145e-05 0)
(0.327151 -3.70149e-05 0)
(0.327083 -2.89782e-05 0)
(0.32703 -2.268e-05 0)
(0.326987 -1.7741e-05 0)
(0.326953 -1.38472e-05 0)
(0.326926 -1.07844e-05 0)
(0.326904 -8.37323e-06 0)
(0.326887 -6.4759e-06 0)
(0.326874 -4.99029e-06 0)
(0.326863 -3.83409e-06 0)
(0.326855 -2.9437e-06 0)
(0.326848 -2.25637e-06 0)
(0.326843 -1.72697e-06 0)
(0.32684 -1.31075e-06 0)
(0.326837 -9.7969e-07 0)
(0.326834 -7.01906e-07 0)
(0.326833 -4.91421e-07 0)
(0.326832 -2.92564e-07 0)
)
;

boundaryField
{
    ibCylinder
    {
        type            immersedBoundary;
        value           nonuniform List<vector> 
42
(
(1.1115 0 0)
(1.1115 0 0)
(1.1115 -1.38243e-17 0)
(1.1115 0 0)
(1.1115 0 0)
(1.1115 5.14553e-17 0)
(1.1115 0 0)
(1.1115 0 0)
(1.1115 0 0)
(1.1115 0 0)
(1.1115 0 0)
(1.1115 -7.37666e-17 0)
(1.1115 7.35063e-17 1.27696e-32)
(1.1115 6.22982e-17 1.09406e-32)
(1.1115 -5.41576e-17 6.436e-33)
(1.1115 5.41557e-17 0)
(1.1115 0 0)
(1.1115 0 0)
(1.1115 0 0)
(1.1115 4.56432e-17 0)
(1.1115 0 0)
(1.1115 0 0)
(1.1115 0 0)
(1.1115 -4.56432e-17 0)
(1.1115 0 0)
(1.1115 0 0)
(1.1115 5.41576e-17 -5.61508e-33)
(1.1115 -5.41557e-17 8.20928e-34)
(1.1115 0 0)
(1.1115 7.37666e-17 7.34379e-33)
(1.1115 -7.35063e-17 -4.18177e-32)
(1.1115 0 0)
(1.1115 -8.32997e-17 -6.36418e-33)
(1.1115 0 0)
(1.1115 0 0)
(1.1115 0 0)
(1.1115 0 0)
(1.1115 5.38329e-17 9.22908e-33)
(1.1115 1.38243e-17 0)
(1.1115 0 0)
(1.1115 0 0)
(1.1115 0 0)
)
;
        value           nonuniform List<vector> 0();
    }
    in
    {
        type            calculated;
        value           uniform (1 0 0);
    }
    out
    {
        type            calculated;
        value           nonuniform List<vector> 
25
(
(0.32684 -6.65336e-08 0)
(0.774663 -5.39973e-09 0)
(0.987725 -2.89077e-07 0)
(1.067 -7.49503e-07 0)
(1.09174 -1.33269e-06 0)
(1.0985 -1.92157e-06 0)
(1.10016 -2.44062e-06 0)
(1.10054 -2.82012e-06 0)
(1.10062 -3.01932e-06 0)
(1.10063 -3.02165e-06 0)
(1.10064 -2.85373e-06 0)
(1.10064 -2.62568e-06 0)
(1.10064 -2.23651e-06 0)
(1.10064 -1.82785e-06 0)
(1.10064 -1.4792e-06 0)
(1.10063 -1.10431e-06 0)
(1.10062 -8.48276e-07 0)
(1.10054 -7.12342e-07 0)
(1.10016 -7.13319e-07 0)
(1.0985 -8.22813e-07 0)
(1.09174 -9.79121e-07 0)
(1.067 -1.11208e-06 0)
(0.987723 -1.04948e-06 0)
(0.774657 -7.21335e-07 0)
(0.326831 -1.94808e-07 0)
)
;
    }
    top
    {
        type            calculated;
        value           uniform (0 0 0);
    }
    bottom
    {
        type            calculated;
        value           uniform (0 0 0);
    }
    frontAndBack
    {
        type            empty;
        value           nonuniform List<vector> 0();
    }
}


// ************************************************************************* //
