/*--------------------------------*- C++ -*----------------------------------*\
| =========                 |                                                 |
| \\      /  F ield         | OpenFOAM: The Open Source CFD Toolbox           |
|  \\    /   O peration     | Version:  2206                                  |
|   \\  /    A nd           | Website:  www.openfoam.com                      |
|    \\/     M anipulation  |                                                 |
\*---------------------------------------------------------------------------*/
FoamFile
{
    version     2.0;
    format      ascii;
    arch        "LSB;label=32;scalar=64";
    class       volVectorField;
    location    "0.7";
    object      U;
}
// * * * * * * * * * * * * * * * * * * * * * * * * * * * * * * * * * * * * * //

dimensions      [0 1 -1 0 0 0 0];

internalField   nonuniform List<vector> 
1875
(
(0.792553 0.0207818 0)
(0.749374 0.0858725 0)
(0.64795 0.0835648 0)
(0.514917 0.0486986 0)
(0.4188 0.024644 0)
(0.355704 0.0133634 0)
(0.311721 0.00730844 0)
(0.280192 0.00387977 0)
(0.25771 0.00203333 0)
(0.241534 0.00105453 0)
(0.229739 0.000498723 0)
(0.22114 0.000148217 0)
(0.215068 -0.00012285 0)
(0.211139 -0.000388677 0)
(0.20923 -0.000669432 0)
(0.209305 -0.000992928 0)
(0.211053 -0.00140419 0)
(0.214733 -0.00188946 0)
(0.220622 -0.00246392 0)
(0.228952 -0.00317413 0)
(0.240118 -0.0040567 0)
(0.254653 -0.00515334 0)
(0.273237 -0.00651457 0)
(0.296727 -0.00819444 0)
(0.326157 -0.0102437 0)
(0.362709 -0.012692 0)
(0.407651 -0.0155308 0)
(0.462218 -0.0186804 0)
(0.527393 -0.0219402 0)
(0.60358 -0.0249339 0)
(0.690131 -0.0270484 0)
(0.784722 -0.0274228 0)
(0.882802 -0.0249194 0)
(0.977495 -0.0182836 0)
(1.05858 -0.0074326 0)
(1.11529 0.00632286 0)
(1.13167 0.0197748 0)
(1.11363 0.0347057 0)
(1.05588 0.044347 0)
(0.965488 0.0491094 0)
(0.852534 0.0470638 0)
(0.729975 0.040001 0)
(0.610837 0.031633 0)
(0.505762 0.0223291 0)
(0.416814 0.0145084 0)
(0.345679 0.00853221 0)
(0.289937 0.00624097 0)
(0.250988 0.0051047 0)
(0.220662 0.00175368 0)
(0.199409 0.000918384 0)
(0.185506 0.000400072 0)
(0.17654 -0.000250172 0)
(0.171406 -0.000572274 0)
(0.169114 -0.000828302 0)
(0.168735 -0.00105477 0)
(0.169517 -0.00110511 0)
(0.170974 -0.00103827 0)
(0.172731 -0.000942235 0)
(0.174598 -0.000821755 0)
(0.176433 -0.000715015 0)
(0.178121 -0.000608017 0)
(0.179622 -0.000507748 0)
(0.180921 -0.000417879 0)
(0.182022 -0.000339929 0)
(0.182939 -0.000273243 0)
(0.18369 -0.000217548 0)
(0.184299 -0.000171688 0)
(0.184788 -0.000134362 0)
(0.185175 -0.000104259 0)
(0.185479 -8.00566e-05 0)
(0.185715 -6.06515e-05 0)
(0.185896 -4.50156e-05 0)
(0.186031 -3.22214e-05 0)
(0.186129 -2.12024e-05 0)
(0.186202 -1.55048e-05 0)
(1.01389 0.122306 0)
(1.05104 0.187795 0)
(1.03805 0.178979 0)
(0.988845 0.157989 0)
(0.924406 0.129223 0)
(0.856437 0.0978886 0)
(0.795364 0.0718388 0)
(0.74206 0.0524057 0)
(0.697415 0.038476 0)
(0.661022 0.0284242 0)
(0.631872 0.0209581 0)
(0.608932 0.0151964 0)
(0.59132 0.0104656 0)
(0.578431 0.00629767 0)
(0.569887 0.00242399 0)
(0.565506 -0.00119995 0)
(0.564992 -0.00462624 0)
(0.568315 -0.0085152 0)
(0.575788 -0.0127909 0)
(0.587684 -0.0176157 0)
(0.604475 -0.0232149 0)
(0.626842 -0.0298406 0)
(0.655681 -0.0377764 0)
(0.692136 -0.0473148 0)
(0.73759 -0.0587264 0)
(0.793638 -0.0722007 0)
(0.862005 -0.0877815 0)
(0.944434 -0.105247 0)
(1.04245 -0.123941 0)
(1.15706 -0.142587 0)
(1.28821 -0.159054 0)
(1.43415 -0.170274 0)
(1.59058 -0.172261 0)
(1.75037 -0.160276 0)
(1.90273 -0.130012 0)
(2.03151 -0.0807437 0)
(2.12266 -0.015526 0)
(2.15783 0.0497558 0)
(2.14019 0.11242 0)
(2.06646 0.166042 0)
(1.94239 0.2011 0)
(1.77963 0.214875 0)
(1.59254 0.209373 0)
(1.39637 0.18869 0)
(1.20628 0.158617 0)
(1.03734 0.126206 0)
(0.895005 0.0966873 0)
(0.78109 0.0717173 0)
(0.693302 0.0514396 0)
(0.628093 0.0356446 0)
(0.58123 0.023593 0)
(0.54859 0.0145827 0)
(0.526814 0.00806414 0)
(0.512994 0.00347749 0)
(0.504726 0.000478044 0)
(0.500398 -0.00134443 0)
(0.498773 -0.0023904 0)
(0.498837 -0.00287709 0)
(0.499823 -0.00303597 0)
(0.501335 -0.00293555 0)
(0.502985 -0.00268479 0)
(0.504649 -0.00237057 0)
(0.50621 -0.00204135 0)
(0.507607 -0.00172402 0)
(0.508818 -0.00143062 0)
(0.509843 -0.00117081 0)
(0.510696 -0.000946689 0)
(0.511395 -0.000757251 0)
(0.511961 -0.000599507 0)
(0.512413 -0.000469283 0)
(0.512769 -0.000362311 0)
(0.513045 -0.000274396 0)
(0.513254 -0.000201699 0)
(0.513406 -0.00014046 0)
(0.513525 -8.67246e-05 0)
(1.01269 0.0740177 0)
(1.0599 0.148487 0)
(1.09696 0.16692 0)
(1.10921 0.164044 0)
(1.10282 0.155347 0)
(1.08525 0.140511 0)
(1.05897 0.120555 0)
(1.02662 0.099537 0)
(0.992468 0.0807146 0)
(0.960006 0.0647676 0)
(0.930806 0.0513696 0)
(0.905489 0.0400003 0)
(0.884205 0.0300113 0)
(0.867075 0.0208897 0)
(0.85417 0.0123187 0)
(0.845495 0.00409857 0)
(0.841098 -0.00385078 0)
(0.840942 -0.0121019 0)
(0.845303 -0.0210488 0)
(0.854462 -0.0308928 0)
(0.868846 -0.042017 0)
(0.889063 -0.0548804 0)
(0.91592 -0.0700228 0)
(0.950506 -0.088006 0)
(0.994104 -0.109342 0)
(1.0483 -0.134417 0)
(1.11495 -0.163443 0)
(1.19613 -0.196228 0)
(1.29396 -0.231872 0)
(1.41043 -0.268488 0)
(1.54689 -0.302701 0)
(1.70337 -0.329479 0)
(1.87798 -0.341877 0)
(2.06479 -0.330791 0)
(2.25124 -0.288436 0)
(2.42105 -0.21078 0)
(2.54938 -0.104743 0)
(2.62793 0.0185851 0)
(2.64583 0.132551 0)
(2.60639 0.239161 0)
(2.5135 0.322231 0)
(2.37747 0.375204 0)
(2.20796 0.397108 0)
(2.01493 0.390153 0)
(1.81095 0.358956 0)
(1.60732 0.308905 0)
(1.42093 0.254393 0)
(1.25854 0.200318 0)
(1.12479 0.151603 0)
(1.01949 0.110764 0)
(0.939704 0.0781284 0)
(0.881174 0.052965 0)
(0.839526 0.0341669 0)
(0.810774 0.0205843 0)
(0.791602 0.0110835 0)
(0.779356 0.00465889 0)
(0.771965 0.000525769 0)
(0.767842 -0.00196894 0)
(0.765854 -0.00327423 0)
(0.765246 -0.00381151 0)
(0.765463 -0.003861 0)
(0.76611 -0.003671 0)
(0.766952 -0.00332669 0)
(0.767845 -0.00290332 0)
(0.768718 -0.00246564 0)
(0.769514 -0.00205847 0)
(0.770214 -0.00169298 0)
(0.770811 -0.00137415 0)
(0.77131 -0.00110166 0)
(0.77172 -0.000872077 0)
(0.772049 -0.000680268 0)
(0.77231 -0.00052062 0)
(0.772512 -0.000387111 0)
(0.77266 -0.000275953 0)
(0.772785 -0.000167907 0)
(1.00548 0.0376634 0)
(1.03486 0.0955145 0)
(1.07836 0.131269 0)
(1.11207 0.146146 0)
(1.13132 0.147469 0)
(1.14411 0.140539 0)
(1.14569 0.129937 0)
(1.14106 0.118202 0)
(1.1313 0.105141 0)
(1.1181 0.0904742 0)
(1.10277 0.075611 0)
(1.08691 0.0617685 0)
(1.07165 0.0487854 0)
(1.05793 0.0363427 0)
(1.04641 0.0242773 0)
(1.03745 0.0123739 0)
(1.03139 0.000399652 0)
(1.02857 -0.012018 0)
(1.02935 -0.0254192 0)
(1.0341 -0.0401324 0)
(1.04331 -0.0566447 0)
(1.05754 -0.0755465 0)
(1.07744 -0.0976155 0)
(1.1042 -0.123633 0)
(1.13878 -0.154444 2.74619e-33)
(1.18294 -0.190769 -2.69563e-33)
(1.2388 -0.233194 0)
(1.30897 -0.281857 0)
(1.39657 -0.336041 0)
(1.50514 -0.39392 0)
(1.63821 -0.451237 0)
(1.79898 -0.501751 0)
(1.99086 -0.53476 0)
(2.20675 -0.533111 0)
(2.42463 -0.482295 0)
(2.61537 -0.375087 0)
(2.75277 -0.219646 0)
(2.85097 -0.0452729 0)
(2.85622 0.137817 0)
(2.82344 0.300306 0)
(2.74204 0.427536 0)
(2.62578 0.520411 0)
(2.48426 0.574447 0)
(2.32232 0.588826 0)
(2.146 0.566938 0)
(1.96315 0.517024 0)
(1.78085 0.448167 0)
(1.60801 0.369634 0)
(1.45501 0.291786 0)
(1.32669 0.221657 0)
(1.22391 0.162667 0)
(1.14463 0.115413 0)
(1.08542 0.0789925 0)
(1.04242 0.0518508 0)
(1.01197 0.0322598 0)
(0.990936 0.018562 0)
(0.976767 0.0093084 0)
(0.967495 0.00332592 0)
(0.961652 -0.000345132 0)
(0.95815 -0.00243553 0)
(0.956231 -0.00348859 0)
(0.955252 -0.00379691 0)
(0.954918 -0.00371849 0)
(0.954933 -0.00346083 0)
(0.955145 -0.00307194 0)
(0.955462 -0.00264547 0)
(0.955814 -0.00222598 0)
(0.956157 -0.00183987 0)
(0.956468 -0.00149769 0)
(0.956741 -0.00120102 0)
(0.956971 -0.000947521 0)
(0.95716 -0.000732833 0)
(0.957312 -0.000550514 0)
(0.957426 -0.00040012 0)
(0.957527 -0.00024298 0)
(1.00294 0.023295 0)
(1.01943 0.0649841 0)
(1.05 0.0954905 0)
(1.08346 0.114605 0)
(1.11212 0.123872 0)
(1.13495 0.125409 0)
(1.15131 0.122051 0)
(1.16178 0.114765 0)
(1.16924 0.104063 0)
(1.17115 0.0930768 0)
(1.17023 0.0828094 0)
(1.16706 0.0717405 0)
(1.16235 0.0598654 0)
(1.15689 0.0469055 0)
(1.15115 0.0333184 0)
(1.14569 0.0194918 0)
(1.14107 0.00518506 0)
(1.1379 -0.00996002 0)
(1.13675 -0.0263907 0)
(1.13807 -0.0446199 0)
(1.1424 -0.0652273 0)
(1.15032 -0.0888124 0)
(1.16198 -0.116542 0)
(1.17904 -0.149155 0)
(1.20211 -0.187819 0)
(1.23354 -0.23428 0)
(1.27552 -0.289537 0)
(1.33124 -0.354379 0)
(1.40503 -0.428924 0)
(1.50265 -0.511775 0)
(1.63056 -0.598943 0)
(1.79823 -0.685307 0)
(2.01528 -0.754614 0)
(2.25077 -0.774613 0)
(2.46869 -0.719956 0)
(2.63196 -0.57157 0)
(2.75633 -0.348391 0)
(2.78588 -0.0990196 0)
(2.76932 0.14487 0)
(2.71563 0.35364 0)
(2.63808 0.505103 0)
(2.54565 0.615279 0)
(2.44974 0.687174 0)
(2.33015 0.719892 0)
(2.19656 0.711792 0)
(2.0546 0.669845 0)
(1.90774 0.605841 0)
(1.76244 0.524577 0)
(1.62544 0.433196 0)
(1.50433 0.34298 0)
(1.40148 0.261388 0)
(1.31742 0.192431 0)
(1.25112 0.137132 0)
(1.20041 0.0945783 0)
(1.16264 0.0629464 0)
(1.13511 0.0401384 0)
(1.11546 0.0241485 0)
(1.10172 0.0132837 0)
(1.09231 0.00616769 0)
(1.086 0.00168881 0)
(1.08186 -0.000946284 0)
(1.07924 -0.00234903 0)
(1.07763 -0.0029803 0)
(1.07669 -0.00312721 0)
(1.07617 -0.00298982 0)
(1.07592 -0.0027322 0)
(1.07583 -0.00238726 0)
(1.07585 -0.0020287 0)
(1.07592 -0.00168717 0)
(1.07601 -0.00137674 0)
(1.0761 -0.00110201 0)
(1.07619 -0.000863059 0)
(1.07627 -0.000655473 0)
(1.07633 -0.000481807 0)
(1.07639 -0.000293993 0)
(1.0017 0.01571 0)
(1.01148 0.0454177 0)
(1.03159 0.0693178 0)
(1.05678 0.0861647 0)
(1.08251 0.0967311 0)
(1.10668 0.102028 0)
(1.1282 0.103048 0)
(1.14635 0.10045 0)
(1.16091 0.0949894 0)
(1.17156 0.0878938 0)
(1.17934 0.0796213 0)
(1.18479 0.0696498 0)
(1.18871 0.0584588 0)
(1.19007 0.0470206 0)
(1.19013 0.0352913 0)
(1.18929 0.0225056 0)
(1.1878 0.00823575 0)
(1.18612 -0.00762432 0)
(1.18469 -0.0253987 0)
(1.18391 -0.0456056 0)
(1.18427 -0.0686894 0)
(1.18641 -0.0947118 0)
(1.19036 -0.125573 0)
(1.19799 -0.163332 0)
(1.21006 -0.20871 0)
(1.22838 -0.263574 0)
(1.25529 -0.330139 0)
(1.29441 -0.410537 0)
(1.35111 -0.506587 0)
(1.43334 -0.619186 0)
(1.55136 -0.746934 0)
(1.72331 -0.890096 0)
(1.94366 -1.00712 0)
(2.11899 -1.0208 0)
(2.26746 -0.916753 0)
(2.28831 -0.715805 0)
(2.19727 -0.419646 0)
(2.09296 -0.0898451 0)
(2.03962 0.195201 0)
(2.04372 0.431093 0)
(2.0652 0.591367 0)
(2.08824 0.715367 0)
(2.08525 0.786156 0)
(2.05709 0.838623 0)
(2.00364 0.836171 0)
(1.93317 0.804802 0)
(1.84744 0.73967 0)
(1.74954 0.649974 0)
(1.64815 0.548612 0)
(1.55099 0.445253 0)
(1.46511 0.349842 0)
(1.3923 0.266251 0)
(1.3325 0.196492 0)
(1.28464 0.140751 0)
(1.24721 0.0978722 0)
(1.21861 0.0659565 0)
(1.19721 0.0428501 0)
(1.18154 0.0265763 0)
(1.17028 0.0154563 0)
(1.16232 0.00804731 0)
(1.15681 0.00332285 0)
(1.15304 0.000470402 0)
(1.15048 -0.00115484 0)
(1.14878 -0.00197229 0)
(1.14766 -0.00228331 0)
(1.14694 -0.00229951 0)
(1.14648 -0.0021501 0)
(1.1462 -0.00191822 0)
(1.14603 -0.00165255 0)
(1.14594 -0.00138404 0)
(1.1459 -0.00113011 0)
(1.14589 -0.00089919 0)
(1.14589 -0.000691632 0)
(1.1459 -0.000512953 0)
(1.1459 -0.000314091 0)
(1.00107 0.011025 0)
(1.00739 0.0324487 0)
(1.02109 0.0506749 0)
(1.03946 0.0645185 0)
(1.05979 0.0740609 0)
(1.08048 0.0797924 0)
(1.10068 0.0823224 0)
(1.11963 0.0820763 0)
(1.13666 0.0794803 0)
(1.1513 0.0751219 0)
(1.16374 0.0693477 0)
(1.17405 0.0622493 0)
(1.18207 0.0539792 0)
(1.18816 0.044605 0)
(1.19214 0.0339459 0)
(1.19464 0.0219316 0)
(1.19558 0.00832966 0)
(1.19537 -0.0069635 0)
(1.19431 -0.0243049 0)
(1.19238 -0.0443448 0)
(1.18995 -0.0676894 0)
(1.18733 -0.0950641 0)
(1.18537 -0.128158 0)
(1.18446 -0.168472 0)
(1.18513 -0.217529 0)
(1.18894 -0.278263 0)
(1.19818 -0.353871 0)
(1.21644 -0.448108 0)
(1.24947 -0.565248 0)
(1.30636 -0.709913 0)
(1.40092 -0.88626 0)
(1.54867 -1.09078 0)
(1.68469 -1.17223 0)
(1.64013 -1.09654 0)
(1.40286 -0.762984 0)
(1.00821 -0.336593 0)
(0.572112 -0.047729 9.45902e-18)
(0.306947 0.0351765 0)
(0.454538 0.0765251 -5.83706e-17)
(0.688192 0.156305 0)
(0.81487 0.366623 -2.04662e-19)
(1.10306 0.576671 0)
(1.31296 0.71558 0)
(1.46109 0.802157 0)
(1.54833 0.829655 0)
(1.58644 0.824432 0)
(1.59386 0.792225 0)
(1.57466 0.722058 0)
(1.53547 0.62879 0)
(1.48586 0.524544 0)
(1.43324 0.41946 0)
(1.38419 0.3249 0)
(1.34117 0.244805 0)
(1.30488 0.179851 0)
(1.27534 0.129025 0)
(1.25195 0.0902232 0)
(1.23377 0.0612603 0)
(1.21987 0.0402384 0)
(1.20947 0.0254391 0)
(1.20182 0.0152032 0)
(1.19631 0.0083564 0)
(1.19238 0.00398544 0)
(1.18957 0.00126925 0)
(1.18759 -0.000305983 0)
(1.1862 -0.00114885 0)
(1.18522 -0.00153367 0)
(1.18455 -0.00163702 0)
(1.18408 -0.00157751 0)
(1.18376 -0.00143108 0)
(1.18354 -0.00124403 0)
(1.18339 -0.00104407 0)
(1.18329 -0.000847937 0)
(1.18322 -0.000662079 0)
(1.18318 -0.000496273 0)
(1.18315 -0.000304612 0)
(1.00075 0.00790615 0)
(1.00519 0.0234626 0)
(1.01507 0.0371821 0)
(1.02882 0.0480606 0)
(1.04473 0.0559754 0)
(1.06172 0.0611564 0)
(1.07903 0.0638991 0)
(1.09606 0.0645077 0)
(1.11225 0.0632844 0)
(1.12722 0.0605868 0)
(1.14075 0.0566278 0)
(1.1527 0.0514165 0)
(1.16279 0.0450325 0)
(1.17104 0.0375177 0)
(1.17741 0.0288696 0)
(1.18195 0.0188089 0)
(1.18455 0.00712701 0)
(1.18521 -0.00651399 0)
(1.18398 -0.0224938 0)
(1.18089 -0.0412842 0)
(1.17598 -0.0635702 0)
(1.16932 -0.0902194 0)
(1.16103 -0.122644 0)
(1.15115 -0.162703 0)
(1.13997 -0.212683 4.63515e-32)
(1.12826 -0.275771 -4.58201e-32)
(1.11743 -0.356224 0)
(1.11014 -0.459646 0)
(1.11095 -0.593211 0)
(1.1275 -0.766261 0)
(1.17439 -0.983959 0)
(1.22759 -1.17652 0)
(1.07639 -1.06957 0)
(0.642285 -0.593265 0)
(0.0662851 -0.120714 0)
(0 0 0)
(0 0 0)
(0 0 0)
(0 0 0)
(0 0 0)
(0.0523563 0.0940687 0)
(0.241136 0.238646 0)
(0.481305 0.439717 0)
(0.754187 0.609403 0)
(0.964182 0.714077 0)
(1.10729 0.755716 0)
(1.20568 0.751814 0)
(1.2695 0.711054 0)
(1.30548 0.639301 0)
(1.31837 0.549165 0)
(1.31608 0.451837 0)
(1.30526 0.358066 0)
(1.29079 0.275567 0)
(1.2756 0.206483 0)
(1.2612 0.150775 0)
(1.24857 0.107513 0)
(1.23796 0.0748625 0)
(1.22936 0.0508526 0)
(1.22254 0.0335352 0)
(1.21724 0.0211189 0)
(1.2131 0.012741 0)
(1.21022 0.00727192 0)
(1.20798 0.00364372 0)
(1.2063 0.00140354 0)
(1.20503 7.62994e-05 0)
(1.20408 -0.000656522 0)
(1.20338 -0.00100672 0)
(1.20286 -0.001125 0)
(1.20248 -0.00110695 0)
(1.20219 -0.00101293 0)
(1.20198 -0.000880367 0)
(1.20183 -0.000732782 0)
(1.20172 -0.000581843 0)
(1.20164 -0.000440933 0)
(1.20157 -0.000270619 0)
(1.00057 0.00565287 0)
(1.00392 0.0168395 0)
(1.01147 0.0269254 0)
(1.02223 0.0351753 0)
(1.03505 0.0413765 0)
(1.04912 0.0456083 0)
(1.06384 0.048048 0)
(1.07875 0.0489012 0)
(1.09332 0.0483618 0)
(1.10722 0.0466342 0)
(1.12017 0.0438638 0)
(1.13197 0.0400953 0)
(1.14236 0.0353494 0)
(1.15117 0.029615 0)
(1.15823 0.0228283 0)
(1.16346 0.014743 0)
(1.1666 0.00510774 0)
(1.16744 -0.00636976 0)
(1.16578 -0.0200482 0)
(1.16141 -0.0364135 0)
(1.15406 -0.0561389 0)
(1.14342 -0.0801482 0)
(1.12912 -0.109789 0)
(1.11068 -0.146902 0)
(1.08764 -0.193966 0)
(1.05964 -0.254532 0)
(1.0266 -0.33361 0)
(0.989204 -0.438237 0)
(0.948936 -0.578164 0)
(0.913616 -0.765469 0)
(0.877963 -1.00001 0)
(0.775932 -1.02439 0)
(0.320028 -0.535851 0)
(0 0 0)
(0 0 0)
(0 0 0)
(0 0 0)
(0 0 0)
(0 0 0)
(0 0 0)
(0 0 0)
(-0.118976 0.0470485 -2.96155e-18)
(0.0224755 0.158218 -3.16795e-17)
(0.209839 0.342099 0)
(0.440275 0.494523 0)
(0.633799 0.589763 0)
(0.791846 0.62936 0)
(0.91889 0.622426 0)
(1.01781 0.579843 0)
(1.09092 0.513124 0)
(1.1425 0.433168 0)
(1.17653 0.351179 0)
(1.19775 0.275399 0)
(1.21031 0.209983 0)
(1.21713 0.15614 0)
(1.22026 0.113381 0)
(1.22115 0.0803852 0)
(1.22078 0.0556832 0)
(1.21972 0.037551 0)
(1.21848 0.0244605 0)
(1.21712 0.0153986 0)
(1.21584 0.00912836 0)
(1.21472 0.00511197 0)
(1.21388 0.00267795 0)
(1.21311 0.00108555 0)
(1.21243 0.000110522 0)
(1.21188 -0.000420652 0)
(1.21144 -0.000675843 0)
(1.21108 -0.000762703 0)
(1.21079 -0.00075025 0)
(1.21056 -0.000681307 0)
(1.21039 -0.000583308 0)
(1.21025 -0.000471361 0)
(1.21016 -0.000360501 0)
(1.21006 -0.000220558 0)
(1.00046 0.00390373 0)
(1.00315 0.0116512 0)
(1.00926 0.0187335 0)
(1.0181 0.024652 0)
(1.02886 0.0292071 0)
(1.04089 0.0324019 0)
(1.05371 0.0343231 0)
(1.06686 0.0351022 0)
(1.07998 0.0348774 0)
(1.09267 0.0337718 0)
(1.1047 0.0318802 0)
(1.11581 0.0292427 0)
(1.12576 0.0258553 0)
(1.13432 0.0216688 0)
(1.14126 0.0165901 0)
(1.14636 0.0104913 0)
(1.14935 0.00310073 0)
(1.14982 -0.00580262 0)
(1.14739 -0.0165643 0)
(1.14159 -0.0296316 0)
(1.13188 -0.0456002 0)
(1.11757 -0.0652922 0)
(1.0978 -0.0898873 0)
(1.07148 -0.121057 0)
(1.03724 -0.161173 6.22232e-33)
(0.993346 -0.21366 -6.21209e-33)
(0.937731 -0.283534 0)
(0.868042 -0.378139 0)
(0.781086 -0.507946 0)
(0.680438 -0.682256 0)
(0.52775 -0.859557 0)
(0.219532 -0.625766 -6.23715e-16)
(-0.140113 -0.060618 -9.12505e-18)
(0 0 0)
(0 0 0)
(0 0 0)
(0 0 0)
(0 0 0)
(0 0 0)
(0 0 0)
(0 0 0)
(0 0 0)
(-0.125173 0.0480445 0)
(-0.0618217 0.125672 0)
(0.0995075 0.284623 0)
(0.279062 0.402331 0)
(0.44971 0.466521 0)
(0.605327 0.484191 0)
(0.743056 0.466193 0)
(0.860704 0.423451 0)
(0.957038 0.365812 0)
(1.03198 0.302786 0)
(1.08836 0.241698 0)
(1.12967 0.187124 0)
(1.15918 0.14102 0)
(1.17973 0.103692 0)
(1.1937 0.0744484 0)
(1.20294 0.0522318 0)
(1.20887 0.0357689 0)
(1.21249 0.0237965 0)
(1.21451 0.015371 0)
(1.21557 0.00955292 0)
(1.21589 0.00556092 0)
(1.21594 0.00302935 0)
(1.2158 0.0015089 0)
(1.21557 0.000566186 0)
(1.21529 -7.23392e-06 0)
(1.215 -0.000320619 0)
(1.21472 -0.000463167 0)
(1.21447 -0.0005029 0)
(1.21426 -0.000481064 0)
(1.21409 -0.000424536 0)
(1.21395 -0.000349032 0)
(1.21385 -0.000268969 0)
(1.21375 -0.000163653 0)
(1.00039 0.00245747 0)
(1.00269 0.00734419 0)
(1.00792 0.0118501 0)
(1.01558 0.0156694 0)
(1.02502 0.018656 0)
(1.03573 0.0207876 0)
(1.04727 0.022103 0)
(1.05923 0.0226745 0)
(1.07128 0.0225892 0)
(1.08305 0.0219234 0)
(1.09427 0.0207332 0)
(1.10472 0.0190461 0)
(1.11413 0.016854 0)
(1.12226 0.0141087 0)
(1.12882 0.0107253 0)
(1.13355 0.00658356 0)
(1.13607 0.00162349 0)
(1.13599 -0.0044813 0)
(1.13269 -0.011912 0)
(1.12556 -0.0210106 0)
(1.11381 -0.0322373 0)
(1.09647 -0.0462153 0)
(1.07223 -0.0638319 0)
(1.03943 -0.0863673 0)
(0.995806 -0.115675 0)
(0.938355 -0.154496 0)
(0.862993 -0.20691 0)
(0.764256 -0.279006 0)
(0.634681 -0.379223 0)
(0.466005 -0.509333 0)
(0.209661 -0.594829 0)
(-0.0687783 -0.328023 -1.36454e-15)
(0 0 0)
(0 0 0)
(0 0 0)
(0 0 0)
(0 0 0)
(0 0 0)
(0 0 0)
(0 0 0)
(0 0 0)
(0 0 0)
(0 0 0)
(-0.0833045 0.040669 0)
(-0.0729929 0.143341 0)
(0.0595926 0.239616 0)
(0.216861 0.301421 0)
(0.378968 0.326959 0)
(0.535364 0.323381 0)
(0.678655 0.29912 0)
(0.803827 0.262228 0)
(0.907795 0.220056 0)
(0.991194 0.177952 0)
(1.05594 0.139432 0)
(1.10467 0.10623 0)
(1.14041 0.0788817 0)
(1.16605 0.0571613 0)
(1.184 0.0404671 0)
(1.19628 0.0279663 0)
(1.20444 0.0188191 0)
(1.20968 0.012306 0)
(1.21293 0.00777195 0)
(1.21481 0.00471659 0)
(1.21582 0.00270779 0)
(1.21629 0.00141115 0)
(1.21646 0.000612977 0)
(1.21643 0.000154521 0)
(1.2163 -0.000106705 0)
(1.21613 -0.000241652 0)
(1.21593 -0.000296811 0)
(1.21575 -0.000300023 0)
(1.21559 -0.000272713 0)
(1.21546 -0.000227955 0)
(1.21536 -0.000176848 0)
(1.21526 -0.0001069 0)
(1.00036 0.00118645 0)
(1.00244 0.00355019 0)
(1.0072 0.00574178 0)
(1.0142 0.00761636 0)
(1.02291 0.00909488 0)
(1.03287 0.0101601 0)
(1.0437 0.0108269 0)
(1.05498 0.0111266 0)
(1.06639 0.011101 0)
(1.07759 0.0107869 0)
(1.08831 0.0102106 0)
(1.09832 0.00938595 0)
(1.10735 0.00830814 0)
(1.11515 0.00695041 0)
(1.12143 0.00525464 0)
(1.12585 0.00313573 0)
(1.12791 0.000636273 0)
(1.12735 -0.00246152 0)
(1.12341 -0.00624477 0)
(1.11533 -0.0109071 0)
(1.1022 -0.0167006 0)
(1.08284 -0.023958 0)
(1.05565 -0.0331543 0)
(1.01855 -0.0449847 0)
(0.968676 -0.0604693 2.64928e-32)
(0.902059 -0.0811266 -2.68103e-32)
(0.813128 -0.109252 0)
(0.694072 -0.148296 0)
(0.53359 -0.202727 0)
(0.312203 -0.270083 0)
(-0.0160041 -0.281038 0)
(-0.157298 -0.0514238 4.77892e-33)
(0 0 0)
(0 0 0)
(0 0 0)
(0 0 0)
(0 0 0)
(0 0 0)
(0 0 0)
(0 0 0)
(0 0 0)
(0 0 0)
(0 0 0)
(-0.13171 0.0126173 -5.14337e-17)
(-0.145668 0.056448 0)
(-0.0565402 0.108811 0)
(0.084317 0.146643 0)
(0.243894 0.164229 0)
(0.40801 0.16559 0)
(0.565985 0.155409 0)
(0.706619 0.137237 0)
(0.82817 0.116158 0)
(0.926782 0.0946338 0)
(1.00631 0.0743633 0)
(1.06732 0.0569372 0)
(1.11295 0.0425091 0)
(1.14636 0.0309695 0)
(1.17021 0.0220399 0)
(1.18686 0.0153145 0)
(1.19818 0.0103728 0)
(1.20567 0.00683581 0)
(1.21047 0.00436538 0)
(1.21342 0.00267989 0)
(1.21515 0.00156476 0)
(1.2161 0.000850058 0)
(1.21655 0.000398311 0)
(1.21672 0.00013256 0)
(1.2167 -2.01297e-05 0)
(1.2166 -9.87523e-05 0)
(1.21645 -0.000134276 0)
(1.2163 -0.000142702 0)
(1.21615 -0.000133474 0)
(1.21602 -0.000112626 0)
(1.21592 -8.67062e-05 0)
(1.21583 -5.23678e-05 0)
(1.00034 -1.0619e-06 0)
(1.00233 -2.13983e-07 0)
(1.00695 6.24399e-08 0)
(1.01375 6.80457e-07 0)
(1.02223 1.36331e-06 0)
(1.03196 2.1501e-06 0)
(1.04254 3.006e-06 0)
(1.05361 3.90631e-06 0)
(1.06481 4.79337e-06 0)
(1.07583 5.58715e-06 0)
(1.08638 6.18335e-06 0)
(1.09623 6.48415e-06 0)
(1.10514 6.40741e-06 0)
(1.11282 5.88103e-06 0)
(1.11901 4.88948e-06 0)
(1.12334 3.36533e-06 0)
(1.1253 1.4421e-06 0)
(1.12438 6.87618e-08 0)
(1.1202 -1.75076e-06 0)
(1.1118 -3.6028e-06 0)
(1.0982 -5.21974e-06 0)
(1.07813 -6.4958e-06 0)
(1.04992 -7.29559e-06 0)
(1.01132 -7.56577e-06 0)
(0.95924 -7.30242e-06 0)
(0.889385 -6.66293e-06 0)
(0.795632 -6.02037e-06 0)
(0.669313 -6.56787e-06 0)
(0.497598 -1.06855e-05 0)
(0.258315 -2.03423e-05 0)
(-0.083066 -2.27559e-05 0)
(-0.179611 -1.60635e-06 0)
(0 0 0)
(0 0 0)
(0 0 0)
(0 0 0)
(0 0 0)
(0 0 0)
(0 0 0)
(0 0 0)
(0 0 0)
(0 0 0)
(0 0 0)
(-0.142506 -1.61187e-06 0)
(-0.161317 -8.31225e-06 0)
(-0.0922416 -1.05405e-05 0)
(0.0407295 -4.39737e-06 0)
(0.1984 1.55638e-06 0)
(0.364443 5.48198e-06 0)
(0.527521 9.05122e-06 0)
(0.67245 1.03305e-05 0)
(0.802621 1.14268e-05 0)
(0.904005 1.11439e-05 0)
(0.988915 8.35525e-06 0)
(1.05416 7.80293e-06 0)
(1.10321 5.67303e-06 0)
(1.13931 3.41518e-06 0)
(1.16523 2.11274e-06 0)
(1.18342 7.90849e-07 0)
(1.19586 -9.82776e-08 0)
(1.20415 -6.60616e-07 0)
(1.20951 -9.37211e-07 0)
(1.21285 -1.00445e-06 0)
(1.21484 -9.34545e-07 0)
(1.21596 -7.9576e-07 0)
(1.21652 -6.1783e-07 0)
(1.21675 -4.41384e-07 0)
(1.21677 -2.99919e-07 0)
(1.21671 -1.76916e-07 0)
(1.21658 -9.74238e-08 0)
(1.21643 -5.75183e-08 0)
(1.21629 -8.15369e-08 0)
(1.21616 -1.106e-07 0)
(1.21607 -1.6936e-07 0)
(1.21597 -2.9997e-07 0)
(1.00036 -0.0011886 0)
(1.00244 -0.00355063 0)
(1.0072 -0.00574168 0)
(1.0142 -0.00761499 0)
(1.02291 -0.00909216 0)
(1.03287 -0.0101558 0)
(1.0437 -0.0108209 0)
(1.05498 -0.0111189 0)
(1.06639 -0.0110915 0)
(1.07759 -0.0107758 0)
(1.08832 -0.0101983 0)
(1.09832 -0.00937313 0)
(1.10735 -0.0082955 0)
(1.11516 -0.00693884 0)
(1.12144 -0.00524518 0)
(1.12585 -0.00312903 0)
(1.12791 -0.000633125 0)
(1.12735 0.00246114 0)
(1.12341 0.00624087 0)
(1.11534 0.0108997 0)
(1.10221 0.01669 0)
(1.08284 0.023945 0)
(1.05566 0.0331397 0)
(1.01856 0.0449696 0)
(0.968678 0.0604547 0)
(0.902061 0.0811132 0)
(0.813131 0.10924 0)
(0.694075 0.148283 0)
(0.533592 0.202706 0)
(0.312206 0.270044 0)
(-0.016009 0.280992 0)
(-0.157296 0.0514149 -4.77807e-33)
(0 0 0)
(0 0 0)
(0 0 0)
(0 0 0)
(0 0 0)
(0 0 0)
(0 0 0)
(0 0 0)
(0 0 0)
(0 0 0)
(0 0 0)
(-0.131694 -0.0126144 5.13841e-17)
(-0.145677 -0.0564615 0)
(-0.0565551 -0.108828 0)
(0.0843028 -0.146653 0)
(0.243883 -0.164231 0)
(0.408006 -0.165585 0)
(0.56598 -0.155397 0)
(0.706633 -0.13722 0)
(0.828161 -0.116142 0)
(0.9268 -0.0946119 0)
(1.00631 -0.0743494 0)
(1.06732 -0.0569223 0)
(1.11296 -0.042497 0)
(1.14636 -0.0309626 0)
(1.17022 -0.0220354 0)
(1.18686 -0.0153129 0)
(1.19818 -0.0103728 0)
(1.20567 -0.00683701 0)
(1.21047 -0.00436708 0)
(1.21342 -0.00268175 0)
(1.21516 -0.00156644 0)
(1.2161 -0.000851524 0)
(1.21655 -0.00039946 0)
(1.21672 -0.000133419 0)
(1.2167 1.96227e-05 0)
(1.2166 9.84559e-05 0)
(1.21645 0.000134052 0)
(1.2163 0.000142547 0)
(1.21615 0.000133313 0)
(1.21602 0.000112362 0)
(1.21592 8.63537e-05 0)
(1.21583 5.17479e-05 0)
(1.00039 -0.00245962 0)
(1.00269 -0.00734459 0)
(1.00792 -0.01185 0)
(1.01558 -0.015668 0)
(1.02502 -0.0186533 0)
(1.03573 -0.0207833 0)
(1.04727 -0.0220972 0)
(1.05924 -0.0226669 0)
(1.07128 -0.0225798 0)
(1.08305 -0.0219126 0)
(1.09427 -0.0207213 0)
(1.10472 -0.0190336 0)
(1.11413 -0.0168418 0)
(1.12226 -0.0140976 0)
(1.12883 -0.0107162 0)
(1.13356 -0.00657713 0)
(1.13607 -0.00162037 0)
(1.13599 0.00448093 0)
(1.1327 0.011908 0)
(1.12557 0.0210032 0)
(1.11382 0.0322268 0)
(1.09647 0.0462024 0)
(1.07224 0.0638174 0)
(1.03944 0.0863522 0)
(0.99581 0.11566 0)
(0.93836 0.154483 0)
(0.862998 0.206898 0)
(0.764261 0.278994 0)
(0.634685 0.379204 0)
(0.466008 0.509298 0)
(0.209653 0.594786 0)
(-0.0687901 0.328008 1.36454e-15)
(0 0 0)
(0 0 0)
(0 0 0)
(0 0 0)
(0 0 0)
(0 0 0)
(0 0 0)
(0 0 0)
(0 0 0)
(0 0 0)
(0 0 0)
(-0.0832782 -0.0406522 0)
(-0.072991 -0.143345 0)
(0.0595898 -0.23963 0)
(0.216863 -0.301435 0)
(0.378974 -0.326968 0)
(0.535376 -0.323382 0)
(0.678668 -0.299114 0)
(0.803842 -0.262213 0)
(0.90781 -0.220038 0)
(0.991203 -0.177934 0)
(1.05595 -0.13941 0)
(1.10467 -0.106216 0)
(1.14042 -0.0788681 0)
(1.16605 -0.0571544 0)
(1.184 -0.0404623 0)
(1.19628 -0.0279641 0)
(1.20445 -0.0188187 0)
(1.20969 -0.0123067 0)
(1.21293 -0.00777309 0)
(1.21481 -0.00471793 0)
(1.21582 -0.00270901 0)
(1.21629 -0.0014122 0)
(1.21646 -0.000613849 0)
(1.21643 -0.000155145 0)
(1.2163 0.00010627 0)
(1.21613 0.000241397 0)
(1.21593 0.000296649 0)
(1.21575 0.000299884 0)
(1.21559 0.000272551 0)
(1.21546 0.000227693 0)
(1.21536 0.000176474 0)
(1.21526 0.000106261 0)
(1.00046 -0.00390579 0)
(1.00315 -0.0116516 0)
(1.00926 -0.0187334 0)
(1.0181 -0.0246506 0)
(1.02886 -0.0292045 0)
(1.04089 -0.0323978 0)
(1.05371 -0.0343174 0)
(1.06686 -0.0350949 0)
(1.07998 -0.0348684 0)
(1.09268 -0.0337615 0)
(1.1047 -0.0318688 0)
(1.11582 -0.0292309 0)
(1.12577 -0.0258438 0)
(1.13432 -0.0216584 0)
(1.14127 -0.0165816 0)
(1.14636 -0.0104854 0)
(1.14936 -0.00309804 0)
(1.14983 0.00580185 0)
(1.1474 0.0165601 0)
(1.1416 0.029624 0)
(1.13189 0.0455896 0)
(1.11757 0.0652793 0)
(1.09781 0.0898729 0)
(1.07149 0.121042 0)
(1.03724 0.161158 0)
(0.993353 0.213646 0)
(0.937738 0.283522 0)
(0.868049 0.378127 0)
(0.781092 0.50793 0)
(0.680442 0.682228 0)
(0.527742 0.859526 0)
(0.219513 0.625734 6.23715e-16)
(-0.140113 0.0606157 9.12519e-18)
(0 0 0)
(0 0 0)
(0 0 0)
(0 0 0)
(0 0 0)
(0 0 0)
(0 0 0)
(0 0 0)
(0 0 0)
(-0.125184 -0.0480424 0)
(-0.0618347 -0.125665 0)
(0.09952 -0.284635 0)
(0.279084 -0.402353 0)
(0.449736 -0.46654 0)
(0.605355 -0.484204 0)
(0.743083 -0.466197 0)
(0.860728 -0.423444 0)
(0.957057 -0.365796 0)
(1.03199 -0.302763 0)
(1.08837 -0.241675 0)
(1.12968 -0.1871 0)
(1.15918 -0.141005 0)
(1.17974 -0.103678 0)
(1.19371 -0.0744404 0)
(1.20295 -0.0522269 0)
(1.20888 -0.035766 0)
(1.21249 -0.0237954 0)
(1.21451 -0.0153707 0)
(1.21557 -0.00955317 0)
(1.21589 -0.00556126 0)
(1.21594 -0.00302976 0)
(1.2158 -0.00150933 0)
(1.21558 -0.000566625 0)
(1.21529 6.86382e-06 0)
(1.215 0.000320392 0)
(1.21472 0.000463003 0)
(1.21447 0.000502772 0)
(1.21426 0.000480928 0)
(1.21409 0.000424346 0)
(1.21395 0.000348742 0)
(1.21385 0.000268556 0)
(1.21375 0.00016298 0)
(1.00057 -0.00565477 0)
(1.00392 -0.0168398 0)
(1.01147 -0.0269253 0)
(1.02223 -0.035174 0)
(1.03505 -0.041374 0)
(1.04912 -0.0456044 0)
(1.06384 -0.0480426 0)
(1.07875 -0.0488942 0)
(1.09332 -0.0483533 0)
(1.10722 -0.0466245 0)
(1.12018 -0.0438532 0)
(1.13197 -0.0400845 0)
(1.14236 -0.0353389 0)
(1.15117 -0.0296055 0)
(1.15824 -0.0228206 0)
(1.16346 -0.014738 0)
(1.16661 -0.00510572 0)
(1.16745 0.00636848 0)
(1.16579 0.0200436 0)
(1.16142 0.0364058 0)
(1.15407 0.0561284 0)
(1.14343 0.0801356 0)
(1.12912 0.109775 0)
(1.11069 0.146887 0)
(1.08765 0.193951 0)
(1.05965 0.254519 0)
(1.02661 0.333598 0)
(0.989212 0.438226 0)
(0.948944 0.57815 0)
(0.913622 0.765447 0)
(0.877967 0.999982 0)
(0.77593 1.02437 0)
(0.320006 0.53583 0)
(0 0 0)
(0 0 0)
(0 0 0)
(0 0 0)
(0 0 0)
(0 0 0)
(0 0 0)
(0 0 0)
(-0.118993 -0.0470419 2.97261e-18)
(0.0224594 -0.158198 3.16815e-17)
(0.209854 -0.342118 0)
(0.440309 -0.494558 0)
(0.633834 -0.589793 0)
(0.791877 -0.629379 0)
(0.918916 -0.622433 0)
(1.01783 -0.579841 0)
(1.09093 -0.513109 0)
(1.1425 -0.433144 0)
(1.17653 -0.351151 0)
(1.19774 -0.275373 0)
(1.21031 -0.209962 0)
(1.21714 -0.156124 0)
(1.22027 -0.11337 0)
(1.22116 -0.0803773 0)
(1.22079 -0.0556778 0)
(1.21973 -0.0375474 0)
(1.21849 -0.0244581 0)
(1.21713 -0.0153971 0)
(1.21585 -0.00912742 0)
(1.21472 -0.00511121 0)
(1.21388 -0.00267758 0)
(1.21311 -0.00108536 0)
(1.21243 -0.000110459 0)
(1.21189 0.000420657 0)
(1.21144 0.000675815 0)
(1.21108 0.000762642 0)
(1.21079 0.000750154 0)
(1.21056 0.000681158 0)
(1.21039 0.00058308 0)
(1.21025 0.000471022 0)
(1.21016 0.000360032 0)
(1.21007 0.000219847 0)
(1.00075 -0.00790789 0)
(1.00519 -0.0234629 0)
(1.01507 -0.037182 0)
(1.02882 -0.0480594 0)
(1.04473 -0.055973 0)
(1.06172 -0.0611527 0)
(1.07904 -0.063894 0)
(1.09607 -0.0645012 0)
(1.11225 -0.0632766 0)
(1.12722 -0.0605779 0)
(1.14075 -0.0566182 0)
(1.15271 -0.0514068 0)
(1.1628 -0.0450231 0)
(1.17105 -0.0375093 0)
(1.17742 -0.0288631 0)
(1.18196 -0.0188048 0)
(1.18456 -0.00712577 0)
(1.18522 0.00651212 0)
(1.18399 0.0224889 0)
(1.18091 0.0412765 0)
(1.17599 0.0635601 0)
(1.16933 0.0902074 0)
(1.16104 0.122631 0)
(1.15116 0.162689 0)
(1.13998 0.21267 0)
(1.12827 0.275758 0)
(1.11744 0.356211 0)
(1.11014 0.459634 0)
(1.11095 0.593198 0)
(1.1275 0.766242 0)
(1.17439 0.983936 0)
(1.22759 1.17651 0)
(1.07638 1.06956 0)
(0.642283 0.593238 0)
(0.0662406 0.120675 -6.51927e-18)
(0 0 0)
(0 0 0)
(0 0 0)
(0 0 0)
(0 0 0)
(0.0523401 -0.0940681 0)
(0.241107 -0.238639 0)
(0.481313 -0.439735 0)
(0.754232 -0.609437 0)
(0.964212 -0.71411 0)
(1.1073 -0.755737 0)
(1.20568 -0.751822 0)
(1.2695 -0.711052 0)
(1.30548 -0.639288 0)
(1.31836 -0.549144 0)
(1.31607 -0.45181 0)
(1.30525 -0.35804 0)
(1.29078 -0.275544 0)
(1.2756 -0.206467 0)
(1.26121 -0.150764 0)
(1.24858 -0.107503 0)
(1.23797 -0.0748553 0)
(1.22936 -0.0508469 0)
(1.22255 -0.0335307 0)
(1.21725 -0.0211155 0)
(1.21311 -0.0127383 0)
(1.21023 -0.00726977 0)
(1.20798 -0.0036421 0)
(1.20631 -0.00140243 0)
(1.20504 -7.5545e-05 0)
(1.20409 0.000656995 0)
(1.20338 0.00100702 0)
(1.20286 0.00112513 0)
(1.20248 0.00110696 0)
(1.20219 0.00101285 0)
(1.20198 0.000880185 0)
(1.20183 0.000732502 0)
(1.20172 0.000581449 0)
(1.20164 0.000440412 0)
(1.20157 0.00026988 0)
(1.00107 -0.0110265 0)
(1.00739 -0.032449 0)
(1.02109 -0.0506747 0)
(1.03946 -0.0645173 0)
(1.05979 -0.0740586 0)
(1.08048 -0.079789 0)
(1.10068 -0.0823177 0)
(1.11963 -0.0820704 0)
(1.13666 -0.0794732 0)
(1.1513 -0.0751139 0)
(1.16375 -0.0693392 0)
(1.17406 -0.0622408 0)
(1.18208 -0.0539711 0)
(1.18817 -0.044598 0)
(1.19215 -0.0339407 0)
(1.19465 -0.0219288 0)
(1.19559 -0.00832946 0)
(1.19538 0.00696115 0)
(1.19432 0.0242999 0)
(1.19239 0.0443374 0)
(1.18996 0.06768 0)
(1.18735 0.0950532 0)
(1.18538 0.128146 0)
(1.18447 0.16846 0)
(1.18513 0.217516 0)
(1.18895 0.278251 0)
(1.19818 0.353859 0)
(1.21645 0.448097 0)
(1.24947 0.565237 0)
(1.30636 0.709898 0)
(1.40092 0.88624 0)
(1.54867 1.09077 0)
(1.68467 1.17223 0)
(1.64011 1.09655 0)
(1.4028 0.762896 -5.5735e-17)
(1.00818 0.336577 0)
(0.572089 0.0477237 -9.45808e-18)
(0.306956 -0.0351858 0)
(0.454533 -0.0765455 2.91952e-17)
(0.688179 -0.156312 0)
(0.814862 -0.366626 0)
(1.10307 -0.576678 0)
(1.31299 -0.715606 0)
(1.4611 -0.802179 0)
(1.54832 -0.829672 0)
(1.58641 -0.824443 0)
(1.59384 -0.792232 0)
(1.57464 -0.722052 0)
(1.53544 -0.628774 0)
(1.48583 -0.524522 0)
(1.43322 -0.419438 0)
(1.38417 -0.324881 0)
(1.34116 -0.24479 0)
(1.30487 -0.17984 0)
(1.27534 -0.129016 0)
(1.25195 -0.0902159 0)
(1.23378 -0.0612537 0)
(1.21988 -0.0402324 0)
(1.20947 -0.0254338 0)
(1.20182 -0.0151989 0)
(1.19631 -0.00835285 0)
(1.19238 -0.00398271 0)
(1.18958 -0.00126713 0)
(1.1876 0.000307505 0)
(1.1862 0.00114994 0)
(1.18523 0.00153439 0)
(1.18455 0.00163746 0)
(1.18408 0.00157772 0)
(1.18376 0.0014311 0)
(1.18354 0.00124392 0)
(1.18339 0.00104384 0)
(1.18329 0.000847603 0)
(1.18322 0.000661639 0)
(1.18318 0.000495716 0)
(1.18315 0.000303874 0)
(1.0017 -0.0157108 0)
(1.01148 -0.0454185 0)
(1.03159 -0.0693175 0)
(1.05678 -0.0861636 0)
(1.08251 -0.096729 0)
(1.10668 -0.102025 0)
(1.1282 -0.103044 0)
(1.14635 -0.100445 0)
(1.16091 -0.0949834 0)
(1.17156 -0.0878869 0)
(1.17935 -0.0796141 0)
(1.18479 -0.069643 0)
(1.18872 -0.0584526 0)
(1.19008 -0.0470151 0)
(1.19014 -0.0352873 0)
(1.1893 -0.0225037 0)
(1.18781 -0.00823614 0)
(1.18614 0.00762159 0)
(1.1847 0.0253938 0)
(1.18393 0.0455986 0)
(1.18428 0.068681 0)
(1.18642 0.0947024 0)
(1.19037 0.125563 0)
(1.198 0.163321 0)
(1.21007 0.2087 -2.19847e-32)
(1.22838 0.263563 2.16276e-32)
(1.25529 0.330129 0)
(1.29442 0.410528 0)
(1.35111 0.506578 0)
(1.43333 0.619174 0)
(1.55136 0.746915 0)
(1.7233 0.890089 0)
(1.94365 1.00712 0)
(2.11904 1.02081 0)
(2.26746 0.916775 0)
(2.28829 0.715798 0)
(2.19723 0.419632 0)
(2.09289 0.0898157 0)
(2.03955 -0.195225 0)
(2.04367 -0.431095 0)
(2.06515 -0.591369 0)
(2.08822 -0.715382 0)
(2.08522 -0.786182 0)
(2.05706 -0.838636 0)
(2.0036 -0.836181 0)
(1.93313 -0.804808 0)
(1.8474 -0.739672 0)
(1.7495 -0.649968 0)
(1.64811 -0.548599 0)
(1.55096 -0.445237 0)
(1.46508 -0.349827 0)
(1.39228 -0.266239 0)
(1.33249 -0.196484 0)
(1.28463 -0.140745 0)
(1.24721 -0.0978658 0)
(1.21861 -0.06595 0)
(1.19721 -0.0428437 0)
(1.18154 -0.0265702 0)
(1.17028 -0.0154511 0)
(1.16232 -0.00804285 0)
(1.15681 -0.0033193 0)
(1.15304 -0.000467649 0)
(1.15048 0.00115687 0)
(1.14878 0.0019738 0)
(1.14766 0.00228441 0)
(1.14694 0.00230026 0)
(1.14648 0.00215057 0)
(1.1462 0.00191842 0)
(1.14603 0.00165255 0)
(1.14595 0.00138387 0)
(1.1459 0.00112982 0)
(1.14589 0.000898814 0)
(1.14589 0.000691173 0)
(1.1459 0.000512395 0)
(1.14591 0.000313395 0)
(1.00294 -0.0232957 0)
(1.01943 -0.0649848 0)
(1.05 -0.0954902 0)
(1.08346 -0.114604 0)
(1.11212 -0.12387 0)
(1.13495 -0.125406 0)
(1.15131 -0.122047 0)
(1.16179 -0.114761 0)
(1.16924 -0.104058 0)
(1.17116 -0.093071 0)
(1.17023 -0.0828036 0)
(1.16707 -0.0717351 0)
(1.16236 -0.0598608 0)
(1.1569 -0.046902 0)
(1.15117 -0.0333163 0)
(1.14571 -0.0194913 0)
(1.14108 -0.00518625 0)
(1.13792 0.00995716 0)
(1.13677 0.0263863 0)
(1.13809 0.0446141 0)
(1.14241 0.0652205 0)
(1.15033 0.0888048 0)
(1.16199 0.116534 0)
(1.17904 0.149146 0)
(1.20211 0.187811 0)
(1.23354 0.234271 0)
(1.27552 0.28953 0)
(1.33124 0.354372 0)
(1.40502 0.428918 0)
(1.50265 0.511768 0)
(1.63054 0.598932 0)
(1.79822 0.68529 0)
(2.01526 0.7546 0)
(2.25076 0.774612 0)
(2.46869 0.719975 0)
(2.63197 0.57159 0)
(2.75634 0.348395 0)
(2.78588 0.0990537 0)
(2.7693 -0.144856 0)
(2.7156 -0.353637 0)
(2.63804 -0.505121 0)
(2.54562 -0.615297 0)
(2.44972 -0.687192 0)
(2.33011 -0.719907 0)
(2.19653 -0.711802 0)
(2.05456 -0.669853 0)
(1.9077 -0.605846 0)
(1.7624 -0.52457 0)
(1.62541 -0.433188 0)
(1.50431 -0.34297 0)
(1.40147 -0.261381 0)
(1.31741 -0.192425 0)
(1.25111 -0.137127 0)
(1.20041 -0.0945734 0)
(1.16263 -0.0629409 0)
(1.13511 -0.0401326 0)
(1.11545 -0.0241428 0)
(1.10171 -0.0132785 0)
(1.09231 -0.00616314 0)
(1.086 -0.00168508 0)
(1.08186 0.000949202 0)
(1.07924 0.00235129 0)
(1.07764 0.00298197 0)
(1.07669 0.00312841 0)
(1.07618 0.0029908 0)
(1.07592 0.00273277 0)
(1.07584 0.00238761 0)
(1.07585 0.00202884 0)
(1.07592 0.0016871 0)
(1.07601 0.00137652 0)
(1.07611 0.00110168 0)
(1.0762 0.000862679 0)
(1.07628 0.000655044 0)
(1.07634 0.000481304 0)
(1.07639 0.00029339 0)
(1.00547 -0.0376639 0)
(1.03486 -0.0955151 0)
(1.07836 -0.131269 0)
(1.11207 -0.146145 0)
(1.13132 -0.147467 0)
(1.14411 -0.140537 0)
(1.14569 -0.129934 0)
(1.14107 -0.118199 0)
(1.1313 -0.105137 0)
(1.11811 -0.0904703 0)
(1.10278 -0.0756071 0)
(1.08692 -0.061765 0)
(1.07166 -0.0487827 0)
(1.05794 -0.0363409 0)
(1.04643 -0.0242765 0)
(1.03746 -0.0123742 0)
(1.0314 -0.000401053 0)
(1.02858 0.0120156 0)
(1.02936 0.0254159 0)
(1.03412 0.0401282 0)
(1.04332 0.05664 0)
(1.05755 0.0755414 0)
(1.07745 0.09761 0)
(1.1042 0.123627 0)
(1.13878 0.154438 0)
(1.18294 0.190763 0)
(1.2388 0.233189 0)
(1.30897 0.281852 0)
(1.39656 0.336037 0)
(1.50513 0.393916 0)
(1.6382 0.451231 0)
(1.79896 0.501742 0)
(1.99084 0.534744 0)
(2.20672 0.533099 0)
(2.42462 0.482295 0)
(2.61536 0.375096 0)
(2.75277 0.219666 0)
(2.85097 0.0452972 0)
(2.85622 -0.137805 0)
(2.82345 -0.300302 0)
(2.74203 -0.427541 0)
(2.62576 -0.520421 0)
(2.48424 -0.574458 0)
(2.3223 -0.588835 0)
(2.14598 -0.566945 0)
(1.96313 -0.517028 0)
(1.78082 -0.448164 0)
(1.60799 -0.369631 0)
(1.45499 -0.291781 0)
(1.32668 -0.221655 0)
(1.2239 -0.162665 0)
(1.14462 -0.11541 0)
(1.08541 -0.0789888 0)
(1.04241 -0.0518466 0)
(1.01196 -0.0322553 0)
(0.99093 -0.0185575 0)
(0.976763 -0.00930426 0)
(0.967492 -0.00332225 0)
(0.961652 0.000348305 0)
(0.958151 0.00243813 0)
(0.956233 0.00349069 0)
(0.955255 0.00379836 0)
(0.954921 0.00372005 0)
(0.954937 0.00346139 0)
(0.95515 0.00307246 0)
(0.955467 0.00264585 0)
(0.95582 0.00222623 0)
(0.956162 0.00183993 0)
(0.956474 0.00149761 0)
(0.956746 0.00120078 0)
(0.956977 0.000947225 0)
(0.957166 0.000732498 0)
(0.957317 0.000550188 0)
(0.957431 0.00039973 0)
(0.957532 0.000242535 0)
(1.01269 -0.0740181 0)
(1.0599 -0.148487 0)
(1.09696 -0.16692 0)
(1.10921 -0.164043 0)
(1.10282 -0.155347 0)
(1.08525 -0.14051 0)
(1.05897 -0.120553 0)
(1.02663 -0.0995348 0)
(0.992473 -0.0807122 0)
(0.960013 -0.0647654 0)
(0.930815 -0.0513675 0)
(0.905499 -0.0399987 0)
(0.884216 -0.0300102 0)
(0.867088 -0.0208891 0)
(0.854183 -0.0123187 0)
(0.845509 -0.00409916 0)
(0.841112 0.00384984 0)
(0.840955 0.0121004 0)
(0.845315 0.0210469 0)
(0.854473 0.0308905 0)
(0.868855 0.0420146 0)
(0.88907 0.0548778 0)
(0.915924 0.0700199 0)
(0.950508 0.0880028 0)
(0.994104 0.109338 0)
(1.0483 0.134413 0)
(1.11495 0.16344 0)
(1.19612 0.196225 0)
(1.29395 0.23187 0)
(1.41042 0.268487 0)
(1.54688 0.302699 0)
(1.70335 0.329475 0)
(1.87796 0.34187 0)
(2.06477 0.330781 0)
(2.25122 0.288427 0)
(2.42103 0.210779 0)
(2.54936 0.104749 0)
(2.62792 -0.0185747 0)
(2.64584 -0.132546 0)
(2.60639 -0.239159 0)
(2.51351 -0.322235 0)
(2.37747 -0.375213 0)
(2.20796 -0.39712 0)
(2.01492 -0.390162 0)
(1.81094 -0.358963 0)
(1.6073 -0.308911 0)
(1.42091 -0.254397 0)
(1.25852 -0.200316 0)
(1.12477 -0.151602 0)
(1.01947 -0.110762 0)
(0.939688 -0.0781262 0)
(0.88116 -0.0529626 0)
(0.839514 -0.0341644 0)
(0.810764 -0.0205818 0)
(0.791593 -0.011081 0)
(0.77935 -0.00465643 0)
(0.771961 -0.00052342 0)
(0.767839 0.00197079 0)
(0.765853 0.00327587 0)
(0.765247 0.00381283 0)
(0.765465 0.00386206 0)
(0.766113 0.00367183 0)
(0.766955 0.00332736 0)
(0.767849 0.00290367 0)
(0.768722 0.00246591 0)
(0.769519 0.00205866 0)
(0.770219 0.00169308 0)
(0.770816 0.00137415 0)
(0.771315 0.00110155 0)
(0.771725 0.000871898 0)
(0.772055 0.000680054 0)
(0.772315 0.000520429 0)
(0.772517 0.000386914 0)
(0.772665 0.000275737 0)
(0.772789 0.000167639 0)
(1.01389 -0.122306 0)
(1.05104 -0.187795 0)
(1.03805 -0.178979 0)
(0.988845 -0.157989 0)
(0.924406 -0.129222 0)
(0.856438 -0.0978878 0)
(0.795366 -0.0718378 0)
(0.742063 -0.0524048 0)
(0.697419 -0.0384752 0)
(0.661028 -0.0284234 0)
(0.63188 -0.0209575 0)
(0.60894 -0.0151959 0)
(0.591329 -0.0104653 0)
(0.578441 -0.0062976 0)
(0.569897 -0.0024241 0)
(0.565515 0.00119969 0)
(0.565002 0.00462583 0)
(0.568324 0.00851465 0)
(0.575796 0.0127903 0)
(0.587691 0.017615 0)
(0.604481 0.0232142 0)
(0.626847 0.0298398 0)
(0.655684 0.0377755 0)
(0.692137 0.0473136 0)
(0.737591 0.058725 0)
(0.793637 0.0721993 0)
(0.862003 0.0877803 0)
(0.94443 0.105247 0)
(1.04245 0.123941 0)
(1.15706 0.142587 0)
(1.2882 0.159054 0)
(1.43415 0.170274 0)
(1.59057 0.172258 0)
(1.75036 0.160272 0)
(1.90271 0.130007 0)
(2.03149 0.0807416 0)
(2.12265 0.0155274 0)
(2.15782 -0.0497562 0)
(2.14019 -0.112419 0)
(2.06646 -0.166044 0)
(1.94239 -0.201105 0)
(1.77963 -0.21488 0)
(1.59253 -0.209377 0)
(1.39635 -0.188692 0)
(1.20626 -0.158616 0)
(1.03732 -0.126205 0)
(0.894984 -0.0966831 0)
(0.781072 -0.0717164 0)
(0.693286 -0.0514388 0)
(0.628079 -0.0356439 0)
(0.581218 -0.0235924 0)
(0.54858 -0.0145822 0)
(0.526806 -0.00806349 0)
(0.512987 -0.00347676 0)
(0.504721 -0.000477301 0)
(0.500395 0.00134515 0)
(0.498771 0.00239115 0)
(0.498836 0.00287776 0)
(0.499823 0.00303631 0)
(0.501336 0.00293595 0)
(0.502987 0.00268508 0)
(0.504651 0.0023708 0)
(0.506213 0.00204157 0)
(0.507611 0.00172415 0)
(0.508822 0.00143067 0)
(0.509847 0.00117086 0)
(0.5107 0.000946692 0)
(0.511399 0.000757225 0)
(0.511965 0.000599431 0)
(0.512417 0.000469197 0)
(0.512773 0.000362222 0)
(0.513049 0.000274338 0)
(0.513258 0.00020163 0)
(0.51341 0.00014038 0)
(0.513529 8.65944e-05 0)
(0.792553 -0.0207819 0)
(0.749374 -0.0858728 0)
(0.647949 -0.083565 0)
(0.514917 -0.0486987 0)
(0.4188 -0.0246439 0)
(0.355704 -0.0133632 0)
(0.311722 -0.00730818 0)
(0.280194 -0.00387952 0)
(0.257712 -0.00203312 0)
(0.241537 -0.00105439 0)
(0.229741 -0.00049863 0)
(0.221143 -0.000148174 0)
(0.215071 0.000122864 0)
(0.211143 0.000388667 0)
(0.209233 0.000669404 0)
(0.209308 0.000992897 0)
(0.211056 0.00140419 0)
(0.214737 0.00188948 0)
(0.220625 0.00246396 0)
(0.228955 0.00317416 0)
(0.240121 0.00405669 0)
(0.254655 0.00515329 0)
(0.273239 0.00651445 0)
(0.296729 0.00819431 0)
(0.326158 0.0102435 0)
(0.362709 0.0126919 0)
(0.407651 0.0155306 0)
(0.462218 0.0186804 0)
(0.527393 0.0219401 0)
(0.60358 0.024934 0)
(0.690132 0.0270486 0)
(0.784722 0.0274229 0)
(0.882801 0.0249193 0)
(0.977492 0.0182829 0)
(1.05857 0.0074318 0)
(1.11528 -0.00632372 0)
(1.13166 -0.0197755 0)
(1.11362 -0.0347072 0)
(1.05587 -0.0443481 0)
(0.965477 -0.0491106 0)
(0.852523 -0.047064 0)
(0.72996 -0.0400001 0)
(0.610826 -0.0316314 0)
(0.505749 -0.0223269 0)
(0.416805 -0.0145071 0)
(0.345672 -0.00852899 0)
(0.28993 -0.00623851 0)
(0.250985 -0.0051006 0)
(0.220657 -0.00175358 0)
(0.199405 -0.000918716 0)
(0.185503 -0.000400569 0)
(0.176537 0.000249735 0)
(0.171404 0.000571887 0)
(0.169113 0.000827799 0)
(0.168734 0.00105429 0)
(0.169517 0.00110488 0)
(0.170974 0.00103812 0)
(0.172731 0.000942118 0)
(0.174599 0.000821697 0)
(0.176434 0.000714973 0)
(0.178122 0.000607988 0)
(0.179623 0.000507721 0)
(0.180922 0.000417869 0)
(0.182024 0.000339902 0)
(0.182941 0.000273211 0)
(0.183693 0.000217521 0)
(0.184302 0.000171676 0)
(0.18479 0.000134361 0)
(0.185177 0.000104279 0)
(0.185481 8.00869e-05 0)
(0.185718 6.06928e-05 0)
(0.185898 4.5046e-05 0)
(0.186033 3.22462e-05 0)
(0.186131 2.11663e-05 0)
(0.186204 1.54448e-05 0)
)
;

boundaryField
{
    ibCylinder
    {
        type            movingImmersedBoundaryVelocity;
        patchType       immersedBoundary;
        setDeadValue    true;
        deadValue       (0 0 0);
        value           nonuniform List<vector> 0();
    }
    in
    {
        type            fixedValue;
        value           uniform (1 0 0);
    }
    out
    {
        type            inletOutlet;
        inletValue      uniform (0 0 0);
        value           nonuniform List<vector> 
25
(
(0.186202 -1.55048e-05 0)
(0.513525 -8.67246e-05 0)
(0.772785 -0.000167907 0)
(0.957527 -0.00024298 0)
(1.07639 -0.000293993 0)
(1.1459 -0.000314091 0)
(1.18315 -0.000304612 0)
(1.20157 -0.000270619 0)
(1.21006 -0.000220558 0)
(1.21375 -0.000163653 0)
(1.21526 -0.0001069 0)
(1.21583 -5.23678e-05 0)
(1.21597 -2.9997e-07 0)
(1.21583 5.17479e-05 0)
(1.21526 0.000106261 0)
(1.21375 0.00016298 0)
(1.21007 0.000219847 0)
(1.20157 0.00026988 0)
(1.18315 0.000303874 0)
(1.14591 0.000313395 0)
(1.07639 0.00029339 0)
(0.957532 0.000242535 0)
(0.772789 0.000167639 0)
(0.513529 8.65944e-05 0)
(0.186204 1.54448e-05 0)
)
;
    }
    top
    {
        type            fixedValue;
        value           uniform (0 0 0);
    }
    bottom
    {
        type            fixedValue;
        value           uniform (0 0 0);
    }
    frontAndBack
    {
        type            empty;
    }
}


// ************************************************************************* //
