/*--------------------------------*- C++ -*----------------------------------*\
| =========                 |                                                 |
| \\      /  F ield         | OpenFOAM: The Open Source CFD Toolbox           |
|  \\    /   O peration     | Version:  2206                                  |
|   \\  /    A nd           | Website:  www.openfoam.com                      |
|    \\/     M anipulation  |                                                 |
\*---------------------------------------------------------------------------*/
FoamFile
{
    version     2.0;
    format      ascii;
    arch        "LSB;label=32;scalar=64";
    class       surfaceVectorField;
    location    "0.7";
    object      Uf;
}
// * * * * * * * * * * * * * * * * * * * * * * * * * * * * * * * * * * * * * //

dimensions      [0 1 -1 0 0 0 0];

internalField   nonuniform List<vector> 
3650
(
(0.859713 0.0533271 0)
(0.903223 0.140287 0)
(0.701155 0.0847186 0)
(0.900205 0.158557 0)
(0.566972 0.0661317 0)
(0.843001 0.134183 0)
(0.463412 0.0366713 0)
(0.751881 0.10356 0)
(0.387308 0.0190037 0)
(0.671603 0.0761035 0)
(0.333303 0.0103359 0)
(0.60607 0.0540052 0)
(0.295281 0.00559411 0)
(0.553543 0.0380219 0)
(0.268516 0.00295655 0)
(0.511126 0.026765 0)
(0.249399 0.00154393 0)
(0.477562 0.0191164 0)
(0.235505 0.000776627 0)
(0.451278 0.0138945 0)
(0.225354 0.00032347 0)
(0.430806 0.0101511 0)
(0.218041 1.26838e-05 0)
(0.415036 0.00731305 0)
(0.213051 -0.000255763 0)
(0.403194 0.00498959 0)
(0.21013 -0.000529055 0)
(0.394785 0.00292073 0)
(0.209162 -0.00083118 0)
(0.389559 0.000967843 0)
(0.210078 -0.00119856 0)
(0.387405 -0.00091554 0)
(0.212777 -0.00164683 0)
(0.388023 -0.00269908 0)
(0.217539 -0.00217669 0)
(0.391524 -0.00476309 0)
(0.224605 -0.00281903 0)
(0.398205 -0.00706578 0)
(0.234307 -0.00361541 0)
(0.408318 -0.00970194 0)
(0.247103 -0.00460502 0)
(0.422297 -0.0127957 0)
(0.263593 -0.00583396 0)
(0.440747 -0.0164908 0)
(0.284546 -0.00735451 0)
(0.464459 -0.0209528 0)
(0.310906 -0.00921907 0)
(0.494431 -0.02636 0)
(0.343788 -0.0114678 0)
(0.531874 -0.0328816 0)
(0.384425 -0.0141114 0)
(0.578173 -0.0406374 0)
(0.434087 -0.0171056 0)
(0.634828 -0.0496624 0)
(0.493918 -0.0203103 0)
(0.703326 -0.0598304 0)
(0.564657 -0.0234371 0)
(0.784923 -0.0707396 0)
(0.646248 -0.0259912 0)
(0.88032 -0.0815903 0)
(0.737286 -0.0272356 0)
(0.98917 -0.091038 0)
(0.834431 -0.0261711 0)
(1.10944 -0.0971447 0)
(0.931781 -0.0216015 0)
(1.23669 -0.0973495 0)
(1.02039 -0.0128581 0)
(1.36393 -0.088612 0)
(1.08911 -0.000554868 0)
(1.48065 -0.068713 0)
(1.12672 0.0130488 0)
(1.5734 -0.0376131 0)
(1.12568 0.0272403 0)
(1.62717 0.00104178 0)
(1.0859 0.0395263 0)
(1.63573 0.0397742 0)
(1.01095 0.0467282 0)
(1.59803 0.0749524 0)
(0.908243 0.0480866 0)
(1.51598 0.102709 0)
(0.790118 0.0435324 0)
(1.39746 0.118124 0)
(0.669642 0.035817 0)
(1.2548 0.120476 0)
(0.557346 0.026981 0)
(1.10169 0.112294 0)
(0.459929 0.0184187 0)
(0.951067 0.0974174 0)
(0.380127 0.0115203 0)
(0.811547 0.0798005 0)
(0.317668 0.00738659 0)
(0.691509 0.0624592 0)
(0.270292 0.00567284 0)
(0.592471 0.047375 0)
(0.235103 0.00342919 0)
(0.516039 0.0351887 0)
(0.209822 0.00133603 0)
(0.456982 0.0252802 0)
(0.192342 0.000659228 0)
(0.413751 0.0174798 0)
(0.180846 7.49501e-05 0)
(0.383368 0.011495 0)
(0.173879 -0.000411223 0)
(0.362565 0.00696751 0)
(0.170205 -0.000700288 0)
(0.34911 0.00367301 0)
(0.168886 -0.000941536 0)
(0.341054 0.0013194 0)
(0.169129 -0.00107994 0)
(0.336731 -0.000243742 0)
(0.170272 -0.00107169 0)
(0.334958 -0.00114332 0)
(0.171885 -0.000990253 0)
(0.334874 -0.00161274 0)
(0.173703 -0.000881995 0)
(0.335784 -0.0018184 0)
(0.175554 -0.000768385 0)
(0.337211 -0.00185098 0)
(0.177314 -0.000661516 0)
(0.338884 -0.00175975 0)
(0.178906 -0.000557882 0)
(0.340553 -0.00159209 0)
(0.180301 -0.000462814 0)
(0.342135 -0.00139581 0)
(0.181498 -0.000378904 0)
(0.343565 -0.00119644 0)
(0.182503 -0.000306586 0)
(0.344815 -0.00100555 0)
(0.183334 -0.000245395 0)
(0.345879 -0.000830578 0)
(0.184011 -0.000194618 0)
(0.346767 -0.000677002 0)
(0.184556 -0.000153025 0)
(0.347498 -0.000545682 0)
(0.184991 -0.000119311 0)
(0.348092 -0.000435327 0)
(0.185335 -9.2158e-05 0)
(0.348568 -0.000343866 0)
(0.185604 -7.03541e-05 0)
(0.348946 -0.00026864 0)
(0.185811 -5.28335e-05 0)
(0.349242 -0.000207093 0)
(0.185968 -3.86185e-05 0)
(0.34947 -0.000156679 0)
(0.186083 -2.67119e-05 0)
(0.349642 -0.000115123 0)
(0.186163 -1.83536e-05 0)
(0.349767 -7.99479e-05 0)
(0.349864 -5.1441e-05 0)
(1.05171 0.15505 0)
(1.01329 0.0885785 0)
(1.04735 0.183387 0)
(1.05547 0.162914 0)
(1.01036 0.168484 0)
(1.06751 0.171175 0)
(0.954961 0.143606 0)
(1.04903 0.158959 0)
(0.89031 0.113556 0)
(1.01361 0.140755 0)
(0.825889 0.0848637 0)
(0.970841 0.118426 0)
(0.768267 0.0621222 0)
(0.927165 0.0956435 0)
(0.71943 0.0454409 0)
(0.884341 0.0756023 0)
(0.679057 0.0334501 0)
(0.844941 0.0594888 0)
(0.646333 0.0246912 0)
(0.810514 0.0466189 0)
(0.620324 0.0180773 0)
(0.781339 0.0361594 0)
(0.600063 0.012831 0)
(0.757211 0.0275743 0)
(0.584815 0.00838164 0)
(0.737762 0.0202374 0)
(0.574099 0.00436083 0)
(0.722753 0.0136362 0)
(0.567612 0.000612019 0)
(0.712028 0.00745546 0)
(0.56514 -0.0029131 0)
(0.7055 0.00155617 0)
(0.566548 -0.00657072 0)
(0.703045 -0.00410713 0)
(0.571924 -0.0106531 0)
(0.704629 -0.0101396 0)
(0.581568 -0.0152033 0)
(0.710545 -0.0167094 0)
(0.595869 -0.0204153 0)
(0.721073 -0.0240035 0)
(0.615401 -0.0265278 0)
(0.736661 -0.0323274 0)
(0.640943 -0.0338085 0)
(0.757953 -0.0420336 0)
(0.673517 -0.0425456 0)
(0.7858 -0.0535264 0)
(0.714383 -0.0530206 0)
(0.821321 -0.0672259 0)
(0.765039 -0.0654636 0)
(0.865847 -0.0835379 0)
(0.827151 -0.0799911 0)
(0.920969 -0.10275 0)
(0.902466 -0.0965144 0)
(0.988479 -0.124978 0)
(0.992653 -0.114594 0)
(1.07028 -0.150017 0)
(1.09901 -0.133264 0)
(1.16821 -0.177096 0)
(1.22208 -0.150821 0)
(1.28374 -0.204659 0)
(1.36101 -0.164664 0)
(1.41755 -0.229971 0)
(1.51288 -0.171268 0)
(1.56876 -0.249011 0)
(1.67193 -0.166269 0)
(1.73428 -0.256399 0)
(1.82869 -0.145144 0)
(1.90758 -0.245371 0)
(1.96972 -0.105378 0)
(2.07699 -0.209745 0)
(2.07954 -0.0481348 0)
(2.22628 -0.147436 0)
(2.14274 0.0171149 0)
(2.33602 -0.0621554 0)
(2.14997 0.0810877 0)
(2.39288 0.0325393 0)
(2.10305 0.139231 0)
(2.39301 0.12188 0)
(2.00329 0.183571 0)
(2.33643 0.202468 0)
(1.85971 0.207988 0)
(2.22795 0.261696 0)
(1.68495 0.212124 0)
(2.07855 0.295241 0)
(1.49341 0.199032 0)
(1.90025 0.303833 0)
(1.30067 0.173654 0)
(1.70565 0.290161 0)
(1.12142 0.142412 0)
(1.50861 0.259049 0)
(0.965792 0.111447 0)
(1.32233 0.218084 0)
(0.837749 0.0842023 0)
(1.15797 0.175417 0)
(0.7369 0.0615784 0)
(1.01982 0.136038 0)
(0.660482 0.0435421 0)
(0.909045 0.101697 0)
(0.604485 0.0296188 0)
(0.82379 0.0734769 0)
(0.564776 0.0190879 0)
(0.760467 0.0512036 0)
(0.537609 0.0113234 0)
(0.714882 0.034134 0)
(0.519832 0.00577081 0)
(0.68317 0.0214495 0)
(0.508826 0.00197777 0)
(0.661884 0.0123257 0)
(0.502567 -0.000433195 0)
(0.648164 0.00601461 0)
(0.499603 -0.00186742 0)
(0.639877 0.001821 0)
(0.498824 -0.00263374 0)
(0.635369 -0.000834042 0)
(0.499363 -0.00295653 0)
(0.633339 -0.00235789 0)
(0.500616 -0.00298576 0)
(0.632839 -0.0031036 0)
(0.502192 -0.00281017 0)
(0.63329 -0.0033364 0)
(0.503849 -0.00252768 0)
(0.634224 -0.0032489 0)
(0.505457 -0.00220596 0)
(0.63538 -0.00300425 0)
(0.506933 -0.00188268 0)
(0.636581 -0.00267198 0)
(0.508234 -0.00157732 0)
(0.637726 -0.00230707 0)
(0.509348 -0.00130071 0)
(0.638768 -0.00194483 0)
(0.510284 -0.00105875 0)
(0.639679 -0.00161301 0)
(0.511058 -0.00085197 0)
(0.640455 -0.00131908 0)
(0.511688 -0.000678379 0)
(0.641103 -0.00106551 0)
(0.512195 -0.000534395 0)
(0.641636 -0.000850758 0)
(0.512597 -0.000415797 0)
(0.642066 -0.000671107 0)
(0.512912 -0.000318353 0)
(0.642409 -0.000521857 0)
(0.513153 -0.000238047 0)
(0.642677 -0.000398145 0)
(0.513333 -0.00017108 0)
(0.642883 -0.000295042 0)
(0.513462 -0.000113592 0)
(0.643033 -0.00020867 0)
(0.643155 -0.000127621 0)
(1.0395 0.111252 0)
(1.00908 0.0490832 0)
(1.08202 0.157704 0)
(1.04738 0.120391 0)
(1.10299 0.165482 0)
(1.08766 0.150205 0)
(1.10553 0.159696 0)
(1.11064 0.156422 0)
(1.09413 0.147929 0)
(1.11707 0.152155 0)
(1.072 0.130533 0)
(1.11468 0.140555 0)
(1.04261 0.110046 0)
(1.10233 0.125031 0)
(1.0094 0.0901258 0)
(1.08384 0.108816 0)
(0.976086 0.0727411 0)
(1.06188 0.0927982 0)
(0.945293 0.0580686 0)
(1.03905 0.0774114 0)
(0.91809 0.045685 0)
(1.01679 0.0633632 0)
(0.894795 0.0350058 0)
(0.9962 0.0508691 0)
(0.875584 0.0254505 0)
(0.977928 0.0394486 0)
(0.860573 0.0166042 0)
(0.962503 0.028647 0)
(0.849772 0.00820861 0)
(0.950291 0.0182564 0)
(0.843191 0.000123892 0)
(0.941471 0.00813622 0)
(0.840934 -0.00797636 0)
(0.936242 -0.00184942 0)
(0.843024 -0.0165754 0)
(0.934755 -0.0122298 0)
(0.849746 -0.0259708 0)
(0.937325 -0.0234314 0)
(0.861478 -0.0364549 0)
(0.944283 -0.0357357 0)
(0.878738 -0.0484487 0)
(0.956077 -0.0495871 0)
(0.902217 -0.0624516 0)
(0.9733 -0.0655128 0)
(0.93287 -0.0790144 0)
(0.99668 -0.0841796 0)
(0.971873 -0.0986738 0)
(1.02735 -0.106229 0)
(1.02067 -0.121879 0)
(1.06644 -0.132333 1.3731e-33)
(1.08098 -0.14893 0)
(1.11562 -0.163062 -1.34781e-33)
(1.15478 -0.179835 0)
(1.17688 -0.198781 0)
(1.24421 -0.21405 0)
(1.25255 -0.239442 0)
(1.35134 -0.25018 0)
(1.34526 -0.284227 0)
(1.47794 -0.285595 0)
(1.45778 -0.331261 0)
(1.62475 -0.31609 0)
(1.59255 -0.376777 0)
(1.79097 -0.335678 0)
(1.75117 -0.415227 0)
(1.97284 -0.336334 0)
(1.93442 -0.43827 0)
(2.16061 -0.309613 0)
(2.13577 -0.433149 0)
(2.33906 -0.249608 0)
(2.33794 -0.388196 0)
(2.48851 -0.157762 0)
(2.51821 -0.296885 0)
(2.59054 -0.043079 0)
(2.65107 -0.164185 0)
(2.63794 0.0755678 0)
(2.73945 -0.0148622 0)
(2.62579 0.185856 0)
(2.75103 0.134037 0)
(2.55767 0.280696 0)
(2.71492 0.270588 0)
(2.44372 0.348717 0)
(2.62777 0.375648 0)
(2.29162 0.386156 0)
(2.50162 0.447337 0)
(2.11056 0.393631 0)
(2.34611 0.484889 0)
(1.91213 0.374554 0)
(2.16863 0.488592 0)
(1.70898 0.33393 0)
(1.97848 0.462205 0)
(1.51438 0.281649 0)
(1.78523 0.412682 0)
(1.33967 0.227356 0)
(1.60089 0.350121 0)
(1.1916 0.17596 0)
(1.43328 0.284107 0)
(1.07208 0.131183 0)
(1.2899 0.221225 0)
(0.979529 0.0944463 0)
(1.17309 0.166023 0)
(0.910369 0.0655467 0)
(1.08181 0.120363 0)
(0.860282 0.0435659 0)
(1.0129 0.084221 0)
(0.825098 0.0273756 0)
(0.962475 0.0566335 0)
(0.80116 0.0158339 0)
(0.926596 0.0362639 0)
(0.785474 0.00787121 0)
(0.901787 0.0217003 0)
(0.775669 0.00259233 0)
(0.885146 0.0116251 0)
(0.769914 -0.000721584 0)
(0.874366 0.00492159 0)
(0.766874 -0.00262158 0)
(0.867668 0.000681782 0)
(0.765582 -0.00354287 0)
(0.863753 -0.00181176 0)
(0.765376 -0.00383626 0)
(0.861698 -0.00313027 0)
(0.765813 -0.003766 0)
(0.860847 -0.00368662 0)
(0.766556 -0.00349885 0)
(0.860681 -0.00374677 0)
(0.767416 -0.003115 0)
(0.860935 -0.00353222 0)
(0.768299 -0.00268448 0)
(0.861389 -0.00319 0)
(0.76913 -0.00226206 0)
(0.861931 -0.00277594 0)
(0.769876 -0.00187573 0)
(0.862488 -0.00235917 0)
(0.770522 -0.00153357 0)
(0.863014 -0.00196546 0)
(0.771069 -0.00123791 0)
(0.863484 -0.00161177 0)
(0.771521 -0.000986868 0)
(0.863889 -0.00130341 0)
(0.771889 -0.000776172 0)
(0.86423 -0.00103944 0)
(0.772184 -0.000600444 0)
(0.86451 -0.0008161 0)
(0.772414 -0.000453866 0)
(0.864735 -0.000628334 0)
(0.772589 -0.000331532 0)
(0.864912 -0.000469908 0)
(0.772719 -0.00022193 0)
(0.865043 -0.000338553 0)
(0.865156 -0.00020549 0)
(1.01972 0.0665889 0)
(1.00421 0.0293632 0)
(1.05947 0.113392 0)
(1.02714 0.0806433 0)
(1.09583 0.138708 0)
(1.06418 0.113839 0)
(1.12151 0.146807 0)
(1.09777 0.130748 0)
(1.13763 0.144004 0)
(1.12172 0.136035 0)
(1.14481 0.135238 0)
(1.13953 0.133376 0)
(1.14358 0.124069 0)
(1.1485 0.126254 0)
(1.13601 0.111671 0)
(1.15142 0.116388 0)
(1.12449 0.0978074 0)
(1.15027 0.104318 0)
(1.11045 0.0830426 0)
(1.14463 0.091453 0)
(1.09483 0.0686898 0)
(1.1365 0.0789791 0)
(1.07922 0.055277 0)
(1.12698 0.066482 0)
(1.06472 0.0425641 0)
(1.117 0.0539475 0)
(1.05213 0.03031 0)
(1.10741 0.0412413 0)
(1.04189 0.0183256 0)
(1.09878 0.0284919 0)
(1.03433 0.00638675 0)
(1.09157 0.0156946 0)
(1.0299 -0.00580918 0)
(1.08623 0.00258438 0)
(1.02888 -0.0187186 0)
(1.08324 -0.0112141 0)
(1.03162 -0.0327758 0)
(1.08305 -0.0261642 0)
(1.03856 -0.0483885 0)
(1.08609 -0.0426773 0)
(1.05024 -0.0660956 0)
(1.09285 -0.0612701 0)
(1.06724 -0.086581 0)
(1.10393 -0.0825152 0)
(1.09048 -0.110624 0)
(1.11971 -0.10742 0)
(1.12107 -0.139038 1.3731e-33)
(1.14162 -0.136813 0)
(1.16032 -0.172606 2.62971e-35)
(1.17045 -0.17159 1.3731e-33)
(1.21017 -0.211982 -1.34781e-33)
(1.20824 -0.212911 -1.34781e-33)
(1.27301 -0.257525 0)
(1.25716 -0.26162 0)
(1.35173 -0.308949 0)
(1.32011 -0.318162 0)
(1.44971 -0.36498 0)
(1.4008 -0.382204 0)
(1.5706 -0.422578 0)
(1.50389 -0.45215 0)
(1.71779 -0.476494 0)
(1.63438 -0.52397 0)
(1.89482 -0.518255 0)
(1.79861 -0.592255 0)
(2.10054 -0.533935 0)
(2.00307 -0.643993 0)
(2.31903 -0.507703 0)
(2.22876 -0.651632 0)
(2.52438 -0.428691 0)
(2.44666 -0.593549 0)
(2.68944 -0.297367 0)
(2.62366 -0.461947 0)
(2.80263 -0.13246 0)
(2.75455 -0.277374 0)
(2.854 0.0462719 0)
(2.81843 -0.0662303 0)
(2.84016 0.219061 0)
(2.81277 0.147872 0)
(2.77886 0.363921 0)
(2.76954 0.331889 0)
(2.68148 0.473974 0)
(2.69006 0.473027 0)
(2.55358 0.547429 0)
(2.58572 0.57524 0)
(2.40232 0.581637 0)
(2.467 0.636151 0)
(2.23324 0.577882 0)
(2.32624 0.657668 0)
(2.0543 0.541981 0)
(2.17128 0.641142 0)
(1.87218 0.482595 0)
(2.00887 0.594809 0)
(1.69457 0.4089 0)
(1.84429 0.527721 0)
(1.53169 0.33071 0)
(1.68523 0.446994 0)
(1.39101 0.256721 0)
(1.54022 0.361907 0)
(1.2754 0.192162 0)
(1.41551 0.281631 0)
(1.1843 0.13904 0)
(1.3127 0.21146 0)
(1.11502 0.0972029 0)
(1.23103 0.153501 0)
(1.0639 0.0654216 0)
(1.16827 0.107752 0)
(1.02718 0.0420553 0)
(1.12142 0.0729843 0)
(1.00145 0.0254109 0)
(1.0873 0.0474307 0)
(0.983853 0.0139352 0)
(1.06302 0.0292212 0)
(0.972141 0.00631716 0)
(1.04611 0.0166334 0)
(0.964591 0.0014904 0)
(1.03461 0.00823197 0)
(0.959923 -0.00139033 0)
(1.02698 0.00285666 0)
(0.957205 -0.00296206 0)
(1.02208 -0.000413143 0)
(0.955762 -0.00364275 0)
(1.01905 -0.00224306 0)
(0.955106 -0.0037577 0)
(1.01724 -0.00309118 0)
(0.954938 -0.00358966 0)
(1.01627 -0.00336461 0)
(0.955052 -0.00326638 0)
(1.01581 -0.00330371 0)
(0.955314 -0.0028587 0)
(1.01566 -0.00303757 0)
(0.955648 -0.00243573 0)
(1.01569 -0.00269369 0)
(0.955993 -0.00203292 0)
(1.01582 -0.00231066 0)
(0.956319 -0.00166878 0)
(1.016 -0.00193709 0)
(0.956609 -0.00134936 0)
(1.01619 -0.00159414 0)
(0.95686 -0.00107427 0)
(1.01637 -0.0012898 0)
(0.957069 -0.000840177 0)
(1.01654 -0.00102516 0)
(0.957238 -0.000641673 0)
(1.01668 -0.000797986 0)
(0.957371 -0.000475317 0)
(1.01679 -0.000602805 0)
(0.957474 -0.00032155 0)
(1.01688 -0.000440831 0)
(1.01696 -0.000268363 0)
(1.01044 0.0441395 0)
(1.00232 0.0189235 0)
(1.03615 0.0802373 0)
(1.01545 0.0549313 0)
(1.06751 0.105048 0)
(1.0408 0.0824835 0)
(1.09782 0.119238 0)
(1.07012 0.100437 0)
(1.12351 0.12464 0)
(1.09732 0.110346 0)
(1.14309 0.12373 0)
(1.12081 0.113797 0)
(1.1567 0.118408 0)
(1.13976 0.11264 0)
(1.16541 0.109414 0)
(1.15407 0.10768 0)
(1.17002 0.0985698 0)
(1.16508 0.0997028 0)
(1.17081 0.0879431 0)
(1.17135 0.0906662 0)
(1.16864 0.077275 0)
(1.17478 0.0811466 0)
(1.16459 0.065803 0)
(1.17592 0.0705373 0)
(1.15956 0.0533855 0)
(1.17553 0.0589789 0)
(1.15404 0.040112 0)
(1.17348 0.0467555 0)
(1.14841 0.0264051 0)
(1.17064 0.0341177 0)
(1.14331 0.0123384 0)
(1.16749 0.0208019 0)
(1.13941 -0.00238748 0)
(1.16443 0.00647718 0)
(1.13727 -0.0181753 0)
(1.16201 -0.0090672 0)
(1.13732 -0.0355053 0)
(1.16072 -0.0262151 0)
(1.14011 -0.0549236 0)
(1.16099 -0.0454721 0)
(1.14621 -0.0770198 0)
(1.16334 -0.067364 0)
(1.15596 -0.102677 0)
(1.16836 -0.0922638 0)
(1.17016 -0.132848 0)
(1.17617 -0.121626 0)
(1.19012 -0.168487 0)
(1.18852 -0.156772 0)
(1.21728 -0.211049 0)
(1.20608 -0.198746 0)
(1.25374 -0.261908 0)
(1.23096 -0.249373 0)
(1.30231 -0.321958 0)
(1.26541 -0.310197 0)
(1.36679 -0.391651 0)
(1.31283 -0.382638 0)
(1.45221 -0.470349 0)
(1.37807 -0.467624 0)
(1.56492 -0.555359 0)
(1.46799 -0.564859 0)
(1.71249 -0.642125 0)
(1.59096 -0.671546 0)
(1.90565 -0.719961 0)
(1.76077 -0.785413 0)
(2.1357 -0.764614 0)
(1.97947 -0.874038 0)
(2.36499 -0.747285 0)
(2.18488 -0.88092 0)
(2.55981 -0.645763 0)
(2.36808 -0.788374 0)
(2.6986 -0.459981 0)
(2.46014 -0.600735 0)
(2.77128 -0.223705 0)
(2.4768 -0.350056 0)
(2.77836 0.0229252 0)
(2.43942 -0.0733147 0)
(2.74062 0.249255 0)
(2.40447 0.18562 0)
(2.67153 0.429371 0)
(2.37968 0.400972 0)
(2.59042 0.560191 0)
(2.35164 0.554142 0)
(2.49513 0.651226 0)
(2.31695 0.670528 0)
(2.38843 0.703533 0)
(2.26749 0.742855 0)
(2.26178 0.715842 0)
(2.19362 0.784309 0)
(2.12588 0.690819 0)
(2.1001 0.777047 0)
(1.9815 0.637843 0)
(1.99388 0.739184 0)
(1.83506 0.565209 0)
(1.87759 0.674167 0)
(1.69422 0.478887 0)
(1.75599 0.587828 0)
(1.56535 0.388088 0)
(1.6368 0.490782 0)
(1.45327 0.302184 0)
(1.52766 0.393704 0)
(1.35965 0.226909 0)
(1.4333 0.305081 0)
(1.28436 0.164781 0)
(1.35486 0.228791 0)
(1.2258 0.115855 0)
(1.29181 0.166311 0)
(1.18154 0.0787623 0)
(1.24252 0.117247 0)
(1.14888 0.0515424 0)
(1.20493 0.080093 0)
(1.12528 0.0321434 0)
(1.17686 0.0528158 0)
(1.10859 0.0187161 0)
(1.15633 0.033326 0)
(1.09702 0.00972571 0)
(1.14163 0.0197997 0)
(1.08916 0.00392825 0)
(1.1313 0.0107189 0)
(1.08394 0.000371261 0)
(1.12416 0.00480556 0)
(1.08056 -0.00164766 0)
(1.11933 0.0011384 0)
(1.07845 -0.00266466 0)
(1.11614 -0.000975586 0)
(1.07717 -0.00305375 0)
(1.11406 -0.00209148 0)
(1.07644 -0.00305852 0)
(1.11273 -0.00257089 0)
(1.07605 -0.00286101 0)
(1.11192 -0.00265098 0)
(1.07588 -0.00255973 0)
(1.11143 -0.0025236 0)
(1.07585 -0.00220798 0)
(1.11116 -0.00227338 0)
(1.07589 -0.00185794 0)
(1.11102 -0.00197731 0)
(1.07596 -0.00153196 0)
(1.11097 -0.00167294 0)
(1.07606 -0.00123937 0)
(1.11097 -0.0013825 0)
(1.07615 -0.000982534 0)
(1.111 -0.00111733 0)
(1.07623 -0.000759266 0)
(1.11104 -0.000881772 0)
(1.0763 -0.00056864 0)
(1.11108 -0.000673753 0)
(1.07636 -0.0003879 0)
(1.11112 -0.000497278 0)
(1.11115 -0.000303676 0)
(1.00595 0.0305638 0)
(1.00138 0.0129731 0)
(1.02224 0.0573677 0)
(1.00944 0.0386425 0)
(1.04477 0.0777412 0)
(1.02634 0.0599555 0)
(1.06978 0.0914479 0)
(1.04812 0.0754216 0)
(1.09464 0.0993796 0)
(1.07115 0.0854931 0)
(1.11744 0.102538 0)
(1.09358 0.0909878 0)
(1.13733 0.101749 0)
(1.11444 0.0927596 0)
(1.15367 0.0977197 0)
(1.13299 0.091333 0)
(1.16617 0.0914416 0)
(1.14878 0.0872019 0)
(1.17542 0.0837575 0)
(1.16143 0.0814214 0)
(1.18211 0.0746355 0)
(1.17154 0.0744533 0)
(1.18668 0.0640543 0)
(1.17942 0.0659656 0)
(1.18932 0.0527397 0)
(1.18539 0.0563403 0)
(1.19015 0.041156 0)
(1.18912 0.0459259 0)
(1.18971 0.0288984 0)
(1.19114 0.0345576 0)
(1.18849 0.0153707 0)
(1.19196 0.022025 0)
(1.18692 0.000305717 0)
(1.19169 0.00804888 0)
(1.18536 -0.0165115 0)
(1.19074 -0.00751591 0)
(1.18424 -0.0355022 0)
(1.1895 -0.0250895 0)
(1.18402 -0.0571475 0)
(1.18814 -0.0452506 0)
(1.18518 -0.0817006 0)
(1.18711 -0.068527 0)
(1.1882 -0.110143 0)
(1.18687 -0.0952865 0)
(1.19391 -0.144453 0)
(1.18787 -0.127331 0)
(1.20359 -0.186021 0)
(1.19123 -0.166457 0)
(1.21863 -0.236142 0)
(1.19759 -0.213782 0)
(1.24094 -0.296856 0)
(1.20866 -0.271687 0)
(1.27357 -0.370338 0)
(1.22673 -0.342821 0)
(1.32101 -0.458562 0)
(1.25543 -0.430081 0)
(1.38984 -0.562886 0)
(1.30029 -0.536454 0)
(1.48952 -0.68306 0)
(1.36985 -0.66454 0)
(1.63313 -0.818515 0)
(1.47614 -0.815162 0)
(1.83349 -0.948607 0)
(1.63599 -0.985764 0)
(2.03744 -1.01396 0)
(1.81417 -1.07799 0)
(2.19635 -0.968776 0)
(1.87956 -1.03982 0)
(2.28956 -0.816279 0)
(1.83516 -0.881584 0)
(2.25769 -0.567726 0)
(1.64826 -0.568867 0)
(2.14231 -0.254746 0)
(1.38469 -0.234682 4.72951e-18)
(2.06384 0.0526779 0)
(1.19995 0.00516364 0)
(2.04061 0.313147 0)
(1.24708 0.20885 -2.91853e-17)
(2.04188 0.51123 0)
(1.36596 0.3997 0)
(2.0762 0.653367 0)
(1.44003 0.519826 -1.02331e-19)
(2.08506 0.750762 0)
(1.59565 0.661666 0)
(2.0691 0.81239 0)
(1.6991 0.758814 0)
(2.02813 0.837397 0)
(1.75909 0.825275 0)
(1.96843 0.820486 0)
(1.77598 0.836747 0)
(1.89109 0.772236 0)
(1.7598 0.816525 0)
(1.79837 0.694822 0)
(1.72065 0.766883 0)
(1.69912 0.599293 0)
(1.6621 0.687086 0)
(1.60027 0.496932 0)
(1.59181 0.589629 0)
(1.50862 0.397548 0)
(1.51842 0.485355 0)
(1.42911 0.308047 0)
(1.44918 0.384593 0)
(1.36266 0.231371 0)
(1.38824 0.295238 0)
(1.30871 0.168622 0)
(1.33684 0.220261 0)
(1.266 0.119312 0)
(1.29476 0.159958 0)
(1.23294 0.0819144 0)
(1.26127 0.113155 0)
(1.20791 0.0544033 0)
(1.23528 0.077845 0)
(1.18937 0.0347132 0)
(1.21549 0.0518604 0)
(1.17591 0.0210163 0)
(1.2007 0.033262 0)
(1.16629 0.0117518 0)
(1.18988 0.0203373 0)
(1.15957 0.00568508 0)
(1.18207 0.0115327 0)
(1.15493 0.00189663 0)
(1.17656 0.00577582 0)
(1.15176 -0.000342221 0)
(1.17271 0.00219414 0)
(1.14963 -0.00156356 0)
(1.17003 3.4474e-05 0)
(1.14822 -0.0021278 0)
(1.16818 -0.00115986 0)
(1.1473 -0.00229141 0)
(1.16693 -0.00173281 0)
(1.14671 -0.0022248 0)
(1.16608 -0.00193055 0)
(1.14634 -0.00203416 0)
(1.16551 -0.00190333 0)
(1.14612 -0.00178538 0)
(1.16514 -0.00175402 0)
(1.14599 -0.0015183 0)
(1.16489 -0.00154589 0)
(1.14592 -0.00125708 0)
(1.16474 -0.00131699 0)
(1.1459 -0.00101465 0)
(1.16464 -0.00108924 0)
(1.14589 -0.000795411 0)
(1.16459 -0.000875006 0)
(1.14589 -0.000602292 0)
(1.16456 -0.000677677 0)
(1.1459 -0.000413522 0)
(1.16454 -0.000504847 0)
(1.16452 -0.000309199 0)
(1.00373 0.0217368 0)
(1.00091 0.00923919 0)
(1.0146 0.0415618 0)
(1.00629 0.0277752 0)
(1.03068 0.0575967 0)
(1.01808 0.0438797 0)
(1.04978 0.0692897 0)
(1.03414 0.0563198 0)
(1.07019 0.0769267 0)
(1.05226 0.0650841 0)
(1.09062 0.0810574 0)
(1.0711 0.0705564 0)
(1.1102 0.0821994 0)
(1.08986 0.0731814 0)
(1.12818 0.0807783 0)
(1.10785 0.0733506 0)
(1.14396 0.0773011 0)
(1.12445 0.0714259 0)
(1.15749 0.0722348 0)
(1.13926 0.0678885 0)
(1.16893 0.0657985 0)
(1.15225 0.0630145 0)
(1.1781 0.0581143 0)
(1.16338 0.0567931 0)
(1.18509 0.0492921 0)
(1.17243 0.0493514 0)
(1.19013 0.0392754 0)
(1.1796 0.0408837 0)
(1.19339 0.0279387 0)
(1.18478 0.0313001 0)
(1.1951 0.0151306 0)
(1.18829 0.0203117 0)
(1.19548 0.000683082 0)
(1.19006 0.00766614 0)
(1.19482 -0.0156342 0)
(1.19029 -0.00685614 0)
(1.19331 -0.0343249 0)
(1.18914 -0.0235803 0)
(1.19112 -0.0560171 0)
(1.18663 -0.043054 0)
(1.18852 -0.0813768 0)
(1.18296 -0.0659279 0)
(1.18623 -0.111611 0)
(1.17833 -0.0929933 0)
(1.18472 -0.148315 0)
(1.1732 -0.125829 0)
(1.1844 -0.193 0)
(1.16781 -0.166138 0)
(1.18643 -0.247896 0)
(1.16255 -0.215806 2.31757e-32)
(1.19261 -0.316067 0)
(1.1586 -0.277869 -2.29101e-32)
(1.20583 -0.400989 0)
(1.1578 -0.356045 0)
(1.23073 -0.506678 0)
(1.16329 -0.454979 0)
(1.2746 -0.63758 0)
(1.18021 -0.580319 0)
(1.34893 -0.798087 0)
(1.21693 -0.738875 0)
(1.4706 -0.98852 0)
(1.28765 -0.936832 0)
(1.62174 -1.1315 0)
(1.38813 -1.1369 0)
(1.67273 -1.13439 0)
(1.38054 -1.12898 0)
(1.5278 -0.929764 0)
(1.14121 -0.894891 0)
(1.2097 -0.549788 0)
(0.734575 -0.390436 0)
(0.827008 -0.192161 4.72951e-18)
(0.504104 0.14181 0)
(0.448345 -0.00627623 4.72951e-18)
(0.286056 -0.185669 4.72951e-18)
(0.409006 0.0558508 -2.91853e-17)
(0.153473 -0.331546 0)
(0.595516 0.116415 -2.91853e-17)
(0.227269 -0.446489 -2.91853e-17)
(0.703662 0.261464 -1.02331e-19)
(0.344096 -0.569866 0)
(0.953155 0.471647 -1.02331e-19)
(0.433613 0.212896 -1.02331e-19)
(1.20493 0.646125 0)
(0.672099 0.409894 0)
(1.38584 0.758868 0)
(0.897131 0.577905 0)
(1.50359 0.815906 0)
(1.10764 0.707525 0)
(1.56617 0.827043 0)
(1.25626 0.774167 0)
(1.59058 0.808328 0)
(1.34686 0.79211 0)
(1.5848 0.757142 0)
(1.39977 0.772662 0)
(1.55544 0.675424 0)
(1.42208 0.71645 0)
(1.51132 0.576667 0)
(1.42048 0.633751 0)
(1.4602 0.472002 0)
(1.40211 0.536473 0)
(1.40932 0.37218 0)
(1.37466 0.435469 0)
(1.36314 0.284853 0)
(1.34472 0.341416 0)
(1.3233 0.212328 0)
(1.31598 0.260105 0)
(1.29024 0.154438 0)
(1.29024 0.193016 0)
(1.2637 0.109624 0)
(1.26827 0.139697 0)
(1.24287 0.0757417 0)
(1.25026 0.098669 0)
(1.22683 0.0507493 0)
(1.23587 0.0679018 0)
(1.21467 0.0328388 0)
(1.22461 0.0454276 0)
(1.20561 0.0203212 0)
(1.21601 0.0293901 0)
(1.19907 0.0117798 0)
(1.20953 0.018079 0)
(1.19435 0.00617092 0)
(1.20471 0.0104938 0)
(1.19096 0.00262735 0)
(1.2013 0.00557991 0)
(1.18858 0.000481635 0)
(1.19878 0.00241427 0)
(1.1869 -0.000727416 0)
(1.19695 0.000527219 0)
(1.18571 -0.00134126 0)
(1.19562 -0.000548795 0)
(1.18489 -0.00158535 0)
(1.19465 -0.00110481 0)
(1.18431 -0.00160727 0)
(1.19396 -0.00133145 0)
(1.18392 -0.0015043 0)
(1.19347 -0.00135887 0)
(1.18365 -0.00133756 0)
(1.19312 -0.00127458 0)
(1.18346 -0.00114405 0)
(1.19287 -0.00113241 0)
(1.18334 -0.000946001 0)
(1.19269 -0.00096499 0)
(1.18326 -0.000755008 0)
(1.19256 -0.000792327 0)
(1.1832 -0.000579176 0)
(1.19247 -0.000623337 0)
(1.18317 -0.000400443 0)
(1.19241 -0.000469614 0)
(1.19236 -0.000288116 0)
(1.00259 0.0156843 0)
(1.00066 0.00664818 0)
(1.01033 0.0303223 0)
(1.00456 0.0200342 0)
(1.02221 0.0426214 0)
(1.01327 0.0320017 0)
(1.03691 0.052018 0)
(1.02552 0.0416205 0)
(1.05329 0.0585659 0)
(1.03989 0.0487017 0)
(1.07043 0.0625278 0)
(1.05542 0.0534174 0)
(1.08759 0.0642034 0)
(1.07144 0.0560174 0)
(1.10419 0.0638961 0)
(1.08741 0.0567538 0)
(1.11975 0.0619356 0)
(1.10279 0.0558704 0)
(1.13399 0.0586073 0)
(1.11722 0.053644 0)
(1.14674 0.0540221 0)
(1.13046 0.0502614 0)
(1.15777 0.0482245 0)
(1.14234 0.0457684 0)
(1.16692 0.0412751 0)
(1.15258 0.0402026 0)
(1.17423 0.0331936 0)
(1.1611 0.0335694 0)
(1.1797 0.0238393 0)
(1.16782 0.0258354 0)
(1.18327 0.012968 0)
(1.1727 0.0167396 0)
(1.1849 0.000306511 0)
(1.17557 0.00603593 0)
(1.1846 -0.0145039 0)
(1.17632 -0.00656119 0)
(1.18245 -0.031889 0)
(1.17488 -0.0214234 0)
(1.17843 -0.0524272 0)
(1.17115 -0.0390411 0)
(1.17261 -0.0768948 0)
(1.16502 -0.0600997 0)
(1.16512 -0.106432 0)
(1.15637 -0.0855116 0)
(1.15597 -0.142673 0)
(1.14507 -0.116676 0)
(1.14526 -0.187693 2.31757e-32)
(1.13092 -0.155427 0)
(1.13359 -0.244227 2.81481e-34)
(1.11381 -0.204139 2.31757e-32)
(1.12194 -0.315997 -2.29101e-32)
(1.09395 -0.266219 -2.29101e-32)
(1.11222 -0.407935 0)
(1.07202 -0.346321 0)
(1.10798 -0.526428 0)
(1.04967 -0.450742 0)
(1.11544 -0.679736 0)
(1.02994 -0.587785 0)
(1.14462 -0.87511 0)
(1.02056 -0.768053 0)
(1.20062 -1.08024 0)
(1.02617 -0.992828 0)
(1.16225 -1.12304 0)
(1.00176 -1.09853 0)
(0.840948 -0.831417 0)
(0.698208 -0.807685 0)
(0.484105 -0.356989 0)
(0.321142 0.624117 0)
(0.435199 -0.060357 0)
(0.0331425 0.230081 0)
(0.209125 0 0)
(0 -0.0810866 0)
(0.0788077 0 0)
(0 -0.0114042 0)
(0.059856 0 0)
(0 0.00076635 0)
(0.0781093 0 0)
(0 0.00961251 0)
(0.373824 0.0470344 0)
(0 0.0147605 0)
(0.14954 0.166357 0)
(0.0261781 -0.294457 0)
(0.330933 0.339182 0)
(0.0610799 0.128584 -1.48077e-18)
(0.617403 0.52456 0)
(0.25189 0.291435 -1.58398e-17)
(0.85869 0.66174 0)
(0.482013 0.466238 0)
(1.03404 0.734896 0)
(0.702229 0.59882 0)
(1.15572 0.753765 0)
(0.870542 0.670431 0)
(1.23817 0.731434 0)
(0.998762 0.690207 0)
(1.28809 0.675178 0)
(1.09419 0.66653 0)
(1.31258 0.594233 0)
(1.16165 0.609267 0)
(1.31817 0.500501 0)
(1.20465 0.530883 0)
(1.31146 0.404952 0)
(1.22929 0.44217 0)
(1.2986 0.316816 0)
(1.2409 0.354285 0)
(1.28355 0.241025 0)
(1.24427 0.275153 0)
(1.26859 0.178629 0)
(1.24295 0.207975 0)
(1.25498 0.129144 0)
(1.23917 0.153303 0)
(1.2433 0.0911877 0)
(1.23442 0.110348 0)
(1.23367 0.0628576 0)
(1.22956 0.0775345 0)
(1.22593 0.0421939 0)
(1.22507 0.053169 0)
(1.21985 0.027327 0)
(1.22113 0.0354664 0)
(1.21518 0.0169299 0)
(1.21786 0.0227551 0)
(1.21165 0.0100065 0)
(1.21511 0.0140243 0)
(1.20908 0.00545782 0)
(1.21303 0.00814919 0)
(1.20715 0.00252363 0)
(1.21135 0.00434566 0)
(1.20566 0.000739918 0)
(1.21009 0.0020136 0)
(1.20455 -0.000290111 0)
(1.20907 0.00055917 0)
(1.20373 -0.000831621 0)
(1.20826 -0.000281706 0)
(1.20312 -0.00106586 0)
(1.20763 -0.000722082 0)
(1.20267 -0.00111598 0)
(1.20715 -0.000907253 0)
(1.20233 -0.00105994 0)
(1.20678 -0.000940392 0)
(1.20209 -0.00094665 0)
(1.20649 -0.000885748 0)
(1.20191 -0.000806575 0)
(1.20627 -0.000783816 0)
(1.20177 -0.000657313 0)
(1.20611 -0.000660164 0)
(1.20168 -0.000511388 0)
(1.20599 -0.000528045 0)
(1.20161 -0.000355776 0)
(1.2059 -0.000401628 0)
(1.20582 -0.000246012 0)
(1.00195 0.0112462 0)
(1.00051 0.0046982 0)
(1.00782 0.0218824 0)
(1.00354 0.0141677 0)
(1.01703 0.0310503 0)
(1.01037 0.0227851 0)
(1.02875 0.0382759 0)
(1.02017 0.029903 0)
(1.04215 0.0434924 0)
(1.03196 0.0353028 0)
(1.05654 0.0468282 0)
(1.04501 0.039028 0)
(1.07134 0.0484746 0)
(1.05878 0.0412113 0)
(1.08607 0.0486315 0)
(1.0728 0.0420286 0)
(1.10029 0.047498 0)
(1.08665 0.0416457 0)
(1.11372 0.045249 0)
(1.09995 0.0402218 0)
(1.12609 0.0419796 0)
(1.11244 0.0378845 0)
(1.13718 0.0377224 0)
(1.12389 0.034678 0)
(1.14678 0.0324822 0)
(1.13406 0.0306057 0)
(1.15472 0.0262216 0)
(1.14274 0.0256276 0)
(1.16089 0.0187856 0)
(1.14975 0.0196713 0)
(1.16506 0.00992539 0)
(1.15491 0.012562 0)
(1.16705 -0.000631011 0)
(1.15797 0.00404511 0)
(1.16666 -0.013209 0)
(1.15863 -0.00616376 0)
(1.16365 -0.0282309 0)
(1.15659 -0.0184182 0)
(1.15779 -0.0462762 0)
(1.1515 -0.0331798 0)
(1.14878 -0.0681435 0)
(1.14297 -0.05109 0)
(1.1363 -0.0949686 0)
(1.13049 -0.0730295 0)
(1.11989 -0.128345 0)
(1.11346 -0.100264 0)
(1.09903 -0.170434 0)
(1.09108 -0.134571 0)
(1.0733 -0.224249 0)
(1.06244 -0.178412 3.11116e-33)
(1.0424 -0.294071 0)
(1.0265 -0.235313 -3.10605e-33)
(1.00643 -0.385924 0)
(0.982164 -0.310349 0)
(0.966503 -0.508201 0)
(0.928623 -0.41082 0)
(0.925818 -0.671816 0)
(0.865011 -0.5471 0)
(0.888202 -0.882741 0)
(0.797027 -0.730438 0)
(0.83214 -1.0122 0)
(0.702856 -0.936765 0)
(0.569343 -0.780121 0)
(0.497732 -0.835736 -3.11858e-16)
(1.74341 -0.267925 0)
(0.0899574 -0.33666 -4.56252e-18)
(0.32686 0 0)
(0 -0.218174 0)
(0.0323474 0 0)
(0 -0.0292243 0)
(5.34375e-05 0 0)
(0 1.4937e-06 0)
(0.000154159 0 0)
(0 8.4569e-07 0)
(0.000456389 0 0)
(0 9.80039e-06 0)
(0.000714146 0 0)
(0 1.66186e-05 0)
(0.00743498 0 0)
(0 -0.00157712 0)
(0.188909 0.0235243 -1.48077e-18)
(0 0.0061101 0)
(-0.0720234 0.102633 -1.73205e-17)
(-0.059488 -0.235266 -1.48077e-18)
(0.0916295 0.250159 -1.58398e-17)
(-0.0513488 0.103891 -1.58398e-17)
(0.324359 0.418311 0)
(0.0740086 0.233508 0)
(0.535615 0.542143 0)
(0.269891 0.387565 0)
(0.711752 0.609561 0)
(0.456431 0.494294 0)
(0.855155 0.625893 0)
(0.620778 0.546803 0)
(0.96884 0.601135 0)
(0.762108 0.552845 0)
(1.0552 0.546484 0)
(0.880434 0.52291 0)
(1.11776 0.473146 0)
(0.975814 0.46832 0)
(1.16045 0.392174 0)
(1.04977 0.399477 0)
(1.1878 0.313289 0)
(1.10425 0.326934 0)
(1.20448 0.242691 0)
(1.14305 0.258474 0)
(1.21399 0.183062 0)
(1.16999 0.198466 0)
(1.21882 0.134761 0)
(1.18816 0.148473 0)
(1.22075 0.0968832 0)
(1.19999 0.108426 0)
(1.22096 0.0680342 0)
(1.20742 0.0773234 0)
(1.22024 0.0466171 0)
(1.21186 0.0538912 0)
(1.21909 0.0310058 0)
(1.2143 0.0366079 0)
(1.21777 0.0199295 0)
(1.21549 0.0240749 0)
(1.21645 0.0122635 0)
(1.21581 0.0153518 0)
(1.21527 0.00712017 0)
(1.21571 0.00932951 0)
(1.21429 0.00389496 0)
(1.21531 0.00531741 0)
(1.21348 0.00188175 0)
(1.21491 0.00282836 0)
(1.21276 0.000598036 0)
(1.21445 0.00127736 0)
(1.21215 -0.000155065 0)
(1.214 0.000325299 0)
(1.21166 -0.000548247 0)
(1.21359 -0.000222351 0)
(1.21125 -0.000719273 0)
(1.21322 -0.000504565 0)
(1.21093 -0.000756477 0)
(1.2129 -0.0006178 0)
(1.21067 -0.000715779 0)
(1.21263 -0.000630392 0)
(1.21047 -0.000632308 0)
(1.21241 -0.000583995 0)
(1.21032 -0.000527335 0)
(1.21224 -0.000505954 0)
(1.2102 -0.000415931 0)
(1.2121 -0.000411584 0)
(1.21012 -0.00029053 0)
(1.212 -0.000315556 0)
(1.21191 -0.000192502 0)
(1.00157 0.00777749 0)
(1.00042 0.00313201 0)
(1.00628 0.0151924 0)
(1.00292 0.00944892 0)
(1.01381 0.0216927 0)
(1.00859 0.0152605 0)
(1.02356 0.0269295 0)
(1.01684 0.0201495 0)
(1.03493 0.0308045 0)
(1.02694 0.0239352 0)
(1.04735 0.0333625 0)
(1.03831 0.0266068 0)
(1.06033 0.0347126 0)
(1.05049 0.028229 0)
(1.07346 0.0349898 0)
(1.06305 0.0289048 0)
(1.08636 0.0343246 0)
(1.07563 0.0287484 0)
(1.09872 0.032826 0)
(1.08786 0.0278597 0)
(1.11029 0.0305614 0)
(1.09949 0.0263142 0)
(1.12082 0.027549 0)
(1.11027 0.024147 0)
(1.13007 0.023762 0)
(1.11995 0.0213514 0)
(1.13782 0.0191294 0)
(1.12829 0.0178768 0)
(1.14386 0.0135407 0)
(1.13504 0.0136354 0)
(1.14792 0.006796 0)
(1.13995 0.00849954 0)
(1.14965 -0.00135095 0)
(1.14271 0.00231794 0)
(1.14868 -0.0111835 0)
(1.1429 -0.00519662 0)
(1.14458 -0.023098 0)
(1.14004 -0.0143204 0)
(1.13685 -0.0376159 0)
(1.13358 -0.0254416 0)
(1.12485 -0.0554462 0)
(1.12285 -0.0390913 0)
(1.10782 -0.0775897 0)
(1.10702 -0.0560015 0)
(1.08477 -0.105472 0)
(1.08502 -0.0772165 0)
(1.05444 -0.141115 3.11116e-33)
(1.05546 -0.104236 0)
(1.01523 -0.187417 5.34146e-36)
(1.01652 -0.139207 3.11116e-33)
(0.96518 -0.248597 -3.10605e-33)
(0.965851 -0.185264 -3.10605e-33)
(0.901878 -0.330837 0)
(0.900362 -0.247048 0)
(0.822484 -0.443043 0)
(0.816149 -0.331426 0)
(0.72347 -0.595101 0)
(0.707883 -0.448086 0)
(0.595454 -0.770906 0)
(0.573222 -0.602421 0)
(0.397617 -0.742662 -3.11858e-16)
(0.368705 -0.738928 0)
(0.032972 -0.343192 -3.1642e-16)
(0.0753766 -0.505126 -9.94126e-16)
(0.921083 -0.030309 -4.56252e-18)
(-0.0700565 0.686611 -4.56252e-18)
(-0.00284124 0 0)
(0 -0.0376126 0)
(1.27394e-05 0 0)
(0 4.81087e-07 0)
(2.73992e-05 0 0)
(0 3.71731e-07 0)
(6.54959e-05 0 0)
(0 1.08812e-06 0)
(0.000144195 0 0)
(0 3.19716e-06 0)
(0.000373182 0 0)
(0 7.52768e-06 0)
(0.00118706 0 0)
(0 1.7783e-05 0)
(-0.000526305 0 0)
(0 -0.00111048 0)
(0.196871 0.0240222 0)
(0 0.00385743 0)
(-0.136069 0.0868582 0)
(-0.0625866 -0.249118 0)
(0.0112508 0.205147 0)
(-0.0725631 0.0861891 0)
(0.188137 0.343477 0)
(0.0132573 0.210679 0)
(0.363217 0.434426 0)
(0.169327 0.319215 0)
(0.526928 0.475356 0)
(0.333285 0.383092 0)
(0.674558 0.475192 0)
(0.492148 0.405215 0)
(0.802835 0.444822 0)
(0.63921 0.394633 0)
(0.909949 0.394632 0)
(0.769679 0.361206 0)
(0.99546 0.334299 0)
(0.880432 0.313966 0)
(1.06097 0.272242 0)
(0.969885 0.261425 0)
(1.10958 0.214411 0)
(1.03978 0.209863 0)
(1.14475 0.164072 0)
(1.0928 0.1633 0)
(1.16961 0.122356 0)
(1.13192 0.123614 0)
(1.18677 0.0890701 0)
(1.16007 0.0912616 0)
(1.19832 0.0633401 0)
(1.17987 0.0657754 0)
(1.20589 0.0440004 0)
(1.19347 0.0463203 0)
(1.21066 0.0297827 0)
(1.20257 0.0318353 0)
(1.21346 0.0195838 0)
(1.20847 0.021273 0)
(1.21501 0.0124619 0)
(1.21209 0.0138055 0)
(1.21571 0.00755692 0)
(1.21425 0.00863346 0)
(1.2159 0.00429513 0)
(1.21535 0.00512774 0)
(1.21586 0.00226912 0)
(1.21588 0.00286756 0)
(1.21568 0.00103754 0)
(1.21605 0.00145474 0)
(1.21543 0.000279476 0)
(1.21602 0.000578878 0)
(1.21514 -0.000163926 0)
(1.21586 6.46817e-05 0)
(1.21485 -0.000391893 0)
(1.21565 -0.000218817 0)
(1.21459 -0.000483034 0)
(1.21542 -0.000356434 0)
(1.21436 -0.000491982 0)
(1.2152 -0.000403003 0)
(1.21417 -0.0004528 0)
(1.21501 -0.000392856 0)
(1.21402 -0.000386784 0)
(1.21484 -0.0003503 0)
(1.2139 -0.000309 0)
(1.2147 -0.000289597 0)
(1.2138 -0.000216311 0)
(1.2146 -0.000223473 0)
(1.2145 -0.000135609 0)
(1.00134 0.00490083 0)
(1.00037 0.00179532 0)
(1.00536 0.00959712 0)
(1.00257 0.00542056 0)
(1.01185 0.0137597 0)
(1.00756 0.0087782 0)
(1.02036 0.0171627 0)
(1.01489 0.0116352 0)
(1.03042 0.0197218 0)
(1.02396 0.0138759 0)
(1.04155 0.0214453 0)
(1.0343 0.0154792 0)
(1.0533 0.0223888 0)
(1.04548 0.0164731 0)
(1.0653 0.0226318 0)
(1.05711 0.016909 0)
(1.0772 0.0222563 0)
(1.06883 0.0168528 0)
(1.08869 0.0213283 0)
(1.08032 0.0163616 0)
(1.09953 0.0198896 0)
(1.09129 0.0154759 0)
(1.10946 0.01795 0)
(1.10152 0.0142176 0)
(1.11823 0.0154813 0)
(1.11074 0.0125803 0)
(1.12558 0.012417 0)
(1.11871 0.0105266 0)
(1.13124 0.00865445 0)
(1.12513 0.00798193 0)
(1.1349 0.00410352 0)
(1.1297 0.00483831 0)
(1.13612 -0.00142891 0)
(1.13199 0.00109256 0)
(1.13444 -0.00819666 0)
(1.13167 -0.00351346 0)
(1.12925 -0.0164613 0)
(1.12805 -0.00913332 0)
(1.11985 -0.026624 0)
(1.12045 -0.0160363 0)
(1.10534 -0.0392263 0)
(1.10801 -0.0245815 0)
(1.08459 -0.0550236 0)
(1.08965 -0.0352509 0)
(1.0561 -0.0750996 0)
(1.06394 -0.048735 0)
(1.01791 -0.101021 0)
(1.02899 -0.0660398 0)
(0.967334 -0.135086 0)
(0.982241 -0.0886329 1.32464e-32)
(0.900764 -0.180703 0)
(0.920207 -0.118694 -1.34051e-32)
(0.813219 -0.242958 0)
(0.83806 -0.159504 0)
(0.697806 -0.329115 0)
(0.729164 -0.216013 0)
(0.544682 -0.444278 0)
(0.584135 -0.294961 0)
(0.338941 -0.552081 0)
(0.389104 -0.396681 0)
(0.0522977 -0.461426 -6.82269e-16)
(0.0968282 -0.452283 0)
(1.85403 -0.164011 -6.82269e-16)
(-0.113038 -0.199462 -6.82269e-16)
(-0.00857495 0 0)
(0 -0.197495 0)
(4.53523e-06 0 0)
(0 1.88763e-07 0)
(8.19393e-06 0 0)
(0 -1.48484e-08 0)
(1.88162e-05 0 0)
(0 -4.57917e-10 0)
(4.09386e-05 0 0)
(0 7.23488e-07 0)
(8.91911e-05 0 0)
(0 1.16955e-06 0)
(0.000213703 0 0)
(0 1.966e-06 0)
(0.000616493 0 0)
(0 1.74623e-06 0)
(0.00232208 0 0)
(0 -6.76882e-06 0)
(0.00220975 0 0)
(0 0.000125265 0)
(0.344781 0.0203345 0)
(0 0.00398481 0)
(-0.119747 0.0920052 0)
(-0.107507 0.0218287 -2.57169e-17)
(-0.00911391 0.191479 0)
(-0.109331 0.100046 0)
(0.136951 0.270519 0)
(0.00152622 0.173151 0)
(0.297029 0.31419 0)
(0.150589 0.223015 0)
(0.45741 0.32517 0)
(0.311431 0.244834 0)
(0.608032 0.31125 0)
(0.471687 0.244011 0)
(0.742466 0.280674 0)
(0.62232 0.226773 0)
(0.856878 0.241142 0)
(0.755223 0.199554 0)
(0.950426 0.199004 0)
(0.867983 0.167877 0)
(1.02421 0.158692 0)
(0.958988 0.136081 0)
(1.08065 0.122831 0)
(1.03113 0.106857 0)
(1.12271 0.0925558 0)
(1.08599 0.0815563 0)
(1.1533 0.0680215 0)
(1.12668 0.0606716 0)
(1.17503 0.0488142 0)
(1.1562 0.0440431 0)
(1.19012 0.0342167 0)
(1.17711 0.0312317 0)
(1.20033 0.0233927 0)
(1.19157 0.0216213 0)
(1.20703 0.0155626 0)
(1.20131 0.0145807 0)
(1.21127 0.010039 0)
(1.20767 0.00955998 0)
(1.21385 0.00624427 0)
(1.2117 0.00605945 0)
(1.21529 0.00371219 0)
(1.21411 0.00368357 0)
(1.21604 0.00205947 0)
(1.21549 0.00212315 0)
(1.21636 0.00101206 0)
(1.2162 0.0011252 0)
(1.21644 0.000383749 0)
(1.21651 0.000505206 0)
(1.21636 2.39084e-05 0)
(1.21657 0.000141618 0)
(1.21621 -0.000174179 0)
(1.2165 -6.6389e-05 0)
(1.21603 -0.000269231 0)
(1.21636 -0.000172783 0)
(1.21584 -0.000298417 0)
(1.21619 -0.000216787 0)
(1.21567 -0.000286368 0)
(1.21602 -0.000222454 0)
(1.21552 -0.000250334 0)
(1.21587 -0.000203819 0)
(1.2154 -0.000202401 0)
(1.21574 -0.000170779 0)
(1.21531 -0.000141874 0)
(1.21564 -0.000131872 0)
(1.21554 -7.95189e-05 0)
(1.00121 0.00236832 0)
(1.00035 0.0005839 0)
(1.00487 0.00464599 0)
(1.00238 0.00176479 0)
(1.01078 0.00667907 0)
(1.00707 0.00286416 0)
(1.01861 0.00835562 0)
(1.01397 0.00380736 0)
(1.02794 0.00962747 0)
(1.02257 0.00454893 0)
(1.03833 0.0104935 0)
(1.03241 0.00508291 0)
(1.04939 0.0109768 0)
(1.04312 0.00541743 0)
(1.06073 0.0111138 0)
(1.05429 0.00556785 0)
(1.07203 0.0109439 0)
(1.0656 0.00555518 0)
(1.08299 0.0104987 0)
(1.07671 0.00539799 0)
(1.09336 0.00979827 0)
(1.08735 0.00510931 0)
(1.10288 0.00884705 0)
(1.09727 0.00469654 0)
(1.1113 0.00762928 0)
(1.10624 0.00415749 0)
(1.11835 0.00610252 0)
(1.11399 0.00348005 0)
(1.12369 0.00419518 0)
(1.12022 0.00263521 0)
(1.12696 0.001886 0)
(1.12459 0.00157383 0)
(1.12775 -0.000912622 0)
(1.1266 0.000295812 0)
(1.12551 -0.00435314 0)
(1.12586 -0.00126536 0)
(1.11952 -0.00857592 0)
(1.1218 -0.00314486 0)
(1.10896 -0.0138038 0)
(1.11357 -0.00547881 0)
(1.09277 -0.0203293 0)
(1.1002 -0.00839015 0)
(1.06956 -0.0285561 0)
(1.08048 -0.0120393 0)
(1.03749 -0.0390695 0)
(1.05279 -0.0166666 0)
(0.994076 -0.052727 1.32464e-32)
(1.01494 -0.022627 0)
(0.935885 -0.070798 -1.66531e-34)
(0.963958 -0.0304422 1.32464e-32)
(0.858083 -0.0951894 -1.34051e-32)
(0.895722 -0.0408927 -1.34051e-32)
(0.753742 -0.128774 0)
(0.80438 -0.0551631 0)
(0.612777 -0.175511 0)
(0.681693 -0.0750477 0)
(0.420737 -0.236405 0)
(0.515594 -0.102922 0)
(0.162207 -0.275561 0)
(0.285259 -0.138151 0)
(-0.146054 -0.166231 2.38946e-33)
(-0.0495351 -0.144021 0)
(1.49714 -0.0257119 2.38946e-33)
(-0.168454 -0.028218 2.38946e-33)
(-0.0373363 0 0)
(0 -0.0411543 0)
(3.50571e-06 0 0)
(0 -6.05885e-09 0)
(6.99606e-06 0 0)
(0 -1.07593e-09 0)
(1.55131e-05 0 0)
(0 4.05994e-07 0)
(2.80664e-05 0 0)
(0 4.95079e-08 0)
(6.12627e-05 0 0)
(0 1.49657e-07 0)
(0.000146662 0 0)
(0 5.00786e-07 0)
(0.000428562 0 0)
(0 1.6246e-06 0)
(0.00148462 0 0)
(0 -1.95143e-06 0)
(0.00246512 0 0)
(0 -7.61359e-06 0)
(0.221121 0.00630865 -2.57169e-17)
(0 -0.000522019 0)
(-0.179408 0.0345326 -2.57169e-17)
(-0.137108 0.00290332 -2.57169e-17)
(-0.106491 0.0826297 0)
(-0.153493 0.0271298 0)
(0.0127794 0.127727 0)
(-0.0743909 0.0538808 0)
(0.16304 0.155436 0)
(0.0625232 0.0727544 0)
(0.326226 0.164909 0)
(0.221147 0.0816481 0)
(0.487775 0.160499 0)
(0.386227 0.0824622 0)
(0.637308 0.146323 0)
(0.546753 0.0772404 0)
(0.768441 0.126697 0)
(0.689534 0.0684213 0)
(0.878458 0.105396 0)
(0.815396 0.05786 0)
(0.967457 0.0844985 0)
(0.915393 0.0470828 0)
(1.0372 0.0656503 0)
(0.997615 0.037111 0)
(1.09031 0.0497232 0)
(1.06074 0.0284501 0)
(1.12973 0.0367393 0)
(1.10808 0.0212471 0)
(1.1583 0.0265047 0)
(1.14284 0.0154777 0)
(1.17852 0.0186772 0)
(1.16772 0.0110132 0)
(1.19249 0.0128436 0)
(1.18514 0.00765101 0)
(1.20189 0.00860428 0)
(1.19702 0.00518106 0)
(1.20804 0.0056006 0)
(1.20491 0.00341276 0)
(1.21192 0.00352263 0)
(1.20999 0.00217688 0)
(1.21427 0.00212232 0)
(1.21314 0.00133562 0)
(1.21561 0.00120741 0)
(1.215 0.000779352 0)
(1.21631 0.000624184 0)
(1.21603 0.000421592 0)
(1.21662 0.000265435 0)
(1.21654 0.000196598 0)
(1.2167 5.6215e-05 0)
(1.21673 6.46973e-05 0)
(1.21664 -5.9441e-05 0)
(1.21673 -1.03405e-05 0)
(1.21652 -0.000116514 0)
(1.21665 -4.9785e-05 0)
(1.21637 -0.000138489 0)
(1.21652 -6.8045e-05 0)
(1.21622 -0.000138088 0)
(1.21636 -7.17033e-05 0)
(1.21608 -0.00012305 0)
(1.21622 -6.68232e-05 0)
(1.21597 -9.96662e-05 0)
(1.21609 -5.63657e-05 0)
(1.21588 -6.9537e-05 0)
(1.21599 -4.38072e-05 0)
(1.2159 -2.67494e-05 0)
(1.00117 -6.3794e-07 0)
(1.00035 -0.000586052 0)
(1.0047 -7.57713e-08 0)
(1.00238 -0.00176527 0)
(1.01043 3.71448e-07 0)
(1.00707 -0.00286406 0)
(1.01804 1.02188e-06 0)
(1.01397 -0.003806 0)
(1.02714 1.75671e-06 0)
(1.02257 -0.00454621 0)
(1.0373 2.57805e-06 0)
(1.03241 -0.00507862 0)
(1.04813 3.45615e-06 0)
(1.04312 -0.00541144 0)
(1.05925 4.34984e-06 0)
(1.05429 -0.00556007 0)
(1.07036 5.19026e-06 0)
(1.0656 -0.00554563 0)
(1.08114 5.88525e-06 0)
(1.07671 -0.00538686 0)
(1.09135 6.33375e-06 0)
(1.08735 -0.00509701 0)
(1.10073 6.44578e-06 0)
(1.09727 -0.00468365 0)
(1.10903 6.14422e-06 0)
(1.10624 -0.00414476 0)
(1.11598 5.38525e-06 0)
(1.11399 -0.00346839 0)
(1.12124 4.12741e-06 0)
(1.12022 -0.00262557 0)
(1.12438 2.40372e-06 0)
(1.12459 -0.00156697 0)
(1.12497 7.55432e-07 0)
(1.12661 -0.000292787 0)
(1.12244 -8.40998e-07 0)
(1.12586 0.0012652 0)
(1.11615 -2.67678e-06 0)
(1.1218 0.00314114 0)
(1.1052 -4.41127e-06 0)
(1.11357 0.0054715 0)
(1.08843 -5.85777e-06 0)
(1.1002 0.00837966 0)
(1.06437 -6.89569e-06 0)
(1.08048 0.0120263 0)
(1.03105 -7.43068e-06 0)
(1.05279 0.016652 0)
(0.985807 -7.4341e-06 0)
(1.01494 0.0226118 0)
(0.924937 -6.98268e-06 0)
(0.963959 0.0304275 0)
(0.843164 -6.34165e-06 0)
(0.895723 0.0408793 0)
(0.73285 -6.29412e-06 0)
(0.804381 0.055151 0)
(0.582767 -8.62671e-06 0)
(0.681694 0.0750346 0)
(0.376946 -1.55139e-05 0)
(0.515595 0.1029 0)
(0.100685 -2.15491e-05 0)
(0.285261 0.13811 0)
(-0.187311 -1.21811e-05 0)
(-0.0495375 0.143974 0)
(1.30508 -8.03174e-07 0)
(-0.168454 0.0282116 -2.38904e-33)
(-0.0369104 0 0)
(0 0.0411537 0)
(3.08156e-06 0 0)
(0 6.12435e-09 0)
(7.17165e-06 0 0)
(0 2.86208e-09 0)
(1.24669e-05 0 0)
(0 -5.06808e-07 0)
(2.61333e-05 0 0)
(0 -5.25218e-08 0)
(5.77253e-05 0 0)
(0 -1.50364e-07 0)
(0.00012449 0 0)
(0 -5.00559e-07 0)
(0.000325044 0 0)
(0 -1.62393e-06 0)
(0.00106357 0 0)
(0 1.95305e-06 0)
(0.00143089 0 0)
(0 2.18655e-05 0)
(0.171758 -8.05935e-07 0)
(0 0.000471663 0)
(-0.189168 -4.96206e-06 0)
(-0.1371 -0.00290095 2.56921e-17)
(-0.134892 -9.42639e-06 0)
(-0.153497 -0.027145 0)
(-0.0271117 -7.46895e-06 0)
(-0.0743984 -0.0538995 0)
(0.118408 -1.4205e-06 0)
(0.0625161 -0.0727647 0)
(0.281705 3.51918e-06 0)
(0.221141 -0.0816485 0)
(0.446622 7.2666e-06 0)
(0.386225 -0.082455 0)
(0.601089 9.69088e-06 0)
(0.546751 -0.0772263 0)
(0.737915 1.08786e-05 0)
(0.689541 -0.0684041 0)
(0.853617 1.12853e-05 0)
(0.815391 -0.0578415 0)
(0.94776 9.74958e-06 0)
(0.915402 -0.0470605 0)
(1.02197 8.07909e-06 0)
(0.997613 -0.0370965 0)
(1.07885 6.73798e-06 0)
(1.06074 -0.0284345 0)
(1.12134 4.54411e-06 0)
(1.10809 -0.0212355 0)
(1.15228 2.76396e-06 0)
(1.14284 -0.0154709 0)
(1.17431 1.45179e-06 0)
(1.16773 -0.0110089 0)
(1.18961 3.46286e-07 0)
(1.18514 -0.00764941 0)
(1.19997 -3.79447e-07 0)
(1.19702 -0.00518118 0)
(1.2068 -7.98914e-07 0)
(1.20491 -0.00341402 0)
(1.21115 -9.7083e-07 0)
(1.20999 -0.00217866 0)
(1.21382 -9.69497e-07 0)
(1.21314 -0.00133756 0)
(1.21539 -8.65153e-07 0)
(1.215 -0.000781133 0)
(1.21623 -7.06795e-07 0)
(1.21603 -0.000423127 0)
(1.21662 -5.29607e-07 0)
(1.21654 -0.000197788 0)
(1.21675 -3.70652e-07 0)
(1.21673 -6.55639e-05 0)
(1.21673 -2.38418e-07 0)
(1.21673 9.79222e-06 0)
(1.21664 -1.3717e-07 0)
(1.21665 4.94597e-05 0)
(1.2165 -7.74711e-08 0)
(1.21652 6.7845e-05 0)
(1.21636 -6.95276e-08 0)
(1.21636 7.15667e-05 0)
(1.21622 -9.60684e-08 0)
(1.21622 6.66577e-05 0)
(1.21611 -1.3998e-07 0)
(1.21609 5.61238e-05 0)
(1.21602 -2.34665e-07 0)
(1.21599 4.34551e-05 0)
(1.2159 2.61368e-05 0)
(1.00121 -0.00236961 0)
(1.00037 -0.00179746 0)
(1.00487 -0.00464615 0)
(1.00256 -0.00542099 0)
(1.01078 -0.00667833 0)
(1.00756 -0.00877812 0)
(1.01861 -0.00835358 0)
(1.01489 -0.0116339 0)
(1.02794 -0.00962397 0)
(1.02396 -0.0138732 0)
(1.03833 -0.0104884 0)
(1.0343 -0.0154749 0)
(1.04939 -0.0109699 0)
(1.04548 -0.0164671 0)
(1.06073 -0.0111052 0)
(1.05711 -0.0169013 0)
(1.07203 -0.0109336 0)
(1.06883 -0.0168434 0)
(1.08299 -0.0104871 0)
(1.08032 -0.0163507 0)
(1.09336 -0.00978573 0)
(1.09129 -0.0154638 0)
(1.10288 -0.00883431 0)
(1.10152 -0.0142049 0)
(1.1113 -0.00761717 0)
(1.11074 -0.0125679 0)
(1.11835 -0.00609201 0)
(1.11871 -0.0105152 0)
(1.1237 -0.0041871 0)
(1.12513 -0.00797266 0)
(1.12696 -0.00188108 0)
(1.1297 -0.00483166 0)
(1.12776 0.000914006 0)
(1.13199 -0.00108943 0)
(1.12551 0.004351 0)
(1.13167 0.00351315 0)
(1.11952 0.00857027 0)
(1.12806 0.00912942 0)
(1.10896 0.0137948 0)
(1.12045 0.0160289 0)
(1.09277 0.0203175 0)
(1.10801 0.024571 0)
(1.06956 0.0285423 0)
(1.08966 0.0352379 0)
(1.03749 0.0390547 0)
(1.06395 0.0487204 0)
(0.994079 0.0527121 0)
(1.029 0.0660247 0)
(0.935888 0.070784 0)
(0.982244 0.0886182 0)
(0.858086 0.0951766 0)
(0.920211 0.11868 0)
(0.753745 0.128761 0)
(0.838064 0.159492 0)
(0.61278 0.175494 0)
(0.729168 0.216 0)
(0.420739 0.236375 0)
(0.584138 0.294941 0)
(0.162206 0.275518 0)
(0.389107 0.396643 0)
(-0.146057 0.166203 -2.38904e-33)
(0.0968222 0.452238 0)
(1.49715 0.0257074 -2.38904e-33)
(-0.113043 0.199448 6.82269e-16)
(-0.0373392 0 0)
(0 0.197482 0)
(3.48677e-06 0 0)
(0 -1.88429e-07 0)
(6.90183e-06 0 0)
(0 1.62878e-08 0)
(1.54837e-05 0 0)
(0 4.38916e-09 0)
(2.80664e-05 0 0)
(0 -7.23609e-07 0)
(6.1264e-05 0 0)
(0 -1.1687e-06 0)
(0.000146671 0 0)
(0 -1.96444e-06 0)
(0.000428253 0 0)
(0 -1.74239e-06 0)
(0.00149319 0 0)
(0 6.78122e-06 0)
(0.0024525 0 0)
(0 -0.000113984 0)
(0.221129 -0.00630721 2.56921e-17)
(0 -0.00398318 0)
(-0.179413 -0.034538 2.56921e-17)
(-0.107486 -0.0218195 2.56921e-17)
(-0.106503 -0.0826448 0)
(-0.109334 -0.100055 0)
(0.0127646 -0.127741 0)
(0.00151734 -0.173166 0)
(0.163027 -0.155442 0)
(0.150583 -0.223027 0)
(0.326218 -0.164908 0)
(0.311429 -0.244839 0)
(0.487772 -0.160491 0)
(0.471691 -0.244009 0)
(0.637311 -0.146309 0)
(0.622324 -0.226765 0)
(0.768444 -0.126681 0)
(0.755237 -0.199537 0)
(0.878463 -0.105377 0)
(0.867986 -0.16786 0)
(0.967463 -0.0844807 0)
(0.959002 -0.136061 0)
(1.0372 -0.0656359 0)
(1.03113 -0.106838 0)
(1.09031 -0.0497097 0)
(1.086 -0.0815429 0)
(1.12974 -0.0367298 0)
(1.12669 -0.0606585 0)
(1.1583 -0.026499 0)
(1.15621 -0.0440361 0)
(1.17852 -0.0186742 0)
(1.17711 -0.0312271 0)
(1.19249 -0.0128428 0)
(1.19157 -0.0216194 0)
(1.20189 -0.0086049 0)
(1.20131 -0.0145805 0)
(1.20804 -0.00560204 0)
(1.20768 -0.00956089 0)
(1.21192 -0.00352441 0)
(1.2117 -0.00606087 0)
(1.21427 -0.00212409 0)
(1.21412 -0.00368515 0)
(1.21561 -0.00120898 0)
(1.21549 -0.00212459 0)
(1.21631 -0.000625492 0)
(1.2162 -0.00112646 0)
(1.21662 -0.000266439 0)
(1.21651 -0.000506212 0)
(1.2167 -5.6898e-05 0)
(1.21657 -0.000142355 0)
(1.21664 5.90393e-05 0)
(1.2165 6.59164e-05 0)
(1.21652 0.000116254 0)
(1.21636 0.000172509 0)
(1.21637 0.0001383 0)
(1.21619 0.0002166 0)
(1.21622 0.00013793 0)
(1.21602 0.000222309 0)
(1.21608 0.000122838 0)
(1.21587 0.000203662 0)
(1.21597 9.93581e-05 0)
(1.21574 0.000170518 0)
(1.21588 6.90508e-05 0)
(1.21564 0.000131516 0)
(1.21554 7.88925e-05 0)
(1.00134 -0.0049021 0)
(1.00042 -0.0031341 0)
(1.00536 -0.00959728 0)
(1.00292 -0.00944931 0)
(1.01185 -0.013759 0)
(1.00859 -0.0152604 0)
(1.02036 -0.0171607 0)
(1.01684 -0.0201481 0)
(1.03042 -0.0197183 0)
(1.02694 -0.0239326 0)
(1.04155 -0.0214402 0)
(1.03831 -0.0266026 0)
(1.0533 -0.022382 0)
(1.05049 -0.0282233 0)
(1.0653 -0.0226233 0)
(1.06305 -0.0288973 0)
(1.0772 -0.0222462 0)
(1.07563 -0.0287392 0)
(1.08869 -0.0213169 0)
(1.08786 -0.0278491 0)
(1.09953 -0.0198775 0)
(1.09949 -0.0263026 0)
(1.10946 -0.0179377 0)
(1.11027 -0.024135 0)
(1.11824 -0.0154697 0)
(1.11995 -0.0213396 0)
(1.12559 -0.0124069 0)
(1.12829 -0.0178661 0)
(1.13124 -0.00864667 0)
(1.13505 -0.0136266 0)
(1.1349 -0.00409875 0)
(1.13996 -0.00849338 0)
(1.13613 0.00143028 0)
(1.14271 -0.00231505 0)
(1.13444 0.00819449 0)
(1.14291 0.00519602 0)
(1.12926 0.0164556 0)
(1.14005 0.0143163 0)
(1.11985 0.026615 0)
(1.13358 0.025434 0)
(1.10534 0.0392146 0)
(1.12285 0.0390807 0)
(1.08459 0.0550099 0)
(1.10702 0.0559886 0)
(1.05611 0.0750848 0)
(1.08502 0.0772021 0)
(1.01791 0.101006 0)
(1.05546 0.104221 0)
(0.967339 0.135071 0)
(1.01653 0.139192 0)
(0.900769 0.18069 0)
(0.965856 0.18525 0)
(0.813225 0.242946 0)
(0.900368 0.247035 0)
(0.697811 0.329099 0)
(0.816155 0.331413 0)
(0.544685 0.444251 0)
(0.707889 0.448068 0)
(0.338939 0.552042 0)
(0.573225 0.60239 0)
(0.0522874 0.461397 6.82269e-16)
(0.368698 0.73889 0)
(1.85416 0.164004 6.82269e-16)
(0.0753616 0.505103 9.94126e-16)
(-0.0085706 0 0)
(-0.0700566 -0.686698 4.56259e-18)
(4.53394e-06 0 0)
(0 0.0376109 0)
(8.19448e-06 0 0)
(0 -4.80881e-07 0)
(1.88159e-05 0 0)
(0 -3.69947e-07 0)
(4.09404e-05 0 0)
(0 -1.08716e-06 0)
(8.91953e-05 0 0)
(0 -3.19485e-06 0)
(0.000213715 0 0)
(0 -7.5223e-06 0)
(0.000616521 0 0)
(0 -1.77737e-05 0)
(0.00232191 0 0)
(0 0.00111051 0)
(0.00221504 0 0)
(0 -0.0038582 0)
(0.344798 -0.0203261 0)
(-0.0625919 0.249113 0)
(-0.119746 -0.0919985 0)
(-0.0725564 -0.0861837 0)
(-0.00911585 -0.191488 0)
(0.0132645 -0.210685 0)
(0.136951 -0.270533 0)
(0.169337 -0.319232 0)
(0.297033 -0.314202 0)
(0.3333 -0.383109 0)
(0.457419 -0.325175 0)
(0.492165 -0.405225 0)
(0.608045 -0.311248 0)
(0.639229 -0.394635 0)
(0.74248 -0.280664 0)
(0.769698 -0.361199 0)
(0.856893 -0.241125 0)
(0.880449 -0.31395 0)
(0.950437 -0.198986 0)
(0.9699 -0.261404 0)
(1.02422 -0.158672 0)
(1.03979 -0.209842 0)
(1.08066 -0.122813 0)
(1.09281 -0.163278 0)
(1.12272 -0.0925423 0)
(1.13193 -0.1236 0)
(1.15331 -0.0680112 0)
(1.16008 -0.0912479 0)
(1.17504 -0.0488083 0)
(1.17988 -0.0657678 0)
(1.19013 -0.0342132 0)
(1.19348 -0.0463154 0)
(1.20034 -0.0233914 0)
(1.20258 -0.0318328 0)
(1.20703 -0.0155627 0)
(1.20847 -0.0212722 0)
(1.21128 -0.0100399 0)
(1.2121 -0.0138057 0)
(1.21385 -0.00624551 0)
(1.21425 -0.00863416 0)
(1.21529 -0.00371347 0)
(1.21535 -0.00512861 0)
(1.21604 -0.00206061 0)
(1.21588 -0.00286837 0)
(1.21637 -0.00101303 0)
(1.21605 -0.00145546 0)
(1.21644 -0.000384497 0)
(1.21602 -0.000579528 0)
(1.21636 -2.44375e-05 0)
(1.21586 -6.51785e-05 0)
(1.21621 0.000173834 0)
(1.21565 0.00021849 0)
(1.21603 0.000269023 0)
(1.21542 0.000356229 0)
(1.21584 0.000298266 0)
(1.2152 0.000402858 0)
(1.21567 0.000286218 0)
(1.21501 0.000392714 0)
(1.21552 0.000250122 0)
(1.21484 0.00035012 0)
(1.2154 0.000202083 0)
(1.2147 0.000289319 0)
(1.21531 0.000141367 0)
(1.2146 0.000223077 0)
(1.2145 0.000134953 0)
(1.00157 -0.00777871 0)
(1.00051 -0.00470019 0)
(1.00628 -0.0151925 0)
(1.00354 -0.014168 0)
(1.01381 -0.021692 0)
(1.01037 -0.022785 0)
(1.02356 -0.0269276 0)
(1.02017 -0.0299017 0)
(1.03493 -0.0308011 0)
(1.03196 -0.0353002 0)
(1.04735 -0.0333576 0)
(1.04501 -0.039024 0)
(1.06033 -0.0347061 0)
(1.05878 -0.0412058 0)
(1.07346 -0.0349816 0)
(1.0728 -0.0420215 0)
(1.08636 -0.0343149 0)
(1.08665 -0.041637 0)
(1.09872 -0.0328151 0)
(1.09995 -0.0402118 0)
(1.11029 -0.0305499 0)
(1.11244 -0.0378735 0)
(1.12082 -0.0275374 0)
(1.12389 -0.0346667 0)
(1.13008 -0.0237511 0)
(1.13406 -0.0305947 0)
(1.13783 -0.01912 0)
(1.14275 -0.0256177 0)
(1.14387 -0.0135335 0)
(1.14975 -0.0196633 0)
(1.14793 -0.00679171 0)
(1.15491 -0.0125565 0)
(1.14966 0.00135191 0)
(1.15798 -0.00404274 0)
(1.14869 0.011181 0)
(1.15864 0.00616272 0)
(1.14459 0.023092 0)
(1.1566 0.0184137 0)
(1.13685 0.0376068 0)
(1.15151 0.0331722 0)
(1.12485 0.0554345 0)
(1.14298 0.0510795 0)
(1.10783 0.0775761 0)
(1.1305 0.0730168 0)
(1.08478 0.105457 0)
(1.11347 0.10025 0)
(1.05444 0.1411 0)
(1.09109 0.134556 0)
(1.01524 0.187402 0)
(1.06245 0.178398 0)
(0.965187 0.248584 0)
(1.0265 0.235299 0)
(0.901886 0.330824 0)
(0.982172 0.310336 0)
(0.822491 0.443029 0)
(0.928631 0.410808 0)
(0.723475 0.595079 0)
(0.865018 0.547085 0)
(0.59545 0.770877 0)
(0.797032 0.730414 0)
(0.397605 0.74263 3.11857e-16)
(0.702854 0.936735 0)
(0.0329639 0.343175 3.1642e-16)
(0.497721 0.835712 3.11857e-16)
(0.921085 0.0303079 4.56259e-18)
(0.0899466 0.336648 4.56259e-18)
(-0.00284114 0 0)
(0 0.218166 0)
(1.27454e-05 0 0)
(0 0.0292268 0)
(2.74023e-05 0 0)
(0 -1.49275e-06 0)
(6.55e-05 0 0)
(0 -8.43992e-07 0)
(0.00014421 0 0)
(0 -9.79131e-06 0)
(0.000373249 0 0)
(0 -1.66081e-05 0)
(0.00118718 0 0)
(0 0.00157672 0)
(-0.000525605 0 0)
(0 -0.00611096 0)
(0.196854 -0.0240212 0)
(-0.0594966 0.235248 1.48631e-18)
(-0.136081 -0.0868536 0)
(-0.0513622 -0.103868 1.58408e-17)
(0.0112484 -0.20515 0)
(0.0740098 -0.233513 0)
(0.188152 -0.343494 0)
(0.269914 -0.387589 0)
(0.363241 -0.434446 0)
(0.456459 -0.494321 0)
(0.526955 -0.475372 0)
(0.620807 -0.546823 0)
(0.674585 -0.475201 0)
(0.762135 -0.552855 0)
(0.802861 -0.444821 0)
(0.880455 -0.522911 0)
(0.90997 -0.39462 0)
(0.97583 -0.468308 0)
(0.995477 -0.334279 0)
(1.04978 -0.399457 0)
(1.06098 -0.272219 0)
(1.10426 -0.326908 0)
(1.10959 -0.214388 0)
(1.14306 -0.25845 0)
(1.14475 -0.164053 0)
(1.16999 -0.198444 0)
(1.16961 -0.122342 0)
(1.18816 -0.148458 0)
(1.18678 -0.0890592 0)
(1.2 -0.108414 0)
(1.19833 -0.0633336 0)
(1.20743 -0.0773155 0)
(1.2059 -0.0439964 0)
(1.21187 -0.053886 0)
(1.21067 -0.0297807 0)
(1.21431 -0.0366046 0)
(1.21347 -0.0195831 0)
(1.21549 -0.0240731 0)
(1.21502 -0.012462 0)
(1.21582 -0.0153509 0)
(1.21571 -0.00755721 0)
(1.21571 -0.00932914 0)
(1.2159 -0.00429551 0)
(1.21531 -0.00531718 0)
(1.21586 -0.00226954 0)
(1.21491 -0.00282838 0)
(1.21568 -0.00103798 0)
(1.21446 -0.00127751 0)
(1.21543 -0.00027988 0)
(1.214 -0.000325501 0)
(1.21514 0.000163628 0)
(1.21359 0.000222197 0)
(1.21485 0.000391698 0)
(1.21322 0.000504426 0)
(1.21459 0.000482888 0)
(1.2129 0.000617689 0)
(1.21437 0.00049185 0)
(1.21263 0.000630283 0)
(1.21417 0.000452637 0)
(1.21241 0.000583842 0)
(1.21402 0.000386544 0)
(1.21224 0.000505745 0)
(1.2139 0.000308649 0)
(1.2121 0.000411268 0)
(1.2138 0.000215768 0)
(1.212 0.000315113 0)
(1.21191 0.00019181 0)
(1.00195 -0.0112473 0)
(1.00066 -0.00665002 0)
(1.00782 -0.0218825 0)
(1.00456 -0.0200345 0)
(1.01703 -0.0310496 0)
(1.01327 -0.0320016 0)
(1.02875 -0.038274 0)
(1.02552 -0.0416192 0)
(1.04215 -0.0434892 0)
(1.03989 -0.0486992 0)
(1.05654 -0.0468235 0)
(1.05542 -0.0534136 0)
(1.07135 -0.0484684 0)
(1.07144 -0.0560122 0)
(1.08607 -0.0486237 0)
(1.08741 -0.0567471 0)
(1.1003 -0.0474889 0)
(1.10279 -0.0558623 0)
(1.11372 -0.0452388 0)
(1.11722 -0.0536347 0)
(1.1261 -0.0419688 0)
(1.13046 -0.0502513 0)
(1.13719 -0.0377117 0)
(1.14234 -0.0457581 0)
(1.14679 -0.0324722 0)
(1.15258 -0.0401927 0)
(1.15473 -0.026213 0)
(1.16111 -0.0335605 0)
(1.16089 -0.0187793 0)
(1.16783 -0.0258283 0)
(1.16507 -0.00992184 0)
(1.17271 -0.016735 0)
(1.16706 0.000631382 0)
(1.17558 -0.00603431 0)
(1.16667 0.0132061 0)
(1.17633 0.00655961 0)
(1.16366 0.0282247 0)
(1.17489 0.0214186 0)
(1.1578 0.0462671 0)
(1.17116 0.0390334 0)
(1.14879 0.068132 0)
(1.16503 0.0600895 0)
(1.13631 0.0949554 0)
(1.15638 0.0854993 0)
(1.1199 0.128331 0)
(1.14508 0.116662 0)
(1.09904 0.170419 0)
(1.13092 0.155413 0)
(1.07331 0.224235 0)
(1.11381 0.204125 0)
(1.04241 0.294058 0)
(1.09396 0.266205 0)
(1.00643 0.385912 0)
(1.07202 0.346308 0)
(0.966511 0.508188 0)
(1.04968 0.450731 0)
(0.925825 0.671799 0)
(1.02995 0.587772 0)
(0.888206 0.882715 0)
(1.02056 0.768033 0)
(0.832141 1.01218 0)
(1.02618 0.992801 0)
(0.569335 0.780101 0)
(1.00176 1.09852 0)
(1.74361 0.267915 0)
(0.698195 0.807674 0)
(0.32686 0 0)
(0.321142 -0.624273 0)
(0.0323479 0 0)
(0.0331203 -0.229852 -3.25963e-18)
(5.34446e-05 0 0)
(0 0.0810951 0)
(0.000154183 0 0)
(0 0.0114045 0)
(0.000456473 0 0)
(0 -0.000767067 0)
(0.000714281 0 0)
(0 -0.00961425 0)
(0.00743596 0 0)
(0 -0.0147629 0)
(0.188883 -0.023521 1.48631e-18)
(0.02617 0.294448 0)
(-0.0720284 -0.10262 1.73271e-17)
(0.061057 -0.128578 1.48631e-18)
(0.0916301 -0.250158 1.58408e-17)
(0.251886 -0.291425 1.58408e-17)
(0.324379 -0.418338 0)
(0.482043 -0.466262 0)
(0.535648 -0.542176 0)
(0.702261 -0.598857 0)
(0.711785 -0.609586 0)
(0.870566 -0.670458 0)
(0.855184 -0.625906 0)
(0.99878 -0.690221 0)
(0.968861 -0.601137 0)
(1.09421 -0.666532 0)
(1.05521 -0.546475 0)
(1.16165 -0.609259 0)
(1.11777 -0.473126 0)
(1.20465 -0.530865 0)
(1.16045 -0.392147 0)
(1.22928 -0.442145 0)
(1.1878 -0.313262 0)
(1.24089 -0.354258 0)
(1.20448 -0.242668 0)
(1.24426 -0.275129 0)
(1.214 -0.183043 0)
(1.24295 -0.207957 0)
(1.21883 -0.134747 0)
(1.23917 -0.153289 0)
(1.22075 -0.0968737 0)
(1.23442 -0.110338 0)
(1.22097 -0.0680276 0)
(1.22956 -0.0775269 0)
(1.22024 -0.0466126 0)
(1.22508 -0.0531635 0)
(1.2191 -0.0310027 0)
(1.22114 -0.0354624 0)
(1.21778 -0.0199276 0)
(1.21787 -0.0227522 0)
(1.21645 -0.0122623 0)
(1.21512 -0.0140222 0)
(1.21527 -0.00711932 0)
(1.21304 -0.00814766 0)
(1.2143 -0.0038944 0)
(1.21135 -0.00434447 0)
(1.21348 -0.00188147 0)
(1.21009 -0.00201286 0)
(1.21276 -0.000597908 0)
(1.20907 -0.000558695 0)
(1.21216 0.000155099 0)
(1.20826 0.000281978 0)
(1.21166 0.000548236 0)
(1.20763 0.000722239 0)
(1.21125 0.000719228 0)
(1.20715 0.000907301 0)
(1.21093 0.000756398 0)
(1.20678 0.000940362 0)
(1.21068 0.000715656 0)
(1.20649 0.000885657 0)
(1.21048 0.000632119 0)
(1.20627 0.000783649 0)
(1.21032 0.000527051 0)
(1.20611 0.00065991 0)
(1.2102 0.000415527 0)
(1.20599 0.00052768 0)
(1.21012 0.00028994 0)
(1.2059 0.000401134 0)
(1.20582 0.000245288 0)
(1.00259 -0.0156854 0)
(1.00091 -0.00924082 0)
(1.01033 -0.0303224 0)
(1.00629 -0.0277756 0)
(1.02221 -0.0426207 0)
(1.01808 -0.0438795 0)
(1.03691 -0.0520162 0)
(1.03414 -0.0563186 0)
(1.05329 -0.0585628 0)
(1.05226 -0.0650817 0)
(1.07043 -0.0625234 0)
(1.0711 -0.0705528 0)
(1.0876 -0.0641976 0)
(1.08986 -0.0731765 0)
(1.10419 -0.0638889 0)
(1.10785 -0.0733444 0)
(1.11975 -0.0619272 0)
(1.12446 -0.0714185 0)
(1.13399 -0.058598 0)
(1.13926 -0.0678801 0)
(1.14675 -0.0540125 0)
(1.15225 -0.0630055 0)
(1.15777 -0.0482149 0)
(1.16338 -0.056784 0)
(1.16692 -0.0412662 0)
(1.17244 -0.0493427 0)
(1.17424 -0.0331862 0)
(1.17961 -0.040876 0)
(1.17971 -0.0238339 0)
(1.18479 -0.0312942 0)
(1.18328 -0.0129653 0)
(1.18831 -0.0203082 0)
(1.18491 -0.000306826 0)
(1.19008 -0.00766545 0)
(1.18462 0.0145005 0)
(1.1903 0.006854 0)
(1.18246 0.0318827 0)
(1.18916 0.0235753 0)
(1.17845 0.0524183 0)
(1.18665 0.0430464 0)
(1.17262 0.0768838 0)
(1.18298 0.0659182 0)
(1.16513 0.106419 0)
(1.17834 0.0929818 0)
(1.15598 0.14266 0)
(1.17321 0.125816 0)
(1.14527 0.187679 0)
(1.16782 0.166125 0)
(1.1336 0.244214 0)
(1.16256 0.215793 0)
(1.12195 0.315985 0)
(1.15861 0.277856 0)
(1.11222 0.407923 0)
(1.15781 0.356033 0)
(1.10799 0.526416 0)
(1.1633 0.454968 0)
(1.11545 0.67972 0)
(1.18021 0.580308 0)
(1.14463 0.875089 0)
(1.21693 0.738859 0)
(1.20062 1.08022 0)
(1.28765 0.936809 0)
(1.16224 1.12303 0)
(1.38813 1.13689 0)
(0.840939 0.831399 0)
(1.38053 1.12898 0)
(0.48415 0.356956 -3.25963e-18)
(1.1412 0.894872 0)
(0.435123 0.0603373 -3.25963e-18)
(0.734518 0.390462 -3.11271e-17)
(0.209117 0 0)
(0.504089 -0.141787 0)
(0.078812 0 0)
(0.286044 0.185656 -4.72904e-18)
(0.0598599 0 0)
(0.153478 0.331522 0)
(0.0781116 0 0)
(0.227266 0.446467 1.45976e-17)
(0.373811 -0.047034 0)
(0.34409 0.569866 0)
(0.149522 -0.166354 0)
(0.433601 -0.212885 0)
(0.330923 -0.339187 0)
(0.672089 -0.409891 0)
(0.617429 -0.524586 0)
(0.89715 -0.577931 0)
(0.858724 -0.661773 0)
(1.10767 -0.707557 0)
(1.03406 -0.734924 0)
(1.25627 -0.774193 0)
(1.15573 -0.75378 0)
(1.34685 -0.792125 0)
(1.23817 -0.731437 0)
(1.39976 -0.772668 0)
(1.28809 -0.67517 0)
(1.42207 -0.716446 0)
(1.31256 -0.594216 0)
(1.42046 -0.633736 0)
(1.31815 -0.500477 0)
(1.40209 -0.536452 0)
(1.31145 -0.404925 0)
(1.37464 -0.435444 0)
(1.29859 -0.316792 0)
(1.34471 -0.341394 0)
(1.28354 -0.241006 0)
(1.31597 -0.260086 0)
(1.26859 -0.178616 0)
(1.29024 -0.193003 0)
(1.25499 -0.129134 0)
(1.26827 -0.139687 0)
(1.24331 -0.0911793 0)
(1.25026 -0.0986606 0)
(1.23368 -0.0628511 0)
(1.23587 -0.0678949 0)
(1.22594 -0.0421888 0)
(1.22462 -0.0454217 0)
(1.21986 -0.0273231 0)
(1.21601 -0.0293852 0)
(1.21518 -0.0169269 0)
(1.20953 -0.0180751 0)
(1.21165 -0.010004 0)
(1.20471 -0.0104907 0)
(1.20908 -0.00545594 0)
(1.20131 -0.00557748 0)
(1.20715 -0.00252226 0)
(1.19878 -0.00241242 0)
(1.20566 -0.000738987 0)
(1.19695 -0.000525915 0)
(1.20455 0.000290725 0)
(1.19562 0.000549712 0)
(1.20373 0.000832008 0)
(1.19466 0.00110544 0)
(1.20312 0.00106607 0)
(1.19397 0.00133181 0)
(1.20267 0.00111604 0)
(1.19347 0.00135903 0)
(1.20234 0.0010599 0)
(1.19312 0.0012746 0)
(1.20209 0.000946517 0)
(1.19287 0.0011323 0)
(1.20191 0.000806344 0)
(1.19269 0.000964787 0)
(1.20178 0.000656976 0)
(1.19256 0.000792021 0)
(1.20168 0.000510931 0)
(1.19247 0.00062292 0)
(1.20161 0.000355146 0)
(1.19241 0.000469073 0)
(1.19236 0.000287377 0)
(1.00373 -0.0217378 0)
(1.00138 -0.0129743 0)
(1.0146 -0.0415619 0)
(1.00944 -0.038643 0)
(1.03068 -0.057596 0)
(1.02634 -0.0599553 0)
(1.04978 -0.069288 0)
(1.04812 -0.0754205 0)
(1.07019 -0.0769238 0)
(1.07115 -0.0854909 0)
(1.09062 -0.0810533 0)
(1.09358 -0.0909844 0)
(1.1102 -0.082194 0)
(1.11444 -0.0927551 0)
(1.12818 -0.0807718 0)
(1.13299 -0.0913274 0)
(1.14396 -0.0772936 0)
(1.14879 -0.0871954 0)
(1.15749 -0.0722266 0)
(1.16143 -0.081414 0)
(1.16893 -0.06579 0)
(1.17155 -0.0744455 0)
(1.17811 -0.058106 0)
(1.17943 -0.0659579 0)
(1.1851 -0.0492845 0)
(1.1854 -0.0563331 0)
(1.19014 -0.0392694 0)
(1.18913 -0.0459197 0)
(1.1934 -0.0279348 0)
(1.19115 -0.0345531 0)
(1.19511 -0.0151291 0)
(1.19198 -0.0220228 0)
(1.1955 -0.000684152 0)
(1.1917 -0.00804897 0)
(1.19484 0.0156305 0)
(1.19076 0.00751337 0)
(1.19333 0.0343187 0)
(1.18951 0.0250845 0)
(1.19113 0.0560087 0)
(1.18816 0.0452435 0)
(1.18853 0.0813666 0)
(1.18712 0.0685181 0)
(1.18624 0.111599 0)
(1.18688 0.0952763 0)
(1.18473 0.148303 0)
(1.18788 0.12732 0)
(1.18441 0.192988 0)
(1.19124 0.166446 0)
(1.18643 0.247884 0)
(1.1976 0.21377 -1.09924e-32)
(1.19262 0.316055 0)
(1.20866 0.271676 1.08138e-32)
(1.20584 0.400978 0)
(1.22674 0.342811 0)
(1.23074 0.506667 0)
(1.25543 0.430071 0)
(1.2746 0.637567 0)
(1.30029 0.536444 0)
(1.34893 0.798069 0)
(1.36985 0.664527 0)
(1.4706 0.988505 0)
(1.47614 0.815142 0)
(1.62173 1.1315 0)
(1.63599 0.985757 0)
(1.67271 1.13439 0)
(1.81416 1.078 0)
(1.52775 0.929722 -2.78675e-17)
(1.87957 1.03983 0)
(1.20965 0.549737 -2.78675e-17)
(1.83513 0.881574 -2.78675e-17)
(0.82697 0.19215 -4.72904e-18)
(1.64823 0.56885 0)
(0.44833 0.00626896 -4.72904e-18)
(1.38466 0.234671 -4.72904e-18)
(0.409003 -0.0558657 1.45976e-17)
(1.19992 -0.00516682 0)
(0.595512 -0.116429 1.45976e-17)
(1.24704 -0.20885 1.45976e-17)
(0.703651 -0.261469 0)
(1.36592 -0.399692 0)
(0.953155 -0.471652 0)
(1.44001 -0.519827 0)
(1.20494 -0.646142 0)
(1.59565 -0.661679 0)
(1.38585 -0.758893 0)
(1.6991 -0.758841 0)
(1.50359 -0.815926 0)
(1.75908 -0.82529 0)
(1.56615 -0.827058 0)
(1.77596 -0.836758 0)
(1.59056 -0.808337 0)
(1.75977 -0.816533 0)
(1.58478 -0.757142 0)
(1.72062 -0.766887 0)
(1.55541 -0.675413 0)
(1.66207 -0.687079 0)
(1.51129 -0.576648 0)
(1.59178 -0.589614 0)
(1.46017 -0.47198 0)
(1.51839 -0.485336 0)
(1.4093 -0.372159 0)
(1.44915 -0.384573 0)
(1.36313 -0.284835 0)
(1.38823 -0.295222 0)
(1.32329 -0.212315 0)
(1.33683 -0.220249 0)
(1.29024 -0.154428 0)
(1.29475 -0.159949 0)
(1.2637 -0.109616 0)
(1.26127 -0.113147 0)
(1.24288 -0.0757348 0)
(1.23528 -0.077838 0)
(1.22683 -0.050743 0)
(1.21549 -0.0518538 0)
(1.21467 -0.0328331 0)
(1.20071 -0.033256 0)
(1.20562 -0.0203164 0)
(1.18988 -0.0203321 0)
(1.19907 -0.0117759 0)
(1.18207 -0.0115284 0)
(1.19435 -0.00616778 0)
(1.17656 -0.00577228 0)
(1.19096 -0.00262492 0)
(1.17271 -0.00219138 0)
(1.18858 -0.000479813 0)
(1.17003 -3.2347e-05 0)
(1.1869 0.000728721 0)
(1.16819 0.00116139 0)
(1.18571 0.00134216 0)
(1.16693 0.00173392 0)
(1.18489 0.00158592 0)
(1.16608 0.00193129 0)
(1.18432 0.00160759 0)
(1.16552 0.00190377 0)
(1.18392 0.00150441 0)
(1.16514 0.00175422 0)
(1.18365 0.00133751 0)
(1.1649 0.00154589 0)
(1.18346 0.00114388 0)
(1.16474 0.00131685 0)
(1.18334 0.000945722 0)
(1.16465 0.00108898 0)
(1.18326 0.000754621 0)
(1.16459 0.00087465 0)
(1.1832 0.000578677 0)
(1.16456 0.000677225 0)
(1.18317 0.000399795 0)
(1.16454 0.000504289 0)
(1.16453 0.000308482 0)
(1.00595 -0.0305647 0)
(1.00232 -0.0189243 0)
(1.02224 -0.057368 0)
(1.01545 -0.054932 0)
(1.04477 -0.0777406 0)
(1.0408 -0.0824833 0)
(1.06978 -0.0914463 0)
(1.07012 -0.100436 0)
(1.09464 -0.0993769 0)
(1.09732 -0.110344 0)
(1.11745 -0.102534 0)
(1.12081 -0.113794 0)
(1.13733 -0.101744 0)
(1.13976 -0.112636 0)
(1.15367 -0.097714 0)
(1.15407 -0.107675 0)
(1.16618 -0.0914351 0)
(1.16508 -0.0996973 0)
(1.17542 -0.0837505 0)
(1.17136 -0.0906598 0)
(1.18212 -0.0746286 0)
(1.17479 -0.0811402 0)
(1.18669 -0.0640478 0)
(1.17593 -0.0705312 0)
(1.18933 -0.0527339 0)
(1.17554 -0.0589736 0)
(1.19016 -0.0411512 0)
(1.17349 -0.046751 0)
(1.18972 -0.0288955 0)
(1.17065 -0.0341146 0)
(1.1885 -0.0153699 0)
(1.1675 -0.0208007 0)
(1.18693 -0.000307274 0)
(1.16445 -0.006478 0)
(1.18538 0.0165077 0)
(1.16203 0.00906438 0)
(1.18425 0.0354962 0)
(1.16073 0.0262104 0)
(1.18403 0.0571398 0)
(1.16101 0.0454657 0)
(1.18519 0.0816917 0)
(1.16335 0.0673565 0)
(1.18821 0.110133 0)
(1.16838 0.0922553 0)
(1.19392 0.144442 0)
(1.17618 0.121617 0)
(1.2036 0.18601 -1.09924e-32)
(1.18852 0.156763 0)
(1.21863 0.236131 -1.87446e-34)
(1.20609 0.198737 -1.09924e-32)
(1.24094 0.296846 1.08138e-32)
(1.23096 0.249363 1.08138e-32)
(1.27357 0.370329 0)
(1.26541 0.310188 0)
(1.32101 0.458553 0)
(1.31283 0.382631 0)
(1.38984 0.562876 0)
(1.37807 0.467616 0)
(1.48951 0.683045 0)
(1.46799 0.56485 0)
(1.63312 0.818502 0)
(1.59095 0.671531 0)
(1.83348 0.948602 0)
(1.76076 0.785401 0)
(2.03745 1.01396 0)
(1.97946 0.874026 0)
(2.19637 0.96879 0)
(2.1849 0.880921 0)
(2.28955 0.816287 0)
(2.36808 0.788395 0)
(2.25765 0.567715 0)
(2.46013 0.600746 0)
(2.14226 0.254724 0)
(2.47679 0.350058 0)
(2.06377 -0.0527045 0)
(2.43938 0.0733218 0)
(2.04055 -0.31316 0)
(2.40443 -0.185625 0)
(2.04183 -0.511232 0)
(2.37964 -0.400975 0)
(2.07616 -0.653375 0)
(2.3516 -0.554156 0)
(2.08503 -0.750782 0)
(2.31692 -0.670544 0)
(2.06906 -0.812409 0)
(2.26747 -0.742876 0)
(2.02809 -0.837408 0)
(2.19358 -0.784323 0)
(1.96839 -0.820494 0)
(2.10006 -0.777056 0)
(1.89105 -0.77224 0)
(1.99385 -0.739191 0)
(1.79834 -0.69482 0)
(1.87755 -0.674171 0)
(1.69908 -0.599283 0)
(1.75595 -0.587821 0)
(1.60023 -0.496918 0)
(1.63676 -0.490771 0)
(1.50859 -0.397532 0)
(1.52763 -0.393691 0)
(1.42909 -0.308033 0)
(1.43328 -0.30507 0)
(1.36265 -0.231362 0)
(1.35485 -0.228783 0)
(1.3087 -0.168614 0)
(1.2918 -0.166304 0)
(1.266 -0.119305 0)
(1.24252 -0.117242 0)
(1.23294 -0.0819079 0)
(1.20492 -0.080087 0)
(1.20791 -0.0543969 0)
(1.17686 -0.0528096 0)
(1.18937 -0.034707 0)
(1.15633 -0.03332 0)
(1.17591 -0.0210107 0)
(1.14163 -0.0197941 0)
(1.16629 -0.011747 0)
(1.1313 -0.010714 0)
(1.15957 -0.00568108 0)
(1.12416 -0.0048015 0)
(1.15493 -0.00189347 0)
(1.11933 -0.00113518 0)
(1.15176 0.000344612 0)
(1.11614 0.000978084 0)
(1.14963 0.00156534 0)
(1.11406 0.00209358 0)
(1.14822 0.00212911 0)
(1.11274 0.00257222 0)
(1.14731 0.00229234 0)
(1.11192 0.002652 0)
(1.14671 0.00222541 0)
(1.11143 0.00252424 0)
(1.14634 0.0020345 0)
(1.11116 0.00227377 0)
(1.14612 0.00178549 0)
(1.11103 0.00197748 0)
(1.14599 0.00151821 0)
(1.11098 0.0016729 0)
(1.14593 0.00125685 0)
(1.11098 0.0013823 0)
(1.1459 0.00101432 0)
(1.11101 0.00111701 0)
(1.14589 0.000794993 0)
(1.11104 0.000881389 0)
(1.1459 0.000601784 0)
(1.11108 0.000673307 0)
(1.1459 0.000412895 0)
(1.11112 0.000496746 0)
(1.11115 0.000303028 0)
(1.01044 -0.0441402 0)
(1.00421 -0.0293638 0)
(1.03615 -0.0802375 0)
(1.02714 -0.080644 0)
(1.06751 -0.105047 0)
(1.06418 -0.113839 0)
(1.09782 -0.119237 0)
(1.09777 -0.130747 0)
(1.12351 -0.124638 0)
(1.12172 -0.136033 0)
(1.14309 -0.123727 0)
(1.13953 -0.133374 0)
(1.1567 -0.118404 0)
(1.1485 -0.126251 0)
(1.16541 -0.109409 0)
(1.15143 -0.116384 0)
(1.17003 -0.0985644 0)
(1.15027 -0.104313 0)
(1.17082 -0.0879373 0)
(1.14463 -0.0914481 0)
(1.16865 -0.0772693 0)
(1.13651 -0.0789742 0)
(1.1646 -0.065798 0)
(1.12699 -0.0664775 0)
(1.15957 -0.0533814 0)
(1.11701 -0.0539438 0)
(1.15405 -0.0401092 0)
(1.10742 -0.0412386 0)
(1.14843 -0.0264038 0)
(1.0988 -0.0284904 0)
(1.14332 -0.0123388 0)
(1.09158 -0.0156945 0)
(1.13943 0.00238545 0)
(1.08624 -0.00258567 0)
(1.13728 0.0181717 0)
(1.08325 0.0112114 0)
(1.13733 0.0355002 0)
(1.08306 0.0261603 0)
(1.14013 0.0549173 0)
(1.0861 0.0426724 0)
(1.14622 0.0770127 0)
(1.09287 0.0612644 0)
(1.15597 0.102669 0)
(1.10394 0.0825089 0)
(1.17017 0.13284 0)
(1.11972 0.107414 0)
(1.19013 0.168478 0)
(1.14162 0.136806 0)
(1.21728 0.211041 0)
(1.17045 0.171583 0)
(1.25374 0.2619 0)
(1.20824 0.212904 0)
(1.30231 0.321951 0)
(1.25716 0.261613 0)
(1.36679 0.391645 0)
(1.3201 0.318156 0)
(1.45221 0.470343 0)
(1.40079 0.382199 0)
(1.56491 0.55535 0)
(1.50389 0.452145 0)
(1.71248 0.642111 0)
(1.63437 0.523962 0)
(1.90564 0.719945 0)
(1.79859 0.592243 0)
(2.13569 0.764606 0)
(2.00305 0.643979 0)
(2.36498 0.747293 0)
(2.22874 0.651625 0)
(2.55982 0.645782 0)
(2.44666 0.593558 0)
(2.6986 0.459992 0)
(2.62367 0.461959 0)
(2.77128 0.223724 0)
(2.75456 0.277381 0)
(2.77835 -0.0229011 0)
(2.81842 0.066251 0)
(2.74059 -0.249246 0)
(2.81276 -0.147864 0)
(2.6715 -0.429379 0)
(2.76953 -0.331888 0)
(2.59039 -0.560209 0)
(2.69004 -0.473041 0)
(2.4951 -0.651244 0)
(2.58569 -0.575258 0)
(2.38839 -0.703549 0)
(2.46698 -0.636167 0)
(2.26175 -0.715854 0)
(2.3262 -0.65768 0)
(2.12584 -0.690827 0)
(2.17126 -0.641151 0)
(1.98147 -0.637849 0)
(2.00885 -0.594815 0)
(1.83502 -0.565208 0)
(1.84426 -0.527722 0)
(1.69419 -0.478879 0)
(1.6852 -0.446989 0)
(1.56532 -0.388079 0)
(1.5402 -0.361901 0)
(1.45325 -0.302175 0)
(1.41549 -0.281625 0)
(1.35964 -0.226903 0)
(1.31268 -0.211455 0)
(1.28435 -0.164776 0)
(1.23102 -0.153497 0)
(1.2258 -0.11585 0)
(1.16826 -0.107748 0)
(1.18153 -0.0787571 0)
(1.12141 -0.0729799 0)
(1.14887 -0.0515367 0)
(1.0873 -0.0474258 0)
(1.12528 -0.0321377 0)
(1.06302 -0.0292161 0)
(1.10859 -0.0187106 0)
(1.04611 -0.0166285 0)
(1.09702 -0.00972081 0)
(1.0346 -0.00822754 0)
(1.08916 -0.00392411 0)
(1.02698 -0.00285284 0)
(1.08394 -0.00036794 0)
(1.02208 0.000416248 0)
(1.08056 0.00165025 0)
(1.01905 0.00224554 0)
(1.07845 0.00266663 0)
(1.01725 0.00309306 0)
(1.07718 0.00305519 0)
(1.01628 0.00336626 0)
(1.07644 0.0030596 0)
(1.01582 0.00330459 0)
(1.07606 0.00286178 0)
(1.01566 0.00303831 0)
(1.07589 0.00256019 0)
(1.0157 0.00269416 0)
(1.07585 0.00220823 0)
(1.01583 0.00231095 0)
(1.07589 0.00185797 0)
(1.01601 0.00193719 0)
(1.07597 0.00153181 0)
(1.0162 0.00159405 0)
(1.07606 0.0012391 0)
(1.01638 0.00128957 0)
(1.07615 0.00098218 0)
(1.01654 0.00102484 0)
(1.07624 0.000758861 0)
(1.01668 0.000797626 0)
(1.07631 0.000568174 0)
(1.0168 0.000602425 0)
(1.07637 0.000387347 0)
(1.01688 0.000440385 0)
(1.01696 0.00026784 0)
(1.01972 -0.0665895 0)
(1.00908 -0.0490837 0)
(1.05947 -0.113392 0)
(1.04738 -0.120391 0)
(1.09583 -0.138707 0)
(1.08766 -0.150205 0)
(1.12151 -0.146806 0)
(1.11064 -0.156421 0)
(1.13763 -0.144002 0)
(1.11707 -0.152154 0)
(1.14481 -0.135235 0)
(1.11468 -0.140553 0)
(1.14358 -0.124066 0)
(1.10233 -0.125028 0)
(1.13601 -0.111668 0)
(1.08385 -0.108813 0)
(1.1245 -0.0978035 0)
(1.06189 -0.0927951 0)
(1.11046 -0.0830387 0)
(1.03906 -0.0774082 0)
(1.09484 -0.0686861 0)
(1.0168 -0.0633602 0)
(1.07923 -0.0552739 0)
(0.996209 -0.0508665 0)
(1.06473 -0.0425618 0)
(0.977939 -0.0394467 0)
(1.05214 -0.0303087 0)
(0.962515 -0.0286458 0)
(1.04191 -0.0183253 0)
(0.950305 -0.0182561 0)
(1.03435 -0.0063876 0)
(0.941486 -0.00813669 0)
(1.02991 0.00580728 0)
(0.936257 0.00184822 0)
(1.0289 0.0187157 0)
(0.934769 0.0122279 0)
(1.03163 0.0327721 0)
(0.937338 0.0234288 0)
(1.03857 0.0483841 0)
(0.944295 0.0357325 0)
(1.05025 0.0660907 0)
(0.956087 0.0495836 0)
(1.06725 0.0865757 0)
(0.973308 0.0655089 0)
(1.09049 0.110619 0)
(0.996685 0.0841754 0)
(1.12107 0.139033 0)
(1.02735 0.106225 0)
(1.16032 0.1726 0)
(1.06644 0.132329 0)
(1.21017 0.211976 0)
(1.11562 0.163057 0)
(1.27301 0.25752 0)
(1.17687 0.198777 0)
(1.35173 0.308945 0)
(1.25254 0.239439 0)
(1.4497 0.364977 0)
(1.34526 0.284225 0)
(1.57059 0.422574 0)
(1.45777 0.331259 0)
(1.71778 0.476487 0)
(1.59254 0.376774 0)
(1.8948 0.518243 0)
(1.75116 0.41522 0)
(2.10052 0.533922 0)
(1.9344 0.438259 0)
(2.31901 0.507697 0)
(2.13574 0.433138 0)
(2.52437 0.428695 0)
(2.33792 0.388191 0)
(2.68944 0.297381 0)
(2.5182 0.296889 0)
(2.80263 0.132481 0)
(2.65107 0.164196 0)
(2.854 -0.0462537 0)
(2.73944 0.0148799 0)
(2.84016 -0.219053 0)
(2.75103 -0.134029 0)
(2.77886 -0.363921 0)
(2.71492 -0.270584 0)
(2.68147 -0.473981 0)
(2.62777 -0.375652 0)
(2.55356 -0.54744 0)
(2.50162 -0.447348 0)
(2.4023 -0.581647 0)
(2.3461 -0.484901 0)
(2.23322 -0.57789 0)
(2.16861 -0.488602 0)
(2.05428 -0.541986 0)
(1.97846 -0.462212 0)
(1.87215 -0.482596 0)
(1.78521 -0.412684 0)
(1.69455 -0.408897 0)
(1.60087 -0.350121 0)
(1.53166 -0.330706 0)
(1.43326 -0.284105 0)
(1.39099 -0.256718 0)
(1.28988 -0.221223 0)
(1.27538 -0.19216 0)
(1.17307 -0.166021 0)
(1.18429 -0.139038 0)
(1.08179 -0.12036 0)
(1.11501 -0.0971996 0)
(1.01289 -0.0842183 0)
(1.06389 -0.0654177 0)
(0.962463 -0.0566304 0)
(1.02717 -0.042051 0)
(0.926586 -0.0362606 0)
(1.00144 -0.0254064 0)
(0.901779 -0.0216968 0)
(0.983848 -0.0139309 0)
(0.88514 -0.0116217 0)
(0.972138 -0.00631325 0)
(0.874362 -0.00491843 0)
(0.964589 -0.00148697 0)
(0.867666 -0.00067907 0)
(0.959922 0.00139322 0)
(0.863753 0.00181418 0)
(0.957207 0.00296441 0)
(0.861699 0.0031321 0)
(0.955764 0.00364453 0)
(0.860849 0.0036882 0)
(0.955109 0.00375921 0)
(0.860684 0.0037479 0)
(0.954942 0.00359072 0)
(0.860938 0.00353329 0)
(0.955057 0.00326692 0)
(0.861393 0.00319046 0)
(0.955319 0.00285916 0)
(0.861936 0.00277634 0)
(0.955653 0.00243604 0)
(0.862493 0.00235945 0)
(0.955999 0.00203308 0)
(0.863019 0.00196563 0)
(0.956324 0.00166877 0)
(0.863489 0.0016118 0)
(0.956615 0.00134919 0)
(0.863895 0.00130331 0)
(0.956865 0.001074 0)
(0.864235 0.00103923 0)
(0.957074 0.000839861 0)
(0.864516 0.000815844 0)
(0.957244 0.000641343 0)
(0.86474 0.000628072 0)
(0.957377 0.000474959 0)
(0.864917 0.000469646 0)
(0.957479 0.000321133 0)
(0.865048 0.000338251 0)
(0.865161 0.000205134 0)
(1.0395 -0.111253 0)
(1.01329 -0.0885789 0)
(1.08202 -0.157704 0)
(1.05547 -0.162915 0)
(1.10299 -0.165482 0)
(1.06751 -0.171175 0)
(1.10553 -0.159695 0)
(1.04903 -0.158958 0)
(1.09413 -0.147928 0)
(1.01361 -0.140754 0)
(1.072 -0.130531 0)
(0.970842 -0.118425 0)
(1.04261 -0.110044 0)
(0.927167 -0.095642 0)
(1.0094 -0.0901235 0)
(0.884345 -0.0756007 0)
(0.976092 -0.0727388 0)
(0.844946 -0.0594872 0)
(0.945301 -0.0580665 0)
(0.81052 -0.0466175 0)
(0.918099 -0.0456831 0)
(0.781347 -0.0361581 0)
(0.894806 -0.0350044 0)
(0.75722 -0.0275733 0)
(0.875596 -0.0254496 0)
(0.737773 -0.0202367 0)
(0.860586 -0.0166039 0)
(0.722764 -0.0136359 0)
(0.849785 -0.00820892 0)
(0.71204 -0.00745553 0)
(0.843205 -0.000124663 0)
(0.705512 -0.00155658 0)
(0.840947 0.00797513 0)
(0.703057 0.00410647 0)
(0.843036 0.0165736 0)
(0.704639 0.0101386 0)
(0.849757 0.0259687 0)
(0.710555 0.0167081 0)
(0.861487 0.0364525 0)
(0.721082 0.024002 0)
(0.878745 0.0484462 0)
(0.736668 0.0323258 0)
(0.902222 0.0624488 0)
(0.757958 0.0420319 0)
(0.932873 0.0790113 0)
(0.785804 0.0535245 0)
(0.971874 0.0986705 0)
(0.821323 0.0672237 0)
(1.02067 0.121876 0)
(0.865847 0.0835354 0)
(1.08098 0.148927 0)
(0.920967 0.102747 0)
(1.15478 0.179833 0)
(0.988476 0.124976 0)
(1.2442 0.214048 0)
(1.07028 0.150015 0)
(1.35133 0.250179 0)
(1.1682 0.177095 0)
(1.47793 0.285593 0)
(1.28374 0.204658 0)
(1.62474 0.316087 0)
(1.41754 0.22997 0)
(1.79095 0.335673 0)
(1.56875 0.249008 0)
(1.97281 0.336325 0)
(1.73426 0.256394 0)
(2.16059 0.309604 0)
(1.90756 0.245363 0)
(2.33904 0.249603 0)
(2.07696 0.209739 0)
(2.48849 0.157764 0)
(2.22626 0.147436 0)
(2.59053 0.043087 0)
(2.336 0.0621605 0)
(2.63794 -0.0755604 0)
(2.39287 -0.0325331 0)
(2.62579 -0.185853 0)
(2.39301 -0.121876 0)
(2.55767 -0.280697 0)
(2.33643 -0.202468 0)
(2.44372 -0.348724 0)
(2.22795 -0.2617 0)
(2.29162 -0.386167 0)
(2.07855 -0.295247 0)
(2.11056 -0.393641 0)
(1.90025 -0.30384 0)
(1.91212 -0.374563 0)
(1.70564 -0.290166 0)
(1.70896 -0.333937 0)
(1.5086 -0.259051 0)
(1.51436 -0.281654 0)
(1.32231 -0.218082 0)
(1.33965 -0.227357 0)
(1.15795 -0.175416 0)
(1.19159 -0.175959 0)
(1.0198 -0.136036 0)
(1.07206 -0.131182 0)
(0.909027 -0.101696 0)
(0.979512 -0.0944443 0)
(0.823774 -0.0734755 0)
(0.910354 -0.0655444 0)
(0.760453 -0.0512022 0)
(0.860269 -0.0435635 0)
(0.71487 -0.0341327 0)
(0.825087 -0.0273731 0)
(0.68316 -0.021448 0)
(0.80115 -0.0158314 0)
(0.661875 -0.0123242 0)
(0.785467 -0.00786869 0)
(0.648157 -0.00601302 0)
(0.775664 -0.00258992 0)
(0.639872 -0.00181941 0)
(0.76991 0.000723682 0)
(0.635366 0.000835513 0)
(0.766872 0.00262333 0)
(0.633337 0.00235901 0)
(0.765582 0.00354435 0)
(0.632838 0.0031046 0)
(0.765377 0.00383745 0)
(0.633291 0.00333723 0)
(0.765816 0.00376695 0)
(0.634226 0.00324959 0)
(0.766559 0.00349959 0)
(0.635382 0.00300477 0)
(0.76742 0.00311552 0)
(0.636584 0.00267245 0)
(0.768303 0.00268479 0)
(0.63773 0.00230731 0)
(0.769134 0.00226228 0)
(0.638772 0.001945 0)
(0.769881 0.00187587 0)
(0.639683 0.00161313 0)
(0.770527 0.00153362 0)
(0.640459 0.00131915 0)
(0.771074 0.00123785 0)
(0.641108 0.0010655 0)
(0.771526 0.000986726 0)
(0.64164 0.000850681 0)
(0.771895 0.000775976 0)
(0.642071 0.000670981 0)
(0.772189 0.000600241 0)
(0.642414 0.00052172 0)
(0.772419 0.000453671 0)
(0.642682 0.000398027 0)
(0.772593 0.000331326 0)
(0.642887 0.000294918 0)
(0.772723 0.000221688 0)
(0.643037 0.000208519 0)
(0.643159 0.000127416 0)
(1.05171 -0.155051 0)
(0.903223 -0.140288 0)
(1.04735 -0.183387 0)
(0.900205 -0.158557 0)
(1.01036 -0.168484 0)
(0.843001 -0.134183 0)
(0.954961 -0.143606 0)
(0.751881 -0.10356 0)
(0.89031 -0.113555 0)
(0.671603 -0.0761033 0)
(0.82589 -0.0848628 0)
(0.606071 -0.0540048 0)
(0.76827 -0.0621213 0)
(0.553544 -0.0380215 0)
(0.719434 -0.04544 0)
(0.511129 -0.0267645 0)
(0.679062 -0.0334493 0)
(0.477566 -0.019116 0)
(0.646339 -0.0246905 0)
(0.451282 -0.0138942 0)
(0.620332 -0.0180767 0)
(0.43081 -0.0101508 0)
(0.600071 -0.0128306 0)
(0.415042 -0.00731284 0)
(0.584824 -0.00838148 0)
(0.4032 -0.00498944 0)
(0.574109 -0.00436085 0)
(0.394792 -0.00292069 0)
(0.567621 -0.000612207 0)
(0.389565 -0.000967877 0)
(0.565149 0.00291276 0)
(0.387412 0.000915402 0)
(0.566557 0.00657024 0)
(0.388029 0.0026989 0)
(0.571933 0.0106525 0)
(0.39153 0.00476282 0)
(0.581575 0.0152026 0)
(0.398211 0.00706552 0)
(0.595876 0.0204146 0)
(0.408323 0.00970163 0)
(0.615406 0.026527 0)
(0.422301 0.0127954 0)
(0.640948 0.0338076 0)
(0.440751 0.0164904 0)
(0.67352 0.0425445 0)
(0.464462 0.0209523 0)
(0.714384 0.0530193 0)
(0.494433 0.0263595 0)
(0.765039 0.0654621 0)
(0.531874 0.0328808 0)
(0.827149 0.0799898 0)
(0.578173 0.0406367 0)
(0.902464 0.0965135 0)
(0.634827 0.0496618 0)
(0.992649 0.114594 0)
(0.703324 0.0598302 0)
(1.09901 0.133264 0)
(0.784921 0.0707395 0)
(1.22207 0.15082 0)
(0.880318 0.0815905 0)
(1.361 0.164664 0)
(0.989167 0.0910382 0)
(1.51287 0.171266 0)
(1.10943 0.0971444 0)
(1.67191 0.166265 0)
(1.23669 0.0973481 0)
(1.82867 0.145139 0)
(1.36392 0.088609 0)
(1.9697 0.105374 0)
(1.48064 0.0687098 0)
(2.07952 0.0481345 0)
(1.57338 0.0376115 0)
(2.14272 -0.0171144 0)
(1.62715 -0.00104131 0)
(2.14997 -0.0810875 0)
(1.63572 -0.0397748 0)
(2.10304 -0.139232 0)
(1.59803 -0.0749526 0)
(2.00328 -0.183575 0)
(1.51597 -0.10271 0)
(1.85971 -0.207992 0)
(1.39746 -0.118126 0)
(1.68494 -0.212128 0)
(1.25479 -0.120477 0)
(1.4934 -0.199034 0)
(1.10168 -0.112294 0)
(1.30065 -0.173654 0)
(0.951051 -0.0974166 0)
(1.1214 -0.142411 0)
(0.811532 -0.0797994 0)
(0.965771 -0.111444 0)
(0.691495 -0.0624577 0)
(0.83773 -0.0841997 0)
(0.592457 -0.047374 0)
(0.736882 -0.0615776 0)
(0.516029 -0.0351879 0)
(0.660467 -0.0435414 0)
(0.456972 -0.0252808 0)
(0.604472 -0.0296181 0)
(0.413742 -0.0174798 0)
(0.564764 -0.0190873 0)
(0.383361 -0.0114951 0)
(0.537599 -0.0113229 0)
(0.362558 -0.00696752 0)
(0.519824 -0.00577012 0)
(0.349105 -0.00367288 0)
(0.508819 -0.00197703 0)
(0.34105 -0.00131918 0)
(0.502562 0.000433925 0)
(0.336727 0.00024392 0)
(0.4996 0.00186815 0)
(0.334956 0.00114359 0)
(0.498822 0.00263445 0)
(0.334872 0.00161299 0)
(0.499363 0.00295704 0)
(0.335783 0.00181866 0)
(0.500616 0.00298613 0)
(0.337211 0.00185112 0)
(0.502193 0.00281052 0)
(0.338885 0.00175995 0)
(0.503851 0.00252794 0)
(0.340554 0.00159222 0)
(0.50546 0.00220619 0)
(0.342137 0.00139594 0)
(0.506936 0.00188286 0)
(0.343567 0.00119655 0)
(0.508237 0.00157741 0)
(0.344817 0.00100562 0)
(0.509352 0.00130076 0)
(0.345881 0.000830595 0)
(0.510288 0.00105877 0)
(0.34677 0.000677024 0)
(0.511061 0.000851959 0)
(0.347501 0.000545676 0)
(0.511692 0.000678328 0)
(0.348095 0.000435322 0)
(0.512199 0.000534314 0)
(0.348571 0.000343834 0)
(0.512601 0.00041571 0)
(0.348949 0.000268618 0)
(0.512916 0.00031828 0)
(0.349245 0.000207065 0)
(0.513157 0.000237984 0)
(0.349473 0.000156669 0)
(0.513337 0.000171005 0)
(0.349645 0.000115099 0)
(0.513465 0.000113487 0)
(0.34977 7.98975e-05 0)
(0.349867 5.13505e-05 0)
(0.859712 -0.0533273 0)
(0.701155 -0.0847189 0)
(0.566972 -0.0661318 0)
(0.463412 -0.0366713 0)
(0.387308 -0.0190036 0)
(0.333304 -0.0103357 0)
(0.295282 -0.00559385 0)
(0.268518 -0.00295632 0)
(0.249402 -0.00154376 0)
(0.235507 -0.000776509 0)
(0.225357 -0.000323402 0)
(0.218044 -1.26547e-05 0)
(0.213054 0.000255766 0)
(0.210134 0.000529036 0)
(0.209166 0.000831151 0)
(0.210081 0.00119854 0)
(0.21278 0.00164683 0)
(0.217543 0.00217672 0)
(0.224608 0.00281906 0)
(0.23431 0.00361543 0)
(0.247106 0.00460499 0)
(0.263596 0.00583387 0)
(0.284548 0.00735438 0)
(0.310908 0.00921891 0)
(0.343789 0.0114677 0)
(0.384426 0.0141113 0)
(0.434087 0.0171055 0)
(0.493918 0.0203103 0)
(0.564657 0.0234371 0)
(0.646248 0.0259913 0)
(0.737286 0.0272357 0)
(0.834431 0.0261711 0)
(0.931779 0.0216011 0)
(1.02039 0.0128573 0)
(1.0891 0.00055404 0)
(1.12671 -0.0130496 0)
(1.12567 -0.0272413 0)
(1.08589 -0.0395276 0)
(1.01094 -0.0467293 0)
(0.908231 -0.0480873 0)
(0.790106 -0.043532 0)
(0.669629 -0.0358157 0)
(0.557335 -0.0269791 0)
(0.459918 -0.018417 0)
(0.380119 -0.011518 0)
(0.317661 -0.00738375 0)
(0.270287 -0.00566955 0)
(0.235099 -0.00342709 0)
(0.209818 -0.00133615 0)
(0.192339 -0.000659642 0)
(0.180844 -7.54169e-05 0)
(0.173876 0.000410811 0)
(0.170203 0.000699843 0)
(0.168884 0.000941046 0)
(0.169128 0.00107959 0)
(0.170272 0.0010715 0)
(0.171885 0.000990121 0)
(0.173703 0.000881908 0)
(0.175555 0.000768335 0)
(0.177315 0.00066148 0)
(0.178907 0.000557854 0)
(0.180303 0.000462795 0)
(0.181499 0.000378885 0)
(0.182505 0.000306556 0)
(0.183336 0.000245366 0)
(0.184013 0.000194598 0)
(0.184558 0.000153018 0)
(0.184994 0.00011932 0)
(0.185338 9.21828e-05 0)
(0.185606 7.03899e-05 0)
(0.185813 5.28694e-05 0)
(0.18597 3.86461e-05 0)
(0.186085 2.67063e-05 0)
(0.186165 1.83056e-05 0)
)
;

boundaryField
{
    ibCylinder
    {
        type            immersedBoundary;
        value           nonuniform List<vector> 
44
(
(-0.191972 0 0)
(-0.191972 6.65226e-18 0)
(-0.191972 3.44045e-18 5.97114e-34)
(-0.191972 8.67063e-19 0)
(-0.191972 0 0)
(-0.191972 0 0)
(-0.191972 0 0)
(-0.191972 0 0)
(-0.191972 -1.20177e-17 0)
(-0.191972 1.17768e-17 0)
(-0.191972 1.06066e-17 0)
(-0.191972 0 0)
(-0.191972 -1.89328e-17 3.25086e-33)
(-0.191972 0 0)
(-0.191972 0 0)
(-0.191972 0 0)
(-0.191972 0 0)
(-0.191972 0 0)
(-0.191972 0 0)
(-0.191972 0 0)
(-0.191972 0 0)
(-0.191972 0 0)
(-0.191972 0 0)
(-0.191972 0 0)
(-0.191972 0 0)
(-0.191972 0 0)
(-0.191972 0 0)
(-0.191972 0 0)
(-0.191972 0 0)
(-0.191972 0 0)
(-0.191972 0 0)
(-0.191972 1.89328e-17 -3.25086e-33)
(-0.191972 -1.69446e-17 2.86796e-33)
(-0.191972 0 0)
(-0.191972 -1.20177e-17 3.41536e-34)
(-0.191972 1.17768e-17 0)
(-0.191972 -1.06066e-17 0)
(-0.191972 0 0)
(-0.191972 -6.65226e-18 0)
(-0.191972 -3.44045e-18 -5.97114e-34)
(-0.191972 -8.67063e-19 0)
(-0.191972 0 0)
(-0.191972 0 0)
(-0.191972 -1.24068e-17 0)
)
;
        value           nonuniform List<vector> 0();
    }
    in
    {
        type            calculated;
        value           uniform (1 0 0);
    }
    out
    {
        type            calculated;
        value           nonuniform List<vector> 
25
(
(0.186214 -1.55048e-05 0)
(0.513538 -8.67246e-05 0)
(0.772796 -0.000167907 0)
(0.957536 -0.00024298 0)
(1.0764 -0.000293993 0)
(1.14591 -0.000314091 0)
(1.18315 -0.000304612 0)
(1.20157 -0.000270619 0)
(1.21006 -0.000220558 0)
(1.21375 -0.000163653 0)
(1.21526 -0.0001069 0)
(1.21583 -5.23678e-05 0)
(1.21597 -2.9997e-07 0)
(1.21583 5.17479e-05 0)
(1.21526 0.000106261 0)
(1.21375 0.00016298 0)
(1.21007 0.000219847 0)
(1.20157 0.00026988 0)
(1.18315 0.000303874 0)
(1.14591 0.000313395 0)
(1.0764 0.00029339 0)
(0.957541 0.000242535 0)
(0.772801 0.000167639 0)
(0.513542 8.65944e-05 0)
(0.186216 1.54448e-05 0)
)
;
    }
    top
    {
        type            calculated;
        value           uniform (0 0 0);
    }
    bottom
    {
        type            calculated;
        value           uniform (0 0 0);
    }
    frontAndBack
    {
        type            empty;
        value           nonuniform List<vector> 0();
    }
}


// ************************************************************************* //
