/*--------------------------------*- C++ -*----------------------------------*\
| =========                 |                                                 |
| \\      /  F ield         | OpenFOAM: The Open Source CFD Toolbox           |
|  \\    /   O peration     | Version:  2206                                  |
|   \\  /    A nd           | Website:  www.openfoam.com                      |
|    \\/     M anipulation  |                                                 |
\*---------------------------------------------------------------------------*/
FoamFile
{
    version     2.0;
    format      ascii;
    arch        "LSB;label=32;scalar=64";
    class       volVectorField;
    location    "1";
    object      U;
}
// * * * * * * * * * * * * * * * * * * * * * * * * * * * * * * * * * * * * * //

dimensions      [0 1 -1 0 0 0 0];

internalField   nonuniform List<vector> 
1875
(
(0.792557 0.0206641 0)
(0.750484 0.0853321 0)
(0.650247 0.0831091 0)
(0.518663 0.0484028 0)
(0.423869 0.0241538 0)
(0.362546 0.0126756 0)
(0.320662 0.0064842 0)
(0.291573 0.00290002 0)
(0.271977 0.000839099 0)
(0.259381 -0.000400882 0)
(0.252094 -0.00131924 0)
(0.249292 -0.00213422 0)
(0.250524 -0.0029688 0)
(0.255483 -0.00400654 0)
(0.264567 -0.0052704 0)
(0.278531 -0.00679926 0)
(0.29822 -0.00870643 0)
(0.324773 -0.0111001 0)
(0.359658 -0.0140784 0)
(0.404642 -0.0177376 0)
(0.461758 -0.0221512 0)
(0.533218 -0.0273351 0)
(0.621223 -0.0331913 0)
(0.727591 -0.0394161 0)
(0.853293 -0.0453929 0)
(0.997652 -0.0519777 0)
(1.15884 -0.0570559 0)
(1.32951 -0.0562145 0)
(1.4986 -0.0473051 0)
(1.65217 -0.0289304 0)
(1.77492 -0.00312607 0)
(1.84606 0.0283376 0)
(1.85181 0.0529303 0)
(1.80099 0.0770554 0)
(1.69149 0.0899639 0)
(1.53827 0.0970705 0)
(1.35603 0.0950963 0)
(1.16109 0.0858009 0)
(0.966237 0.0719172 0)
(0.782875 0.0515603 0)
(0.624315 0.0301442 0)
(0.487852 0.0158745 0)
(0.373347 0.00784048 0)
(0.278162 0.00394281 0)
(0.200078 0.00229143 0)
(0.137396 0.00146652 0)
(0.0885074 0.000850848 0)
(0.05179 0.000301919 0)
(0.0256792 -0.000235089 0)
(0.00881272 -0.000827982 0)
(-0.000321476 -0.00157439 0)
(-0.00300579 -0.00214131 0)
(-0.00068148 -0.00245969 0)
(0.00589404 -0.0028361 0)
(0.0156837 -0.00283603 0)
(0.0279706 -0.00275301 0)
(0.0416205 -0.00279549 0)
(0.0559983 -0.00269144 0)
(0.0704215 -0.00248637 0)
(0.0843191 -0.00225819 0)
(0.0972728 -0.00201186 0)
(0.109012 -0.00176926 0)
(0.119383 -0.00156052 0)
(0.128333 -0.00144952 0)
(0.135925 -0.00146747 0)
(0.142298 -0.00136616 0)
(0.147741 -0.0011498 0)
(0.151313 -0.000927923 0)
(0.154819 -0.000667742 0)
(0.15744 -0.000521093 0)
(0.159454 -0.000400728 0)
(0.161015 -0.000303934 0)
(0.16221 -0.000229544 0)
(0.163137 -0.000167319 0)
(0.163998 -0.000188604 0)
(1.01389 0.121568 0)
(1.05187 0.185989 0)
(1.04006 0.176864 0)
(0.992822 0.155655 0)
(0.930875 0.126518 0)
(0.865812 0.0943686 0)
(0.807996 0.0677943 0)
(0.758534 0.0476737 0)
(0.718431 0.0327495 0)
(0.687484 0.0213252 0)
(0.664935 0.0119739 0)
(0.650203 0.00383156 0)
(0.642849 -0.00365149 0)
(0.642634 -0.0109514 0)
(0.649818 -0.019264 0)
(0.665284 -0.0287588 0)
(0.690037 -0.0399215 0)
(0.725504 -0.0532558 0)
(0.77351 -0.0692452 0)
(0.83624 -0.0883464 0)
(0.9162 -0.110915 0)
(1.01611 -0.137086 0)
(1.13874 -0.16659 0)
(1.28655 -0.198493 0)
(1.4613 -0.230863 0)
(1.66311 -0.260503 0)
(1.88942 -0.282971 0)
(2.1347 -0.292455 0)
(2.38837 -0.28285 0)
(2.63793 -0.249028 0)
(2.86265 -0.18776 0)
(3.0419 -0.101543 0)
(3.15782 -0.0015549 0)
(3.19876 0.093902 0)
(3.17295 0.176281 0)
(3.0854 0.242599 0)
(2.94792 0.286704 0)
(2.77195 0.309896 0)
(2.56628 0.315709 0)
(2.33773 0.307295 0)
(2.08821 0.287515 0)
(1.82727 0.259805 0)
(1.56489 0.227312 0)
(1.31218 0.192234 0)
(1.08141 0.156874 0)
(0.879811 0.123512 0)
(0.709212 0.0937699 0)
(0.56965 0.0682412 0)
(0.459849 0.0467912 0)
(0.376927 0.0290233 0)
(0.316664 0.014378 0)
(0.275698 0.002508 0)
(0.25164 -0.00681993 0)
(0.242196 -0.0144628 0)
(0.242529 -0.0199944 0)
(0.251201 -0.0241614 0)
(0.265768 -0.0261518 0)
(0.28356 -0.0268404 0)
(0.303344 -0.0263198 0)
(0.323819 -0.0249581 0)
(0.343753 -0.0229226 0)
(0.362412 -0.0204745 0)
(0.37938 -0.0178581 0)
(0.394378 -0.0152317 0)
(0.407311 -0.0127164 0)
(0.418224 -0.0104276 0)
(0.427467 -0.00840749 0)
(0.434646 -0.00673439 0)
(0.440685 -0.00533855 0)
(0.44548 -0.00419795 0)
(0.449251 -0.00326265 0)
(0.452194 -0.00251 0)
(0.454478 -0.00191681 0)
(0.456196 -0.00145558 0)
(0.457817 -0.00111678 0)
(1.01278 0.0730089 0)
(1.0604 0.145886 0)
(1.09806 0.1631 0)
(1.11263 0.159425 0)
(1.10785 0.149947 0)
(1.09258 0.134098 0)
(1.06932 0.113168 0)
(1.04095 0.0908282 0)
(1.01136 0.0700896 0)
(0.984362 0.0517305 0)
(0.961718 0.0350842 0)
(0.944556 0.0197111 0)
(0.933364 0.00489797 0)
(0.928591 -0.010127 0)
(0.931008 -0.0266999 0)
(0.941641 -0.0453496 0)
(0.961571 -0.0668713 0)
(0.992199 -0.0921101 0)
(1.03529 -0.121928 0)
(1.09296 -0.157167 0)
(1.16772 -0.198514 0)
(1.26243 -0.246314 0)
(1.38022 -0.3003 0)
(1.52434 -0.3592 0)
(1.69775 -0.420217 0)
(1.90244 -0.478459 0)
(2.13839 -0.526588 0)
(2.40251 -0.554519 0)
(2.6866 -0.550004 0)
(2.97553 -0.502646 0)
(3.24719 -0.405265 0)
(3.46971 -0.265336 0)
(3.62285 -0.101931 0)
(3.70046 0.0614035 0)
(3.70869 0.201736 0)
(3.66038 0.31337 0)
(3.57024 0.397149 0)
(3.4527 0.453969 0)
(3.31339 0.490058 0)
(3.15242 0.510429 0)
(2.96839 0.517144 0)
(2.75754 0.510841 0)
(2.52657 0.492225 0)
(2.2807 0.461077 0)
(2.02586 0.417699 0)
(1.77001 0.364607 0)
(1.52476 0.306121 0)
(1.30072 0.246441 0)
(1.10541 0.189381 0)
(0.944036 0.138463 0)
(0.815544 0.0948546 0)
(0.717465 0.0583604 0)
(0.64661 0.0282756 0)
(0.598312 0.00419434 0)
(0.568176 -0.0141406 0)
(0.553381 -0.0279418 0)
(0.55005 -0.0366046 0)
(0.554354 -0.0417781 0)
(0.564578 -0.0437507 0)
(0.578191 -0.0435371 0)
(0.593092 -0.0413766 0)
(0.608492 -0.0379699 0)
(0.623582 -0.0338654 0)
(0.637533 -0.0294829 0)
(0.650036 -0.0251264 0)
(0.660935 -0.0210198 0)
(0.670264 -0.0172856 0)
(0.67808 -0.014013 0)
(0.684556 -0.0112302 0)
(0.689819 -0.00890424 0)
(0.694046 -0.0069816 0)
(0.697398 -0.00541923 0)
(0.700054 -0.00416125 0)
(0.70203 -0.00319277 0)
(0.704019 -0.00232775 0)
(1.00553 0.0364563 0)
(1.03514 0.0924182 0)
(1.0792 0.126513 0)
(1.11378 0.139903 0)
(1.1345 0.140485 0)
(1.14899 0.131698 0)
(1.15325 0.118823 0)
(1.15116 0.105034 0)
(1.14465 0.0895191 0)
(1.13569 0.0721128 0)
(1.12607 0.0529504 0)
(1.11734 0.0332662 0)
(1.11084 0.0133978 0)
(1.10768 -0.00772465 0)
(1.10928 -0.0310271 0)
(1.11691 -0.0575508 0)
(1.13175 -0.0883214 0)
(1.15494 -0.124452 0)
(1.18847 -0.167064 0)
(1.23454 -0.217483 0)
(1.29582 -0.276859 0)
(1.37562 -0.346007 0)
(1.47786 -0.425219 0)
(1.60722 -0.513462 0)
(1.76904 -0.607668 1.82243e-33)
(1.96859 -0.701683 -1.72702e-33)
(2.21043 -0.785549 0)
(2.49766 -0.843484 0)
(2.82354 -0.854385 0)
(3.16068 -0.800765 0)
(3.45991 -0.666605 0)
(3.688 -0.453848 0)
(3.82518 -0.21507 0)
(3.89423 0.0193204 0)
(3.87068 0.227657 0)
(3.81156 0.382303 0)
(3.7239 0.490622 0)
(3.62537 0.564372 0)
(3.51866 0.614632 0)
(3.4014 0.653874 0)
(3.2729 0.683042 0)
(3.1291 0.702282 0)
(2.96717 0.707269 0)
(2.78684 0.695229 0)
(2.59052 0.665551 0)
(2.38174 0.61911 0)
(2.16498 0.557888 0)
(1.94666 0.48466 0)
(1.73479 0.404057 0)
(1.53847 0.322494 0)
(1.36469 0.245407 0)
(1.21751 0.176059 0)
(1.09826 0.116159 0)
(1.00545 0.0664195 0)
(0.936489 0.0267735 0)
(0.887564 -0.00365915 0)
(0.855096 -0.0255899 0)
(0.835679 -0.040217 0)
(0.826183 -0.0488332 0)
(0.823756 -0.0523893 0)
(0.82584 -0.0521801 0)
(0.831067 -0.0501157 0)
(0.837948 -0.0463028 0)
(0.845562 -0.041244 0)
(0.853356 -0.0358144 0)
(0.860809 -0.0304652 0)
(0.867619 -0.0254599 0)
(0.873661 -0.0209464 0)
(0.878884 -0.0170042 0)
(0.883304 -0.0136359 0)
(0.886982 -0.0108074 0)
(0.889985 -0.00847945 0)
(0.89245 -0.00656646 0)
(0.894297 -0.0051064 0)
(0.896278 -0.00368096 0)
(1.00297 0.0219888 0)
(1.01956 0.0615608 0)
(1.05045 0.0902682 0)
(1.08429 0.107622 0)
(1.11367 0.115241 0)
(1.13767 0.114989 0)
(1.15543 0.109255 0)
(1.16795 0.0998042 0)
(1.17657 0.0861151 0)
(1.18271 0.0698209 0)
(1.18521 0.0530906 0)
(1.18663 0.0353127 0)
(1.18788 0.0150943 0)
(1.18991 -0.00822324 0)
(1.19377 -0.0353002 0)
(1.20058 -0.066974 0)
(1.21162 -0.103876 0)
(1.2276 -0.147847 0)
(1.25134 -0.200794 0)
(1.28444 -0.263961 0)
(1.32982 -0.339191 0)
(1.39133 -0.428281 0)
(1.47411 -0.532372 0)
(1.5848 -0.65161 0)
(1.73192 -0.784022 0)
(1.92541 -0.923761 0)
(2.1794 -1.06115 0)
(2.50334 -1.17379 0)
(2.87218 -1.22464 0)
(3.20875 -1.1748 0)
(3.46153 -0.984202 0)
(3.65062 -0.673225 0)
(3.68368 -0.325857 0)
(3.66228 -0.00668992 0)
(3.59108 0.256003 0)
(3.49904 0.441413 0)
(3.41446 0.562222 0)
(3.34991 0.643538 0)
(3.29609 0.705104 0)
(3.23772 0.75169 0)
(3.16531 0.786782 0)
(3.0808 0.812165 0)
(2.99045 0.829431 0)
(2.87178 0.834372 0)
(2.73439 0.819317 0)
(2.58402 0.789021 0)
(2.42486 0.742743 0)
(2.25961 0.678101 0)
(2.0925 0.598716 0)
(1.92724 0.509876 0)
(1.76759 0.417098 0)
(1.6192 0.326306 0)
(1.48655 0.242153 0)
(1.3724 0.167937 0)
(1.27764 0.105404 0)
(1.20158 0.0548934 0)
(1.14264 0.016026 0)
(1.09843 -0.0123321 0)
(1.06662 -0.0315493 0)
(1.0447 -0.0431805 0)
(1.03088 -0.0490854 0)
(1.02193 -0.0500907 0)
(1.01741 -0.0485487 0)
(1.01567 -0.0451744 0)
(1.01584 -0.0405305 0)
(1.01732 -0.0354116 0)
(1.01955 -0.0302651 0)
(1.02213 -0.0253752 0)
(1.02475 -0.0209558 0)
(1.02725 -0.0170704 0)
(1.02954 -0.0137271 0)
(1.03154 -0.0109216 0)
(1.0333 -0.00856064 0)
(1.03468 -0.00675188 0)
(1.03625 -0.00488908 0)
(1.0017 0.0143709 0)
(1.01151 0.0419002 0)
(1.03164 0.0638412 0)
(1.05695 0.0788993 0)
(1.08281 0.0875837 0)
(1.10728 0.090701 0)
(1.12914 0.0891108 0)
(1.14801 0.08356 0)
(1.16356 0.0745853 0)
(1.17594 0.0624259 0)
(1.1855 0.0477236 0)
(1.19311 0.0304007 0)
(1.1995 0.010112 0)
(1.20523 -0.0136662 0)
(1.21079 -0.0418131 0)
(1.21681 -0.0753788 0)
(1.22423 -0.115609 0)
(1.23418 -0.164129 0)
(1.24805 -0.223122 0)
(1.26772 -0.29495 0)
(1.29604 -0.382408 0)
(1.33702 -0.488592 0)
(1.39645 -0.616639 0)
(1.48269 -0.769177 0)
(1.60792 -0.947295 0)
(1.78844 -1.14905 0)
(2.05093 -1.36953 0)
(2.37881 -1.56786 0)
(2.6892 -1.61522 0)
(2.88597 -1.49884 0)
(2.92641 -1.21988 0)
(2.77995 -0.771507 0)
(2.56629 -0.312899 0)
(2.38228 0.0927223 0)
(2.29093 0.38268 0)
(2.26384 0.537241 0)
(2.28012 0.614653 0)
(2.34955 0.671869 0)
(2.44597 0.722469 0)
(2.54306 0.77469 0)
(2.62035 0.828138 0)
(2.66256 0.878242 0)
(2.66528 0.91178 0)
(2.63884 0.945444 0)
(2.58288 0.951731 0)
(2.49498 0.927863 0)
(2.40534 0.880281 0)
(2.2953 0.814306 0)
(2.17629 0.734076 0)
(2.05408 0.64666 0)
(1.93393 0.554374 0)
(1.81755 0.458611 0)
(1.70744 0.364683 0)
(1.6054 0.27713 0)
(1.51311 0.199117 0)
(1.43205 0.132622 0)
(1.363 0.0785093 0)
(1.30582 0.0365124 0)
(1.25955 0.00554807 0)
(1.22293 -0.0159003 0)
(1.19469 -0.0293389 0)
(1.17359 -0.0366233 0)
(1.15811 -0.039666 0)
(1.14704 -0.0395901 0)
(1.13934 -0.0374394 0)
(1.13424 -0.0341557 0)
(1.13109 -0.0302408 0)
(1.12935 -0.0261246 0)
(1.12862 -0.0221173 0)
(1.12855 -0.0184131 0)
(1.1289 -0.0150992 0)
(1.12946 -0.0122326 0)
(1.13014 -0.00974446 0)
(1.13077 -0.0078014 0)
(1.13158 -0.00570921 0)
(1.00105 0.00971966 0)
(1.00729 0.0289608 0)
(1.02081 0.0452946 0)
(1.03892 0.057321 0)
(1.05896 0.0649875 0)
(1.07931 0.0685605 0)
(1.09908 0.0684548 0)
(1.11759 0.0650295 0)
(1.13429 0.0584226 0)
(1.14869 0.0488504 0)
(1.16079 0.0365026 0)
(1.17077 0.0212553 0)
(1.17884 0.00269205 0)
(1.18517 -0.0198086 0)
(1.18998 -0.047158 0)
(1.19349 -0.0804859 0)
(1.19606 -0.121262 0)
(1.19827 -0.171467 0)
(1.20097 -0.233587 0)
(1.20548 -0.310659 0)
(1.21402 -0.406534 0)
(1.23014 -0.525997 0)
(1.25955 -0.67479 0)
(1.3114 -0.859512 0)
(1.40043 -1.08713 0)
(1.54742 -1.36349 0)
(1.76949 -1.68145 0)
(2.00218 -1.84153 0)
(2.00476 -1.73956 0)
(1.52379 -1.25078 1.35535e-17)
(0.883289 -0.609113 1.39374e-16)
(0.271849 -0.0854792 0)
(-0.283756 -0.0436924 0)
(-0.0789635 0.0291152 -7.11728e-18)
(0.10286 0.303295 0)
(0.198297 0.393377 3.19645e-18)
(0.368837 0.443949 0)
(0.670778 0.475324 0)
(0.98281 0.526965 0)
(1.2786 0.595936 0)
(1.54196 0.680653 0)
(1.76386 0.774425 0)
(1.9242 0.857813 0)
(2.03367 0.923685 0)
(2.09777 0.956888 0)
(2.12485 0.961188 0)
(2.11685 0.945615 0)
(2.08846 0.901449 0)
(2.04214 0.835174 0)
(1.97661 0.748588 0)
(1.90824 0.650746 0)
(1.83266 0.551286 0)
(1.75553 0.453176 0)
(1.68008 0.361703 0)
(1.60866 0.278848 0)
(1.54243 0.205551 0)
(1.482 0.14294 0)
(1.42797 0.0917627 0)
(1.38069 0.0517647 0)
(1.3402 0.0219189 0)
(1.30619 0.000744588 0)
(1.27835 -0.0132894 0)
(1.25611 -0.0217814 0)
(1.23864 -0.026171 0)
(1.22521 -0.0276147 0)
(1.21509 -0.0270961 0)
(1.20764 -0.0253468 0)
(1.2023 -0.0229026 0)
(1.19857 -0.0201451 0)
(1.19607 -0.0173324 0)
(1.19446 -0.0146203 0)
(1.1935 -0.0121393 0)
(1.19297 -0.00987689 0)
(1.19274 -0.00805178 0)
(1.19268 -0.00598763 0)
(1.00071 0.00668954 0)
(1.00495 0.020194 0)
(1.01444 0.0321454 0)
(1.02761 0.0413408 0)
(1.0428 0.0474788 0)
(1.05889 0.0506239 0)
(1.07511 0.050892 0)
(1.09081 0.048423 0)
(1.10546 0.0432936 0)
(1.11858 0.0355635 0)
(1.12987 0.0252304 0)
(1.13911 0.0120769 0)
(1.14612 -0.00436897 0)
(1.15071 -0.0247674 0)
(1.15268 -0.0500165 0)
(1.15183 -0.081291 0)
(1.148 -0.120159 0)
(1.14111 -0.168742 0)
(1.1312 -0.229855 0)
(1.11863 -0.307175 0)
(1.10443 -0.405595 0)
(1.09077 -0.531645 0)
(1.0819 -0.693993 0)
(1.08557 -0.904042 0)
(1.11455 -1.17607 3.83408e-32)
(1.18483 -1.51597 -3.56985e-32)
(1.27107 -1.84259 0)
(1.10724 -1.78742 0)
(0.290237 -0.936397 0)
(-0.585849 -0.211304 0)
(0 0 0)
(0 0 0)
(0 0 0)
(0 0 0)
(0 0 0)
(-0.700744 0.0444003 9.86737e-18)
(-0.59899 0.115543 0)
(-0.505508 0.123698 0)
(-0.241807 0.166085 0)
(0.0683085 0.248256 0)
(0.386527 0.365742 0)
(0.694177 0.507792 0)
(0.961562 0.648111 0)
(1.18682 0.772893 0)
(1.35994 0.862076 0)
(1.48883 0.907138 0)
(1.57855 0.914663 0)
(1.64061 0.892588 0)
(1.68009 0.849179 0)
(1.69903 0.782151 0)
(1.69751 0.69885 0)
(1.68186 0.608047 0)
(1.65569 0.515211 0)
(1.62128 0.423344 0)
(1.58169 0.336298 0)
(1.541 0.258778 0)
(1.49986 0.192708 0)
(1.46006 0.137562 0)
(1.42285 0.0933026 0)
(1.38897 0.0586729 0)
(1.3588 0.0324434 0)
(1.33256 0.0133605 0)
(1.31021 7.19108e-05 0)
(1.29159 -0.00864675 0)
(1.27644 -0.0138584 0)
(1.26437 -0.0165068 0)
(1.25493 -0.0173501 0)
(1.24768 -0.0169795 0)
(1.24219 -0.0158461 0)
(1.23813 -0.0142831 0)
(1.23515 -0.0125171 0)
(1.23304 -0.0107343 0)
(1.23151 -0.00897465 0)
(1.23055 -0.00749206 0)
(1.22962 -0.00569943 0)
(1.00051 0.00459352 0)
(1.00356 0.0139685 0)
(1.0105 0.0225026 0)
(1.02038 0.0292784 0)
(1.03208 0.0339208 0)
(1.04476 0.0363627 0)
(1.05777 0.0366242 0)
(1.07056 0.0347262 0)
(1.08255 0.0306753 0)
(1.09328 0.0244512 0)
(1.10234 0.015958 0)
(1.1093 0.00496254 0)
(1.11376 -0.00897583 0)
(1.11524 -0.0264811 0)
(1.1132 -0.0484088 0)
(1.10701 -0.0759076 0)
(1.09595 -0.110533 0)
(1.07921 -0.15441 0)
(1.05588 -0.210432 0)
(1.0251 -0.282575 0)
(0.986178 -0.37636 0)
(0.938871 -0.49951 0)
(0.884185 -0.663014 0)
(0.825165 -0.882383 0)
(0.76816 -1.17488 0)
(0.721165 -1.51539 0)
(0.520741 -1.64356 0)
(-0.25004 -0.805934 8.04452e-17)
(-0.862127 -0.109074 0)
(0 0 0)
(0 0 0)
(0 0 0)
(0 0 0)
(0 0 0)
(0 0 0)
(0 0 0)
(-0.940298 -0.00348191 3.30698e-17)
(-0.908614 -0.0561809 7.22486e-16)
(-0.839846 -0.102463 0)
(-0.653257 -0.0604586 0)
(-0.423277 0.0550791 0)
(-0.168709 0.215906 0)
(0.0754764 0.381269 0)
(0.312724 0.535756 0)
(0.534134 0.661934 0)
(0.731082 0.747799 0)
(0.899011 0.793466 0)
(1.03883 0.80013 0)
(1.15586 0.777739 0)
(1.25127 0.732572 0)
(1.32422 0.670249 0)
(1.37732 0.596589 0)
(1.41281 0.51733 0)
(1.43343 0.436968 0)
(1.44107 0.359219 0)
(1.43845 0.287148 0)
(1.42855 0.223319 0)
(1.41382 0.168636 0)
(1.39616 0.122804 0)
(1.37736 0.0859319 0)
(1.35868 0.05718 0)
(1.341 0.0353242 0)
(1.32487 0.0191685 0)
(1.31059 0.00757887 0)
(1.29825 -0.000406691 0)
(1.28781 -0.00558883 0)
(1.27917 -0.00864458 0)
(1.27213 -0.0101492 0)
(1.26647 -0.0105713 0)
(1.26202 -0.0102677 0)
(1.25852 -0.00950281 0)
(1.25586 -0.00849658 0)
(1.25376 -0.00734135 0)
(1.25233 -0.00629206 0)
(1.25069 -0.00491357 0)
(1.00038 0.00305502 0)
(1.00269 0.00934072 0)
(1.00799 0.015174 0)
(1.01569 0.0199081 0)
(1.02499 0.0232091 0)
(1.0352 0.0249608 0)
(1.04577 0.0251278 0)
(1.05618 0.0236804 0)
(1.06584 0.0205877 0)
(1.07427 0.0157967 0)
(1.08097 0.00921661 0)
(1.08543 0.000613349 0)
(1.08705 -0.0103751 0)
(1.08515 -0.024286 0)
(1.07892 -0.0418539 0)
(1.06736 -0.0640789 0)
(1.04926 -0.0923325 0)
(1.02309 -0.128513 0)
(0.986986 -0.175272 0)
(0.93862 -0.236346 0)
(0.875168 -0.317085 0)
(0.793371 -0.425348 0)
(0.689452 -0.572659 0)
(0.559282 -0.775388 0)
(0.404776 -1.04362 7.0969e-33)
(0.171952 -1.28577 -7.05141e-33)
(-0.348238 -0.962925 3.54552e-17)
(-0.843526 -0.214303 5.08864e-17)
(0 0 0)
(0 0 0)
(0 0 0)
(0 0 0)
(0 0 0)
(0 0 0)
(0 0 0)
(0 0 0)
(0 0 0)
(-0.893979 -0.0518999 1.80784e-17)
(-0.987027 -0.171481 1.64443e-16)
(-0.966215 -0.195554 0)
(-0.880048 -0.131669 0)
(-0.738666 0.0134054 0)
(-0.577261 0.171908 0)
(-0.395664 0.320289 0)
(-0.199847 0.447242 0)
(0.00137514 0.543792 0)
(0.201134 0.606691 0)
(0.391034 0.635266 0)
(0.566698 0.634798 0)
(0.725264 0.611662 0)
(0.863893 0.57126 0)
(0.981209 0.518571 0)
(1.0778 0.458482 0)
(1.15492 0.395247 0)
(1.21409 0.332405 0)
(1.25719 0.272727 0)
(1.28671 0.218375 0)
(1.30535 0.170597 0)
(1.31557 0.129824 0)
(1.3195 0.0960079 0)
(1.31904 0.0686596 0)
(1.31572 0.0470781 0)
(1.31069 0.0304369 0)
(1.30479 0.0179542 0)
(1.29869 0.00886647 0)
(1.29271 0.00252522 0)
(1.28713 -0.00169958 0)
(1.28209 -0.00430641 0)
(1.27764 -0.00574108 0)
(1.27382 -0.00633599 0)
(1.2706 -0.00634891 0)
(1.26797 -0.00599021 0)
(1.26572 -0.00538151 0)
(1.26413 -0.00473845 0)
(1.26212 -0.00379994 0)
(1.0003 0.00186503 0)
(1.00214 0.00572573 0)
(1.00643 0.00935681 0)
(1.01273 0.0123477 0)
(1.02045 0.0144563 0)
(1.02902 0.0155774 0)
(1.03791 0.0156637 0)
(1.04663 0.0146722 0)
(1.05458 0.0125631 0)
(1.06124 0.0092778 0)
(1.06605 0.00475029 0)
(1.06843 -0.00117588 0)
(1.06767 -0.00878889 0)
(1.06291 -0.0184727 0)
(1.05314 -0.0307674 0)
(1.03709 -0.0464106 0)
(1.01311 -0.0664248 0)
(0.979112 -0.0922432 0)
(0.932333 -0.125896 0)
(0.869147 -0.170301 0)
(0.784732 -0.229726 0)
(0.672635 -0.310539 0)
(0.524215 -0.4224 0)
(0.330336 -0.578212 0)
(0.074712 -0.776408 0)
(-0.341301 -0.881729 0)
(-0.776588 -0.518021 -1.95761e-17)
(0 0 0)
(0 0 0)
(0 0 0)
(0 0 0)
(0 0 0)
(0 0 0)
(0 0 0)
(0 0 0)
(0 0 0)
(0 0 0)
(0 0 0)
(-0.997433 -0.160628 0)
(-1.07671 -0.212297 0)
(-1.10409 -0.178855 0)
(-1.08314 -0.0736191 0)
(-1.01745 0.0470832 0)
(-0.905957 0.164416 0)
(-0.755715 0.267 0)
(-0.576875 0.347325 0)
(-0.379112 0.402996 0)
(-0.173138 0.434018 0)
(0.0320354 0.443263 0)
(0.229641 0.435037 0)
(0.414325 0.413034 0)
(0.58224 0.380902 0)
(0.730495 0.341862 0)
(0.857931 0.29906 0)
(0.964778 0.255549 0)
(1.05172 0.213449 0)
(1.12049 0.17428 0)
(1.17342 0.139089 0)
(1.21299 0.108415 0)
(1.24156 0.0824233 0)
(1.26136 0.0609562 0)
(1.27436 0.0436439 0)
(1.28223 0.0300071 0)
(1.28633 0.0195155 0)
(1.28775 0.0116466 0)
(1.28737 0.00592844 0)
(1.28585 0.00194175 0)
(1.28366 -0.000691997 0)
(1.2811 -0.00233918 0)
(1.27847 -0.00325073 0)
(1.27595 -0.00363791 0)
(1.2737 -0.00366038 0)
(1.27161 -0.00342918 0)
(1.27004 -0.00309881 0)
(1.26791 -0.00254683 0)
(1.00026 0.000883003 0)
(1.00184 0.00271618 0)
(1.00556 0.00445821 0)
(1.01109 0.00590698 0)
(1.01791 0.00693374 0)
(1.02553 0.00747893 0)
(1.03345 0.00751332 0)
(1.04118 0.00700882 0)
(1.0481 0.00593852 0)
(1.05368 0.00425837 0)
(1.0573 0.00190019 0)
(1.05829 -0.00106818 0)
(1.056 -0.00497088 0)
(1.04937 -0.0099459 0)
(1.03728 -0.0162794 0)
(1.01826 -0.0243635 0)
(0.990421 -0.0347444 0)
(0.951246 -0.0481925 0)
(0.897389 -0.0658083 0)
(0.824307 -0.0891876 0)
(0.725742 -0.120692 0)
(0.592943 -0.163895 0)
(0.413819 -0.224223 0)
(0.17497 -0.30834 0)
(-0.168722 -0.411936 3.98462e-32)
(-0.665957 -0.423474 -3.42984e-32)
(-0.950096 -0.177766 -9.89052e-17)
(0 0 0)
(0 0 0)
(0 0 0)
(0 0 0)
(0 0 0)
(0 0 0)
(0 0 0)
(0 0 0)
(0 0 0)
(0 0 0)
(0 0 0)
(-0.725251 -0.0683069 0)
(-1.04213 -0.128615 0)
(-1.20141 -0.117173 0)
(-1.26365 -0.0599493 0)
(-1.27063 0.000571277 0)
(-1.21852 0.0632249 0)
(-1.10824 0.122136 0)
(-0.953343 0.168536 0)
(-0.76432 0.201719 0)
(-0.553979 0.221638 0)
(-0.334109 0.229828 0)
(-0.114994 0.228498 0)
(0.0968747 0.21928 0)
(0.295269 0.204065 0)
(0.477604 0.184391 0)
(0.637432 0.162143 0)
(0.776786 0.139529 0)
(0.894331 0.117675 0)
(0.991071 0.097091 0)
(1.06904 0.0783291 0)
(1.13047 0.0617744 0)
(1.17766 0.0475888 0)
(1.21297 0.0357428 0)
(1.23862 0.0260799 0)
(1.25657 0.0183729 0)
(1.26855 0.0123597 0)
(1.27599 0.00778242 0)
(1.28009 0.00439441 0)
(1.2818 0.00199923 0)
(1.28196 0.000471685 0)
(1.28113 -0.000588923 0)
(1.27965 -0.00123522 0)
(1.27784 -0.00157262 0)
(1.27599 -0.0016883 0)
(1.27412 -0.00164225 0)
(1.27265 -0.00151553 0)
(1.27053 -0.00126842 0)
(1.00025 2.57065e-06 0)
(1.0017 2.40323e-07 0)
(1.00525 3.21248e-07 0)
(1.01054 1.14247e-06 0)
(1.01708 1.58099e-06 0)
(1.02439 1.77835e-06 0)
(1.032 1.9421e-06 0)
(1.0394 2.20279e-06 0)
(1.046 2.57336e-06 0)
(1.05122 3.07114e-06 0)
(1.05453 3.76999e-06 0)
(1.05489 4.35153e-06 0)
(1.05208 4.84818e-06 0)
(1.04481 5.41587e-06 0)
(1.03192 5.73942e-06 0)
(1.01188 5.76619e-06 0)
(0.982691 5.64073e-06 0)
(0.941713 5.12622e-06 0)
(0.885384 4.44951e-06 0)
(0.808834 3.08358e-06 0)
(0.705285 1.15463e-06 0)
(0.565165 -1.946e-06 0)
(0.375298 -6.20746e-06 0)
(0.120238 -1.37327e-05 0)
(-0.257298 -3.49494e-05 0)
(-0.751729 -3.142e-05 0)
(-0.940384 -1.67201e-05 0)
(0 0 0)
(0 0 0)
(0 0 0)
(0 0 0)
(0 0 0)
(0 0 0)
(0 0 0)
(0 0 0)
(0 0 0)
(0 0 0)
(0 0 0)
(-0.815767 8.40803e-05 0)
(-1.06257 0.000165546 0)
(-1.23673 0.000187098 0)
(-1.3218 0.000178662 0)
(-1.35075 0.000154879 0)
(-1.32999 0.000125827 0)
(-1.23255 8.53232e-05 0)
(-1.08881 4.14304e-05 0)
(-0.904163 -1.4392e-06 0)
(-0.693583 -3.86024e-05 0)
(-0.469339 -6.8057e-05 0)
(-0.242835 -8.88321e-05 0)
(-0.0215508 -0.000101628 0)
(0.188224 -0.00010632 0)
(0.388707 -9.85797e-05 0)
(0.553955 -8.5247e-05 0)
(0.70578 -7.41729e-05 0)
(0.83495 -5.76315e-05 0)
(0.942111 -4.49893e-05 0)
(1.02943 -3.16075e-05 0)
(1.09903 -2.03697e-05 0)
(1.1532 -1.17493e-05 0)
(1.19434 -5.56702e-06 0)
(1.22473 -1.52484e-06 0)
(1.24649 7.7127e-07 0)
(1.26145 1.70664e-06 0)
(1.27118 1.68647e-06 0)
(1.27699 1.11431e-06 0)
(1.27997 3.35703e-07 0)
(1.2809 -4.19932e-07 0)
(1.28069 -7.31164e-07 0)
(1.27972 -1.12755e-06 0)
(1.27823 -1.24355e-06 0)
(1.27657 -1.27205e-06 0)
(1.27481 -1.18934e-06 0)
(1.27338 -1.05074e-06 0)
(1.27127 -8.76504e-07 0)
(1.00027 -0.000879138 0)
(1.00184 -0.00271438 0)
(1.00556 -0.00445768 0)
(1.01109 -0.00590457 0)
(1.01791 -0.00693053 0)
(1.02553 -0.00747535 0)
(1.03345 -0.00750944 0)
(1.04118 -0.00700443 0)
(1.0481 -0.00593342 0)
(1.05368 -0.00425227 0)
(1.0573 -0.00189316 0)
(1.05829 0.00107674 0)
(1.056 0.00498074 0)
(1.04937 0.00995686 0)
(1.03728 0.016291 0)
(1.01826 0.0243754 0)
(0.990421 0.034756 0)
(0.951247 0.0482033 0)
(0.897389 0.0658175 0)
(0.824308 0.0891944 0)
(0.725741 0.120694 0)
(0.592942 0.163892 0)
(0.413815 0.224211 0)
(0.174966 0.308313 0)
(-0.168736 0.411873 0)
(-0.665967 0.423364 0)
(-0.95009 0.177726 9.88876e-17)
(0 0 0)
(0 0 0)
(0 0 0)
(0 0 0)
(0 0 0)
(0 0 0)
(0 0 0)
(0 0 0)
(0 0 0)
(0 0 0)
(0 0 0)
(-0.725313 0.0684868 0)
(-1.04222 0.128947 0)
(-1.2015 0.117545 0)
(-1.26373 0.0602987 0)
(-1.27071 -0.000260692 0)
(-1.21856 -0.0629854 0)
(-1.10825 -0.121983 0)
(-0.953323 -0.168469 0)
(-0.764268 -0.201733 0)
(-0.553902 -0.221719 0)
(-0.334015 -0.229962 0)
(-0.114889 -0.22867 0)
(0.0969838 -0.219474 0)
(0.295373 -0.204261 0)
(0.477726 -0.184604 0)
(0.637512 -0.162306 0)
(0.776859 -0.139667 0)
(0.894391 -0.117784 0)
(0.991117 -0.0971721 0)
(1.06908 -0.0783848 0)
(1.13049 -0.0618095 0)
(1.17767 -0.047608 0)
(1.21298 -0.0357511 0)
(1.23863 -0.026081 0)
(1.25658 -0.0183704 0)
(1.26856 -0.0123557 0)
(1.27599 -0.00777879 0)
(1.28009 -0.00439202 0)
(1.28181 -0.00199837 0)
(1.28196 -0.000472321 0)
(1.28113 0.000587347 0)
(1.27965 0.001233 0)
(1.27784 0.00157016 0)
(1.27599 0.00168585 0)
(1.27413 0.00163998 0)
(1.27265 0.00151353 0)
(1.27053 0.00126676 0)
(1.00031 -0.00186419 0)
(1.00214 -0.00572147 0)
(1.00643 -0.00935666 0)
(1.01273 -0.0123446 0)
(1.02045 -0.0144529 0)
(1.02902 -0.0155737 0)
(1.03791 -0.0156598 0)
(1.04663 -0.0146678 0)
(1.05458 -0.012558 0)
(1.06124 -0.00927187 0)
(1.06605 -0.00474321 0)
(1.06843 0.00118434 0)
(1.06767 0.00879862 0)
(1.06291 0.0184837 0)
(1.05314 0.0307793 0)
(1.03709 0.046423 0)
(1.01311 0.0664372 0)
(0.979113 0.0922551 0)
(0.932334 0.125907 0)
(0.869147 0.170309 0)
(0.784732 0.22973 0)
(0.672633 0.310538 0)
(0.52421 0.422391 0)
(0.330327 0.578188 0)
(0.074693 0.776349 0)
(-0.341337 0.881654 0)
(-0.776608 0.517971 1.95759e-17)
(0 0 0)
(0 0 0)
(0 0 0)
(0 0 0)
(0 0 0)
(0 0 0)
(0 0 0)
(0 0 0)
(0 0 0)
(0 0 0)
(0 0 0)
(-0.997559 0.160943 0)
(-1.07685 0.212662 0)
(-1.10425 0.179228 0)
(-1.08329 0.0739669 0)
(-1.01758 -0.0467974 0)
(-0.906024 -0.164223 0)
(-0.755725 -0.266895 0)
(-0.576824 -0.347306 0)
(-0.379006 -0.403051 0)
(-0.172992 -0.434133 0)
(0.032212 -0.443422 0)
(0.229834 -0.435223 0)
(0.414523 -0.413231 0)
(0.582432 -0.381096 0)
(0.730668 -0.342038 0)
(0.858083 -0.299212 0)
(0.964905 -0.25567 0)
(1.05182 -0.21354 0)
(1.12056 -0.174343 0)
(1.17348 -0.13913 0)
(1.21303 -0.108437 0)
(1.24159 -0.0824329 0)
(1.26138 -0.0609577 0)
(1.27437 -0.0436407 0)
(1.28224 -0.0300019 0)
(1.28633 -0.0195102 0)
(1.28776 -0.0116423 0)
(1.28738 -0.00592576 0)
(1.28586 -0.00194074 0)
(1.28366 0.000691627 0)
(1.2811 0.00233783 0)
(1.27847 0.00324879 0)
(1.27595 0.00363575 0)
(1.2737 0.00365826 0)
(1.27161 0.00342723 0)
(1.27004 0.00309713 0)
(1.26791 0.00254546 0)
(1.00038 -0.00305517 0)
(1.00269 -0.00933574 0)
(1.00799 -0.0151739 0)
(1.01569 -0.0199048 0)
(1.02499 -0.0232056 0)
(1.0352 -0.024957 0)
(1.04577 -0.025124 0)
(1.05618 -0.0236761 0)
(1.06584 -0.0205828 0)
(1.07427 -0.015791 0)
(1.08097 -0.00920962 0)
(1.08543 -0.000605058 0)
(1.08705 0.0103847 0)
(1.08515 0.0242969 0)
(1.07892 0.041866 0)
(1.06736 0.064092 0)
(1.04926 0.092346 0)
(1.02309 0.128526 0)
(0.986988 0.175284 0)
(0.938621 0.236355 0)
(0.875169 0.317092 0)
(0.79337 0.42535 0)
(0.689449 0.572655 0)
(0.559273 0.775375 0)
(0.404755 1.04358 0)
(0.171898 1.28569 0)
(-0.348295 0.96286 -3.54543e-17)
(-0.843541 0.214288 -5.08861e-17)
(0 0 0)
(0 0 0)
(0 0 0)
(0 0 0)
(0 0 0)
(0 0 0)
(0 0 0)
(0 0 0)
(0 0 0)
(-0.894083 0.0520763 -1.78158e-17)
(-0.987272 0.171831 -1.6611e-16)
(-0.966458 0.195944 0)
(-0.88029 0.132051 0)
(-0.738864 -0.0130869 0)
(-0.577386 -0.17168 0)
(-0.395702 -0.320158 0)
(-0.199801 -0.447204 0)
(0.00150242 -0.543839 0)
(0.201326 -0.606803 0)
(0.391272 -0.635423 0)
(0.56696 -0.634981 0)
(0.725534 -0.611858 0)
(0.864155 -0.571452 0)
(0.981451 -0.518748 0)
(1.07801 -0.458635 0)
(1.15511 -0.395369 0)
(1.21424 -0.332495 0)
(1.25731 -0.272788 0)
(1.28679 -0.218412 0)
(1.30541 -0.170615 0)
(1.31561 -0.129829 0)
(1.31953 -0.096005 0)
(1.31906 -0.0686527 0)
(1.31573 -0.0470697 0)
(1.3107 -0.0304291 0)
(1.3048 -0.0179476 0)
(1.2987 -0.00886206 0)
(1.29272 -0.00252227 0)
(1.28714 0.00170092 0)
(1.2821 0.00430642 0)
(1.27764 0.00574015 0)
(1.27383 0.00633451 0)
(1.2706 0.00634722 0)
(1.26797 0.00598859 0)
(1.26573 0.00538004 0)
(1.26413 0.00473724 0)
(1.26212 0.00379899 0)
(1.00051 -0.00459396 0)
(1.00356 -0.0139634 0)
(1.0105 -0.0225024 0)
(1.02038 -0.029275 0)
(1.03208 -0.0339172 0)
(1.04476 -0.0363589 0)
(1.05777 -0.0366204 0)
(1.07056 -0.0347221 0)
(1.08255 -0.0306705 0)
(1.09328 -0.0244456 0)
(1.10234 -0.0159512 0)
(1.1093 -0.00495443 0)
(1.11376 0.00898528 0)
(1.11524 0.0264919 0)
(1.1132 0.0484211 0)
(1.10701 0.0759211 0)
(1.09595 0.110548 0)
(1.07921 0.154424 0)
(1.05589 0.210445 0)
(1.02511 0.282586 0)
(0.98618 0.376368 0)
(0.938872 0.499514 0)
(0.884187 0.663014 0)
(0.825156 0.882369 0)
(0.768173 1.17486 0)
(0.721107 1.51533 0)
(0.520735 1.64345 0)
(-0.250071 0.805898 -8.04462e-17)
(-0.862131 0.109055 0)
(0 0 0)
(0 0 0)
(0 0 0)
(0 0 0)
(0 0 0)
(0 0 0)
(0 0 0)
(-0.940405 0.00357893 -3.31145e-17)
(-0.909004 0.0565439 -7.22509e-16)
(-0.840207 0.102894 0)
(-0.653612 0.0608799 0)
(-0.423574 -0.0547335 0)
(-0.16885 -0.215678 0)
(0.0754313 -0.381135 0)
(0.312806 -0.535721 0)
(0.534325 -0.661991 0)
(0.731355 -0.747924 0)
(0.899328 -0.793634 0)
(1.03917 -0.800312 0)
(1.1562 -0.777928 0)
(1.25159 -0.732757 0)
(1.32451 -0.670418 0)
(1.37757 -0.596736 0)
(1.41302 -0.517449 0)
(1.4336 -0.437051 0)
(1.4412 -0.359268 0)
(1.43855 -0.287176 0)
(1.42862 -0.223329 0)
(1.41387 -0.168633 0)
(1.39619 -0.122794 0)
(1.37739 -0.0859178 0)
(1.35869 -0.0571663 0)
(1.34101 -0.0353124 0)
(1.32488 -0.0191591 0)
(1.3106 -0.00757171 0)
(1.29826 0.000411694 0)
(1.28782 0.00559205 0)
(1.27918 0.00864633 0)
(1.27213 0.0101498 0)
(1.26648 0.010571 0)
(1.26202 0.0102669 0)
(1.25853 0.00950174 0)
(1.25587 0.00849557 0)
(1.25376 0.00734047 0)
(1.25234 0.00629141 0)
(1.2507 0.00491312 0)
(1.00071 -0.00668984 0)
(1.00495 -0.0201895 0)
(1.01444 -0.032145 0)
(1.02761 -0.0413374 0)
(1.0428 -0.0474751 0)
(1.0589 -0.05062 0)
(1.07511 -0.0508881 0)
(1.09081 -0.0484188 0)
(1.10546 -0.0432889 0)
(1.11858 -0.035558 0)
(1.12987 -0.0252238 0)
(1.13911 -0.0120691 0)
(1.14612 0.00437812 0)
(1.15071 0.0247779 0)
(1.15268 0.0500284 0)
(1.15183 0.0813044 0)
(1.14801 0.120174 0)
(1.14111 0.168757 0)
(1.1312 0.229868 0)
(1.11864 0.307187 0)
(1.10443 0.405604 0)
(1.09078 0.53165 0)
(1.0819 0.693993 0)
(1.08558 0.904031 0)
(1.11452 1.17604 0)
(1.18489 1.51594 0)
(1.27096 1.84255 0)
(1.10723 1.78733 0)
(0.290244 0.936348 -6.8092e-17)
(-0.585868 0.211275 0)
(0 0 0)
(0 0 0)
(0 0 0)
(0 0 0)
(0 0 0)
(-0.700924 -0.0442196 -9.86719e-18)
(-0.599394 -0.115169 0)
(-0.505974 -0.123217 0)
(-0.242243 -0.165651 0)
(0.0679958 -0.247932 0)
(0.386381 -0.365559 0)
(0.694208 -0.507728 0)
(0.961736 -0.648133 0)
(1.18712 -0.772986 0)
(1.36034 -0.862224 0)
(1.48926 -0.907307 0)
(1.57898 -0.91483 0)
(1.64101 -0.892767 0)
(1.68045 -0.849343 0)
(1.69936 -0.7823 0)
(1.69779 -0.698975 0)
(1.68208 -0.608146 0)
(1.65586 -0.515285 0)
(1.6214 -0.423382 0)
(1.5818 -0.336304 0)
(1.54107 -0.258779 0)
(1.4999 -0.192697 0)
(1.46009 -0.137544 0)
(1.42287 -0.0932821 0)
(1.38898 -0.0586535 0)
(1.35881 -0.0324263 0)
(1.33257 -0.0133468 0)
(1.31022 -6.15336e-05 0)
(1.2916 0.00865408 0)
(1.27645 0.0138635 0)
(1.26438 0.0165103 0)
(1.25494 0.0173524 0)
(1.24769 0.0169807 0)
(1.2422 0.0158465 0)
(1.23813 0.014283 0)
(1.23516 0.0125168 0)
(1.23304 0.0107339 0)
(1.23152 0.00897437 0)
(1.23055 0.00749196 0)
(1.22962 0.00569949 0)
(1.00105 -0.0097166 0)
(1.00729 -0.0289595 0)
(1.02081 -0.0452938 0)
(1.03892 -0.0573181 0)
(1.05896 -0.064984 0)
(1.07931 -0.0685568 0)
(1.09908 -0.0684509 0)
(1.11759 -0.0650253 0)
(1.13429 -0.0584179 0)
(1.14869 -0.0488451 0)
(1.16079 -0.0364963 0)
(1.17077 -0.0212478 0)
(1.17884 -0.0026834 0)
(1.18518 0.0198185 0)
(1.18998 0.0471692 0)
(1.19349 0.0804987 0)
(1.19606 0.121276 0)
(1.19827 0.171481 0)
(1.20097 0.233601 0)
(1.20549 0.310671 0)
(1.21402 0.406544 0)
(1.23014 0.526002 0)
(1.25955 0.674791 0)
(1.3114 0.859506 0)
(1.40043 1.08709 0)
(1.54737 1.36346 0)
(1.76957 1.68146 0)
(2.00199 1.8415 0)
(2.00472 1.73949 0)
(1.5235 1.25047 4.17326e-17)
(0.883188 0.609004 2.78848e-16)
(0.271743 0.0854615 0)
(-0.2838 0.0436932 0)
(-0.079082 -0.0291742 7.24496e-18)
(0.102623 -0.303157 -3.8973e-16)
(0.197918 -0.393087 -1.0992e-16)
(0.368382 -0.443594 0)
(0.670434 -0.474965 0)
(0.982635 -0.526691 0)
(1.27866 -0.595816 0)
(1.5422 -0.680662 0)
(1.76423 -0.77452 0)
(1.92465 -0.857964 0)
(2.03418 -0.923859 0)
(2.09831 -0.957072 0)
(2.12535 -0.961357 0)
(2.1173 -0.945753 0)
(2.08884 -0.901571 0)
(2.04246 -0.835282 0)
(1.97684 -0.748676 0)
(1.90844 -0.650811 0)
(1.83281 -0.551332 0)
(1.75562 -0.453201 0)
(1.68015 -0.36171 0)
(1.6087 -0.278838 0)
(1.54245 -0.205528 0)
(1.48201 -0.142912 0)
(1.42798 -0.0917351 0)
(1.38069 -0.0517396 0)
(1.3402 -0.0218974 0)
(1.3062 -0.000727291 0)
(1.27836 0.0133028 0)
(1.25612 0.0217913 0)
(1.23865 0.026178 0)
(1.22522 0.0276197 0)
(1.2151 0.0270999 0)
(1.20766 0.0253495 0)
(1.20231 0.0229044 0)
(1.19858 0.0201462 0)
(1.19607 0.017333 0)
(1.19447 0.0146205 0)
(1.19351 0.0121395 0)
(1.19297 0.00987713 0)
(1.19275 0.00805215 0)
(1.19268 0.0059881 0)
(1.0017 -0.0143679 0)
(1.01151 -0.0418991 0)
(1.03164 -0.0638401 0)
(1.05695 -0.0788965 0)
(1.08281 -0.0875803 0)
(1.10728 -0.0906972 0)
(1.12914 -0.0891068 0)
(1.14801 -0.0835558 0)
(1.16356 -0.0745807 0)
(1.17594 -0.0624208 0)
(1.1855 -0.0477177 0)
(1.19311 -0.0303939 0)
(1.1995 -0.0101042 0)
(1.20523 0.013675 0)
(1.2108 0.041823 0)
(1.21682 0.07539 0)
(1.22423 0.115622 0)
(1.23419 0.164142 0)
(1.24805 0.223135 0)
(1.26773 0.294962 0)
(1.29604 0.382418 0)
(1.33702 0.488598 0)
(1.39645 0.61664 0)
(1.48268 0.769177 0)
(1.60791 0.947275 -1.54287e-32)
(1.7884 1.14899 1.44181e-32)
(2.05091 1.36955 0)
(2.37891 1.56783 0)
(2.68927 1.61519 0)
(2.88595 1.49896 0)
(2.92627 1.21992 0)
(2.7799 0.771374 0)
(2.56616 0.312891 0)
(2.38208 -0.0928745 0)
(2.2907 -0.382649 0)
(2.26366 -0.537039 0)
(2.28006 -0.614458 0)
(2.34971 -0.671747 0)
(2.44635 -0.72244 0)
(2.5436 -0.774764 0)
(2.62094 -0.828257 0)
(2.66313 -0.878375 0)
(2.66582 -0.911931 0)
(2.63933 -0.945594 0)
(2.58329 -0.951857 0)
(2.4953 -0.927955 0)
(2.40565 -0.880342 0)
(2.29555 -0.814355 0)
(2.17648 -0.734113 0)
(2.05422 -0.646692 0)
(1.93403 -0.554394 0)
(1.81762 -0.458617 0)
(1.70747 -0.364675 0)
(1.60541 -0.277111 0)
(1.51311 -0.199089 0)
(1.43204 -0.13259 0)
(1.36299 -0.0784788 0)
(1.30582 -0.0364849 0)
(1.25955 -0.00552501 0)
(1.22293 0.0159192 0)
(1.19469 0.0293537 0)
(1.17359 0.0366346 0)
(1.15812 0.0396746 0)
(1.14705 0.0395965 0)
(1.13935 0.0374441 0)
(1.13425 0.0341597 0)
(1.1311 0.0302438 0)
(1.12936 0.026127 0)
(1.12863 0.022119 0)
(1.12856 0.0184142 0)
(1.12891 0.0150999 0)
(1.12947 0.0122332 0)
(1.13014 0.00974509 0)
(1.13077 0.00780212 0)
(1.13158 0.00570999 0)
(1.00297 -0.0219858 0)
(1.01956 -0.0615605 0)
(1.05045 -0.0902666 0)
(1.0843 -0.107619 0)
(1.11368 -0.115237 0)
(1.13767 -0.114985 0)
(1.15543 -0.109251 0)
(1.16795 -0.0998 0)
(1.17657 -0.086111 0)
(1.18271 -0.0698165 0)
(1.18521 -0.0530852 0)
(1.18663 -0.0353065 0)
(1.18788 -0.0150876 0)
(1.18992 0.0082308 0)
(1.19377 0.0353087 0)
(1.20059 0.0669836 0)
(1.21163 0.103887 0)
(1.22761 0.147859 0)
(1.25135 0.200806 0)
(1.28445 0.263973 0)
(1.32982 0.339201 0)
(1.39133 0.428287 0)
(1.4741 0.532375 0)
(1.58479 0.651611 0)
(1.73191 0.784022 0)
(1.92538 0.923725 0)
(2.17934 1.06108 0)
(2.50334 1.17374 0)
(2.87215 1.2247 0)
(3.20873 1.17488 0)
(3.46181 0.984166 0)
(3.65094 0.673211 0)
(3.68392 0.325941 0)
(3.66252 0.00697501 0)
(3.59117 -0.255657 0)
(3.4992 -0.441126 0)
(3.41473 -0.562102 0)
(3.35027 -0.6435 0)
(3.2965 -0.705088 0)
(3.23814 -0.751715 0)
(3.16568 -0.786842 0)
(3.08122 -0.812243 0)
(2.99085 -0.829519 0)
(2.8721 -0.834452 0)
(2.73466 -0.819382 0)
(2.58423 -0.789063 0)
(2.42501 -0.742768 0)
(2.25972 -0.67811 0)
(2.09257 -0.598714 0)
(1.92728 -0.509869 0)
(1.76761 -0.417087 0)
(1.6192 -0.326288 0)
(1.48654 -0.242129 0)
(1.37238 -0.167908 0)
(1.27762 -0.105373 0)
(1.20157 -0.0548633 0)
(1.14262 -0.015999 0)
(1.09842 0.0123553 0)
(1.06661 0.0315681 0)
(1.0447 0.0431957 0)
(1.03088 0.0490974 0)
(1.02193 0.0500999 0)
(1.01742 0.0485569 0)
(1.01568 0.0451797 0)
(1.01585 0.0405349 0)
(1.01733 0.0354153 0)
(1.01956 0.0302683 0)
(1.02214 0.0253779 0)
(1.02476 0.0209578 0)
(1.02726 0.0170719 0)
(1.02955 0.0137281 0)
(1.03155 0.0109224 0)
(1.03331 0.00856152 0)
(1.03469 0.0067528 0)
(1.03626 0.00488999 0)
(1.00553 -0.0364539 0)
(1.03514 -0.0924178 0)
(1.0792 -0.126511 0)
(1.11378 -0.139901 0)
(1.1345 -0.140482 0)
(1.149 -0.131695 0)
(1.15325 -0.118819 0)
(1.15116 -0.10503 0)
(1.14465 -0.0895151 0)
(1.13569 -0.0721088 0)
(1.12607 -0.0529462 0)
(1.11735 -0.0332618 0)
(1.11085 -0.0133926 0)
(1.10769 0.00773046 0)
(1.10929 0.031034 0)
(1.11692 0.0575585 0)
(1.13176 0.0883305 0)
(1.15495 0.124461 0)
(1.18847 0.167075 0)
(1.23455 0.217492 0)
(1.29583 0.276868 0)
(1.37562 0.346013 0)
(1.47786 0.425222 0)
(1.60722 0.513464 0)
(1.76904 0.607674 0)
(1.96857 0.701683 0)
(2.21038 0.785519 0)
(2.49757 0.843403 0)
(2.82345 0.854257 0)
(3.16069 0.800639 0)
(3.4599 0.666467 0)
(3.68806 0.453693 0)
(3.82518 0.215234 0)
(3.89426 -0.0191171 0)
(3.87078 -0.227584 0)
(3.81179 -0.382288 0)
(3.72418 -0.490638 0)
(3.62567 -0.564412 0)
(3.51897 -0.614715 0)
(3.40173 -0.653978 0)
(3.2732 -0.683138 0)
(3.12935 -0.702358 0)
(2.96736 -0.707323 0)
(2.78697 -0.695253 0)
(2.5906 -0.665552 0)
(2.38179 -0.619099 0)
(2.16499 -0.557869 0)
(1.94664 -0.484638 0)
(1.73477 -0.404033 0)
(1.53844 -0.32247 0)
(1.36464 -0.245381 0)
(1.21747 -0.176032 0)
(1.09822 -0.116131 0)
(1.00541 -0.0663922 0)
(0.936456 -0.0267474 0)
(0.887539 0.00368283 0)
(0.855079 0.0256107 0)
(0.835668 0.0402344 0)
(0.826177 0.0488472 0)
(0.823756 0.0524 0)
(0.825842 0.0521894 0)
(0.831072 0.0501232 0)
(0.837956 0.046309 0)
(0.84557 0.0412487 0)
(0.853365 0.0358183 0)
(0.860818 0.0304686 0)
(0.867629 0.025463 0)
(0.873671 0.020949 0)
(0.878895 0.0170062 0)
(0.883314 0.0136374 0)
(0.886992 0.0108086 0)
(0.889995 0.00848045 0)
(0.89246 0.00656744 0)
(0.894307 0.00510737 0)
(0.896288 0.00368189 0)
(1.01278 -0.073007 0)
(1.0604 -0.145886 0)
(1.09806 -0.163097 0)
(1.11263 -0.159422 0)
(1.10785 -0.149944 0)
(1.09259 -0.134095 0)
(1.06932 -0.113165 0)
(1.04095 -0.0908251 0)
(1.01137 -0.0700865 0)
(0.984367 -0.0517276 0)
(0.961726 -0.0350813 0)
(0.944565 -0.0197079 0)
(0.933375 -0.00489465 0)
(0.928603 0.0101311 0)
(0.93102 0.0267047 0)
(0.941654 0.0453556 0)
(0.961584 0.0668782 0)
(0.992211 0.0921184 0)
(1.0353 0.121937 0)
(1.09297 0.157176 0)
(1.16773 0.198521 0)
(1.26243 0.246319 0)
(1.38023 0.300303 0)
(1.52434 0.359201 0)
(1.69775 0.420221 0)
(1.90244 0.478468 0)
(2.13837 0.526592 0)
(2.40247 0.554505 0)
(2.68652 0.549947 0)
(2.97543 0.502524 0)
(3.24706 0.405104 0)
(3.46952 0.265234 0)
(3.62266 0.101931 0)
(3.70036 -0.0613545 0)
(3.70868 -0.201727 0)
(3.66043 -0.313384 0)
(3.57031 -0.397179 0)
(3.45276 -0.453999 0)
(3.31345 -0.49009 0)
(3.15244 -0.510448 0)
(2.96832 -0.517148 0)
(2.75746 -0.51084 0)
(2.52647 -0.49221 0)
(2.28057 -0.461049 0)
(2.02571 -0.417665 0)
(1.76987 -0.364572 0)
(1.52462 -0.306089 0)
(1.30059 -0.246412 0)
(1.10531 -0.189355 0)
(0.943944 -0.138441 0)
(0.815465 -0.0948349 0)
(0.717398 -0.0583417 0)
(0.646555 -0.0282571 0)
(0.598266 -0.00417574 0)
(0.568139 0.0141568 0)
(0.553354 0.0279567 0)
(0.55003 0.0366174 0)
(0.55434 0.0417903 0)
(0.564571 0.0437593 0)
(0.578187 0.0435442 0)
(0.593092 0.0413825 0)
(0.608495 0.0379749 0)
(0.623587 0.0338697 0)
(0.637539 0.0294863 0)
(0.650043 0.0251293 0)
(0.660943 0.0210224 0)
(0.670274 0.0172879 0)
(0.678091 0.014015 0)
(0.684566 0.0112321 0)
(0.68983 0.00890544 0)
(0.694057 0.00698266 0)
(0.697409 0.00542018 0)
(0.700065 0.00416218 0)
(0.702041 0.00319361 0)
(0.704031 0.00232852 0)
(1.01389 -0.121567 0)
(1.05187 -0.185988 0)
(1.04006 -0.176863 0)
(0.992824 -0.155654 0)
(0.930878 -0.126516 0)
(0.865815 -0.0943661 0)
(0.808001 -0.067792 0)
(0.75854 -0.0476716 0)
(0.718439 -0.0327476 0)
(0.687493 -0.0213235 0)
(0.664946 -0.0119724 0)
(0.650216 -0.00382998 0)
(0.642863 0.00365311 0)
(0.642649 0.0109536 0)
(0.649834 0.0192671 0)
(0.6653 0.0287624 0)
(0.690054 0.039926 0)
(0.725521 0.0532611 0)
(0.773527 0.0692513 0)
(0.836256 0.0883525 0)
(0.916214 0.110921 0)
(1.01613 0.137091 0)
(1.13875 0.166593 0)
(1.28656 0.198495 0)
(1.46131 0.230865 0)
(1.66311 0.260506 0)
(1.88944 0.282979 0)
(2.13471 0.292456 0)
(2.38837 0.28283 0)
(2.63787 0.248987 0)
(2.86254 0.187703 0)
(3.04174 0.1015 0)
(3.15765 0.00156101 0)
(3.19863 -0.093873 0)
(3.17286 -0.17627 0)
(3.08531 -0.242611 0)
(2.94783 -0.286725 0)
(2.77184 -0.309915 0)
(2.56615 -0.31572 0)
(2.33759 -0.307301 0)
(2.08804 -0.287514 0)
(1.82709 -0.259799 0)
(1.5647 -0.2273 0)
(1.312 -0.19222 0)
(1.08126 -0.156866 0)
(0.879682 -0.123508 0)
(0.7091 -0.0937675 0)
(0.569552 -0.0682384 0)
(0.459762 -0.0467875 0)
(0.37685 -0.0290186 0)
(0.316594 -0.0143722 0)
(0.275636 -0.00250181 0)
(0.251588 0.0068273 0)
(0.242154 0.0144717 0)
(0.242494 0.0200026 0)
(0.251173 0.0241686 0)
(0.265747 0.0261586 0)
(0.283545 0.0268459 0)
(0.303335 0.0263242 0)
(0.323813 0.0249615 0)
(0.343751 0.0229253 0)
(0.362412 0.0204769 0)
(0.379383 0.0178603 0)
(0.394383 0.0152334 0)
(0.407317 0.0127178 0)
(0.418231 0.0104288 0)
(0.427481 0.00840836 0)
(0.434656 0.00673569 0)
(0.440697 0.00533955 0)
(0.44549 0.004199 0)
(0.449261 0.00326331 0)
(0.452205 0.00251065 0)
(0.454489 0.0019174 0)
(0.456207 0.00145609 0)
(0.45783 0.0011172 0)
(0.792557 -0.0206641 0)
(0.750485 -0.0853319 0)
(0.650249 -0.0831084 0)
(0.518666 -0.048402 0)
(0.423872 -0.0241531 0)
(0.362552 -0.012675 0)
(0.320669 -0.00648356 0)
(0.291581 -0.00289966 0)
(0.271986 -0.000838823 0)
(0.259392 0.000400856 0)
(0.252105 0.0013194 0)
(0.249305 0.00213435 0)
(0.250537 0.00296973 0)
(0.255497 0.00400756 0)
(0.264581 0.00527231 0)
(0.278547 0.00680116 0)
(0.298236 0.00870902 0)
(0.32479 0.0111021 0)
(0.359677 0.0140806 0)
(0.404662 0.0177387 0)
(0.461778 0.0221519 0)
(0.533239 0.027335 0)
(0.621245 0.0331911 0)
(0.727612 0.0394144 0)
(0.853313 0.0453917 0)
(0.997673 0.0519793 0)
(1.15886 0.0570622 0)
(1.32954 0.0562203 0)
(1.49863 0.0473084 0)
(1.65217 0.0289275 0)
(1.77488 0.0031152 0)
(1.846 -0.0283512 0)
(1.85172 -0.0529323 0)
(1.8009 -0.0770541 0)
(1.69141 -0.0899652 0)
(1.53819 -0.0970755 0)
(1.35593 -0.0950944 0)
(1.16098 -0.0857935 0)
(0.966131 -0.0719076 0)
(0.782781 -0.0515454 0)
(0.624234 -0.0301313 0)
(0.487785 -0.0158716 0)
(0.373288 -0.00784361 0)
(0.278108 -0.00394977 0)
(0.200025 -0.00229803 0)
(0.137343 -0.00147028 0)
(0.088455 -0.000851893 0)
(0.05174 -0.000301428 0)
(0.0256317 0.000233243 0)
(0.00876808 0.000826712 0)
(-0.00036221 0.00157583 0)
(-0.00304296 0.00214156 0)
(-0.000714873 0.00246053 0)
(0.00586564 0.00283916 0)
(0.0156607 0.00283899 0)
(0.0279521 0.0027547 0)
(0.0416069 0.00279729 0)
(0.0559884 0.00269319 0)
(0.0704153 0.00248774 0)
(0.084315 0.00225927 0)
(0.0972713 0.00201294 0)
(0.109012 0.00177063 0)
(0.119385 0.00156204 0)
(0.128336 0.00145039 0)
(0.135929 0.00146819 0)
(0.142303 0.00136722 0)
(0.147752 0.00115066 0)
(0.151314 0.000928608 0)
(0.154825 0.0006686 0)
(0.157447 0.000521932 0)
(0.159463 0.000401156 0)
(0.161024 0.000304219 0)
(0.16222 0.000229782 0)
(0.163147 0.000167393 0)
(0.164008 0.000188661 0)
)
;

boundaryField
{
    ibCylinder
    {
        type            movingImmersedBoundaryVelocity;
        patchType       immersedBoundary;
        setDeadValue    true;
        deadValue       (0 0 0);
        value           nonuniform List<vector> 0();
    }
    in
    {
        type            fixedValue;
        value           uniform (1 0 0);
    }
    out
    {
        type            inletOutlet;
        inletValue      uniform (0 0 0);
        value           nonuniform List<vector> 
25
(
(0.163998 -0.000188604 0)
(0.457817 -0.00111678 0)
(0.704019 -0.00232775 0)
(0.896278 -0.00368096 0)
(1.03625 -0.00488908 0)
(1.13158 -0.00570921 0)
(1.19268 -0.00598763 0)
(1.22962 -0.00569943 0)
(1.25069 -0.00491357 0)
(1.26212 -0.00379994 0)
(1.26791 -0.00254683 0)
(1.27053 -0.00126842 0)
(1.27127 -8.76504e-07 0)
(1.27053 0.00126676 0)
(1.26791 0.00254546 0)
(1.26212 0.00379899 0)
(1.2507 0.00491312 0)
(1.22962 0.00569949 0)
(1.19268 0.0059881 0)
(1.13158 0.00570999 0)
(1.03626 0.00488999 0)
(0.896288 0.00368189 0)
(0.704031 0.00232852 0)
(0.45783 0.0011172 0)
(0.164008 0.000188661 0)
)
;
    }
    top
    {
        type            fixedValue;
        value           uniform (0 0 0);
    }
    bottom
    {
        type            fixedValue;
        value           uniform (0 0 0);
    }
    frontAndBack
    {
        type            empty;
    }
}


// ************************************************************************* //
