/*--------------------------------*- C++ -*----------------------------------*\
| =========                 |                                                 |
| \\      /  F ield         | OpenFOAM: The Open Source CFD Toolbox           |
|  \\    /   O peration     | Version:  2206                                  |
|   \\  /    A nd           | Website:  www.openfoam.com                      |
|    \\/     M anipulation  |                                                 |
\*---------------------------------------------------------------------------*/
FoamFile
{
    version     2.0;
    format      ascii;
    arch        "LSB;label=32;scalar=64";
    class       surfaceVectorField;
    location    "1";
    object      Uf;
}
// * * * * * * * * * * * * * * * * * * * * * * * * * * * * * * * * * * * * * //

dimensions      [0 1 -1 0 0 0 0];

internalField   nonuniform List<vector> 
3650
(
(0.860241 0.0529981 0)
(0.903224 0.139759 0)
(0.702876 0.0842206 0)
(0.901176 0.157365 0)
(0.570027 0.0657559 0)
(0.845151 0.132849 0)
(0.467785 0.0362783 0)
(0.755743 0.102242 0)
(0.393193 0.0184147 0)
(0.677372 0.0745925 0)
(0.341163 0.00957992 0)
(0.614179 0.0520298 0)
(0.305399 0.00469211 0)
(0.564329 0.0357645 0)
(0.281272 0.00186956 0)
(0.525054 0.0241268 0)
(0.265386 0.000219109 0)
(0.495204 0.0158863 0)
(0.255519 -0.000860062 0)
(0.473433 0.00986536 0)
(0.250488 -0.00172673 0)
(0.458514 0.00503134 0)
(0.24966 -0.00255151 0)
(0.449748 0.000826409 0)
(0.252725 -0.00348767 0)
(0.446687 -0.00306397 0)
(0.259682 -0.00463847 0)
(0.449058 -0.00695838 0)
(0.271158 -0.00603483 0)
(0.457192 -0.0114752 0)
(0.287875 -0.00775284 0)
(0.471908 -0.0167187 0)
(0.310855 -0.00990325 0)
(0.494128 -0.0229795 0)
(0.341412 -0.0125893 0)
(0.525138 -0.0305586 0)
(0.381165 -0.015908 0)
(0.566584 -0.0397523 0)
(0.432016 -0.0199444 0)
(0.620441 -0.050852 0)
(0.49611 -0.0247431 0)
(0.688979 -0.0640949 0)
(0.575692 -0.0302632 0)
(0.774665 -0.0795833 0)
(0.672852 -0.0363037 0)
(0.87998 -0.0971613 0)
(0.789076 -0.0424045 0)
(1.00707 -0.116227 0)
(0.924533 -0.0486853 0)
(1.1573 -0.135457 0)
(1.078 -0.0545168 0)
(1.33038 -0.153471 0)
(1.24512 -0.0566352 0)
(1.52413 -0.167118 0)
(1.41687 -0.0517598 0)
(1.7321 -0.171752 0)
(1.58021 -0.0381177 0)
(1.94349 -0.16334 0)
(1.71881 -0.0160282 0)
(2.14505 -0.1386 0)
(1.815 0.0126058 0)
(2.31878 -0.0961965 0)
(1.85305 0.040634 0)
(2.44398 -0.0380467 0)
(1.82897 0.0649929 0)
(2.50481 0.0240833 0)
(1.74517 0.0835096 0)
(2.49987 0.0837949 0)
(1.61294 0.0935172 0)
(2.43222 0.132229 0)
(1.44462 0.0960834 0)
(2.31183 0.168323 0)
(1.25608 0.0904486 0)
(2.15198 0.188535 0)
(1.0619 0.078859 0)
(1.96652 0.194185 0)
(0.873651 0.0617387 0)
(1.76626 0.188245 0)
(0.702311 0.0408522 0)
(1.5603 0.171339 0)
(0.554118 0.0230093 0)
(1.35626 0.148192 0)
(0.428851 0.0118575 0)
(1.15756 0.125266 0)
(0.324544 0.00589165 0)
(0.969116 0.104307 0)
(0.238491 0.00311712 0)
(0.79517 0.0860515 0)
(0.168377 0.00187898 0)
(0.640745 0.0701144 0)
(0.112702 0.00115869 0)
(0.508604 0.0556738 0)
(0.070064 0.000576384 0)
(0.39886 0.0426379 0)
(0.038797 3.34151e-05 0)
(0.31072 0.0312662 0)
(0.0173238 -0.000531535 0)
(0.242764 0.0214729 0)
(0.0042651 -0.00120118 0)
(0.19287 0.0130582 0)
(-0.00162012 -0.00185785 0)
(0.158171 0.00588494 0)
(-0.00174665 -0.0023005 0)
(0.136346 0.00012634 0)
(0.00258798 -0.0026479 0)
(0.125479 -0.00433493 0)
(0.0108517 -0.00283607 0)
(0.124045 -0.00826392 0)
(0.0218094 -0.00279452 0)
(0.129106 -0.010958 0)
(0.0348087 -0.00277425 0)
(0.139586 -0.0129994 0)
(0.0488589 -0.00274346 0)
(0.153694 -0.0140506 0)
(0.0633153 -0.0025889 0)
(0.169779 -0.0144564 0)
(0.0774841 -0.00237228 0)
(0.186883 -0.0141691 0)
(0.0909231 -0.00213503 0)
(0.204069 -0.0134391 0)
(0.103281 -0.00189056 0)
(0.220513 -0.0123578 0)
(0.114334 -0.00166489 0)
(0.235712 -0.0110534 0)
(0.12398 -0.00150502 0)
(0.249382 -0.00964579 0)
(0.132229 -0.00145849 0)
(0.261356 -0.00824904 0)
(0.139183 -0.00141681 0)
(0.271618 -0.00695403 0)
(0.144921 -0.00125798 0)
(0.280261 -0.00573903 0)
(0.149561 -0.00103886 0)
(0.287604 -0.00463957 0)
(0.153265 -0.000797832 0)
(0.292979 -0.003704 0)
(0.156184 -0.000594417 0)
(0.297752 -0.00291869 0)
(0.158481 -0.00046091 0)
(0.30146 -0.00229755 0)
(0.160266 -0.000352331 0)
(0.304353 -0.00178467 0)
(0.161638 -0.000266739 0)
(0.306604 -0.00137224 0)
(0.162687 -0.000198431 0)
(0.308344 -0.00104899 0)
(0.163483 -0.000177961 0)
(0.309667 -0.00079591 0)
(0.310908 -0.000653255 0)
(1.05207 0.153778 0)
(1.01334 0.0876891 0)
(1.04876 0.181427 0)
(1.05613 0.160678 0)
(1.01338 0.16626 0)
(1.06906 0.168228 0)
(0.960178 0.141087 0)
(1.05272 0.155442 0)
(0.898182 0.110443 0)
(1.01936 0.136589 0)
(0.836854 0.0810814 0)
(0.979198 0.113358 0)
(0.782789 0.057734 0)
(0.938656 0.0898293 0)
(0.738108 0.0402116 0)
(0.899742 0.0688076 0)
(0.702736 0.0270373 0)
(0.864897 0.0512576 0)
(0.676005 0.0166495 0)
(0.835923 0.0365967 0)
(0.657373 0.00790271 0)
(0.813327 0.0236627 0)
(0.646302 9.00342e-05 0)
(0.79738 0.0118969 0)
(0.642478 -0.00730146 0)
(0.788107 0.000759216 0)
(0.645915 -0.0151077 0)
(0.785612 -0.010395 0)
(0.657197 -0.0240114 0)
(0.790413 -0.0227575 0)
(0.677207 -0.0343402 0)
(0.803463 -0.0367289 0)
(0.707192 -0.0465886 0)
(0.825804 -0.0529655 0)
(0.74879 -0.0612505 0)
(0.858851 -0.0721563 0)
(0.804001 -0.0787958 0)
(0.904399 -0.094964 0)
(0.875176 -0.0996307 0)
(0.9646 -0.122027 0)
(0.964947 -0.124001 0)
(1.04196 -0.153866 0)
(1.07608 -0.151838 0)
(1.13927 -0.190721 0)
(1.21125 -0.182542 0)
(1.25948 -0.232334 0)
(1.37263 -0.214678 0)
(1.40545 -0.277608 0)
(1.5614 -0.245683 0)
(1.57952 -0.32422 0)
(1.77622 -0.271737 0)
(1.78277 -0.368297 0)
(2.01299 -0.287713 0)
(2.0139 -0.40389 0)
(2.26412 -0.287652 0)
(2.2686 -0.422886 0)
(2.51712 -0.265939 0)
(2.53748 -0.416334 0)
(2.75487 -0.218394 0)
(2.80673 -0.376351 0)
(2.95671 -0.144651 0)
(3.05492 -0.29804 0)
(3.10319 -0.0515488 0)
(3.25581 -0.184524 0)
(3.17946 0.0461735 0)
(3.39033 -0.0521866 0)
(3.18504 0.135091 0)
(3.44961 0.07821 0)
(3.12635 0.20944 0)
(3.44082 0.190922 0)
(3.01417 0.264652 0)
(3.37289 0.280502 0)
(2.85815 0.2983 0)
(3.25908 0.344556 0)
(2.66804 0.312802 0)
(3.11232 0.384293 0)
(2.45146 0.311502 0)
(2.93984 0.404825 0)
(2.21211 0.297405 0)
(2.74508 0.410685 0)
(1.95648 0.27366 0)
(2.5283 0.40383 0)
(1.69507 0.243558 0)
(2.2924 0.386676 0)
(1.43812 0.209773 0)
(2.04573 0.361257 0)
(1.19679 0.174554 0)
(1.79644 0.327373 0)
(0.980538 0.140193 0)
(1.55363 0.28637 0)
(0.79436 0.108641 0)
(1.32491 0.241851 0)
(0.639386 0.0810056 0)
(1.11699 0.197612 0)
(0.514806 0.0575162 0)
(0.935183 0.155845 0)
(0.418411 0.0379073 0)
(0.782632 0.117867 0)
(0.346732 0.0217007 0)
(0.660482 0.0847375 0)
(0.296226 0.00844299 0)
(0.566104 0.0563906 0)
(0.263828 -0.00215597 0)
(0.496582 0.032524 0)
(0.246805 -0.0106414 0)
(0.449125 0.0126881 0)
(0.242363 -0.0172286 0)
(0.420254 -0.00382203 0)
(0.24687 -0.0220779 0)
(0.405353 -0.0154655 0)
(0.258485 -0.0251566 0)
(0.402291 -0.0246143 0)
(0.274657 -0.0264961 0)
(0.407909 -0.0302234 0)
(0.293575 -0.0265801 0)
(0.418957 -0.0333747 0)
(0.313688 -0.0256389 0)
(0.433961 -0.034282 0)
(0.333904 -0.0239403 0)
(0.451005 -0.0336551 0)
(0.353214 -0.0216985 0)
(0.468423 -0.0316677 0)
(0.371026 -0.0191663 0)
(0.485452 -0.0288661 0)
(0.387005 -0.0165449 0)
(0.501481 -0.025625 0)
(0.400969 -0.013974 0)
(0.515956 -0.022213 0)
(0.412873 -0.011572 0)
(0.528673 -0.018858 0)
(0.422846 -0.00941752 0)
(0.539579 -0.0157121 0)
(0.431068 -0.00757094 0)
(0.548866 -0.012861 0)
(0.437751 -0.00603647 0)
(0.556363 -0.0103875 0)
(0.443132 -0.00476825 0)
(0.562621 -0.00829967 0)
(0.447401 -0.0037303 0)
(0.56765 -0.00656655 0)
(0.450753 -0.00288633 0)
(0.571648 -0.00513665 0)
(0.453358 -0.00221341 0)
(0.574796 -0.00397754 0)
(0.45536 -0.0016862 0)
(0.577266 -0.00305036 0)
(0.456895 -0.00128618 0)
(0.579113 -0.00233164 0)
(0.580918 -0.00173083 0)
(1.03973 0.109448 0)
(1.00916 0.0479638 0)
(1.08287 0.154493 0)
(1.04777 0.117537 0)
(1.10522 0.161262 0)
(1.08863 0.145871 0)
(1.10971 0.154686 0)
(1.1132 0.150956 0)
(1.10034 0.142022 0)
(1.12117 0.145963 0)
(1.08078 0.123633 0)
(1.12079 0.132915 0)
(1.05492 0.101998 0)
(1.11128 0.115693 0)
(1.02597 0.0804589 0)
(1.09605 0.0977539 0)
(0.997678 0.0609101 0)
(1.07801 0.0795493 0)
(0.972837 0.0434074 0)
(1.06003 0.0614376 0)
(0.952983 0.0273977 0)
(1.04389 0.0435164 0)
(0.938787 0.0123046 0)
(1.03095 0.026092 0)
(0.930732 -0.0026145 0)
(1.0221 0.00881403 0)
(0.929546 -0.0184134 0)
(1.01813 -0.00920894 0)
(0.936037 -0.0360247 0)
(1.02014 -0.029248 0)
(0.951226 -0.0561104 0)
(1.02927 -0.0519189 0)
(0.976384 -0.0794907 0)
(1.04666 -0.0781234 0)
(1.01311 -0.107019 0)
(1.07357 -0.108881 0)
(1.06333 -0.139548 0)
(1.11188 -0.145186 0)
(1.12936 -0.17784 0)
(1.16375 -0.18806 0)
(1.2139 -0.222414 0)
(1.23177 -0.238406 0)
(1.31996 -0.273307 0)
(1.31902 -0.296785 0)
(1.4508 -0.32975 0)
(1.42904 -0.363171 0)
(1.60959 -0.389709 0)
(1.56578 -0.436402 0)
(1.79896 -0.449338 0)
(1.7334 -0.513589 9.11216e-34)
(2.01998 -0.502523 0)
(1.93551 -0.589314 -8.63508e-34)
(2.27123 -0.540553 0)
(2.17441 -0.655141 0)
(2.54727 -0.552261 0)
(2.45008 -0.698927 0)
(2.83541 -0.526325 0)
(2.75507 -0.704476 0)
(3.11661 -0.453956 0)
(3.06811 -0.657556 0)
(3.36437 -0.335301 0)
(3.35355 -0.545796 0)
(3.54995 -0.183633 0)
(3.57886 -0.370108 0)
(3.66203 -0.0202636 0)
(3.72401 -0.164266 0)
(3.70286 0.13157 0)
(3.79735 0.0373776 0)
(3.68063 0.257553 0)
(3.78968 0.213156 0)
(3.61168 0.35526 0)
(3.73597 0.349447 0)
(3.50958 0.425559 0)
(3.64707 0.446662 0)
(3.38229 0.472014 0)
(3.53904 0.511585 0)
(3.23284 0.500244 0)
(3.41603 0.554275 0)
(3.05984 0.513787 0)
(3.27691 0.583684 0)
(2.86222 0.513992 0)
(3.12064 0.60144 0)
(2.64169 0.501533 0)
(2.94332 0.607206 0)
(2.40328 0.476651 0)
(2.74687 0.599669 0)
(2.15284 0.439388 0)
(2.53377 0.577817 0)
(1.89773 0.391153 0)
(2.30819 0.541478 0)
(1.6475 0.335364 0)
(2.07588 0.492076 0)
(1.41288 0.276281 0)
(1.84487 0.432233 0)
(1.20325 0.217911 0)
(1.62369 0.365474 0)
(1.02489 0.163922 0)
(1.4201 0.296226 0)
(0.879812 0.116659 0)
(1.24125 0.22982 0)
(0.766575 0.0766075 0)
(1.09011 0.169628 0)
(0.682094 0.043318 0)
(0.967489 0.117004 0)
(0.622469 0.016235 0)
(0.872437 0.0723137 0)
(0.583066 -0.00497313 0)
(0.801882 0.0355806 0)
(0.560847 -0.0210412 0)
(0.752333 0.00675303 0)
(0.551647 -0.0322732 0)
(0.720473 -0.0154146 0)
(0.552194 -0.0391914 0)
(0.702573 -0.0307706 0)
(0.559571 -0.0427644 0)
(0.695016 -0.040751 0)
(0.571452 -0.0436439 0)
(0.695381 -0.0461632 0)
(0.585735 -0.0424568 0)
(0.700974 -0.0479383 0)
(0.600907 -0.0396732 0)
(0.709466 -0.0468401 0)
(0.616135 -0.0359177 0)
(0.719779 -0.0440947 0)
(0.63066 -0.0316741 0)
(0.730765 -0.04015 0)
(0.643889 -0.0273047 0)
(0.741547 -0.0354421 0)
(0.655573 -0.0230731 0)
(0.751696 -0.0305418 0)
(0.665667 -0.0191527 0)
(0.760872 -0.0258058 0)
(0.674233 -0.0156493 0)
(0.768941 -0.0214279 0)
(0.681372 -0.0126216 0)
(0.775871 -0.0175259 0)
(0.687228 -0.0100672 0)
(0.78172 -0.0141561 0)
(0.691964 -0.00794292 0)
(0.786561 -0.0113021 0)
(0.695748 -0.00620042 0)
(0.790514 -0.00892108 0)
(0.698741 -0.00479024 0)
(0.793691 -0.00697075 0)
(0.701072 -0.00367701 0)
(0.796252 -0.0053808 0)
(0.702901 -0.00276026 0)
(0.798164 -0.00416132 0)
(0.800148 -0.00301212 0)
(1.01986 0.0644373 0)
(1.00425 0.0280998 0)
(1.06004 0.109466 0)
(1.02735 0.0773637 0)
(1.09708 0.133208 0)
(1.06482 0.108828 0)
(1.12392 0.140194 0)
(1.09904 0.124113 0)
(1.14172 0.136092 0)
(1.12409 0.128164 0)
(1.15095 0.125261 0)
(1.14333 0.123684 0)
(1.15234 0.111929 0)
(1.15434 0.114307 0)
(1.14782 0.0972767 0)
(1.15955 0.102269 0)
(1.13988 0.080816 0)
(1.16061 0.0874953 0)
(1.13073 0.0625316 0)
(1.1592 0.0705867 0)
(1.12168 0.0431083 0)
(1.15564 0.0525664 0)
(1.11396 0.023332 0)
(1.15199 0.0338146 0)
(1.10906 0.00283657 0)
(1.14936 0.0137051 0)
(1.10823 -0.0193759 0)
(1.14879 -0.00837871 0)
(1.11285 -0.044289 0)
(1.15152 -0.0338605 0)
(1.12399 -0.0729361 0)
(1.15874 -0.0630646 0)
(1.14289 -0.106386 0)
(1.17168 -0.0970254 0)
(1.17111 -0.145758 0)
(1.19127 -0.137094 0)
(1.21072 -0.192273 0)
(1.2199 -0.184793 0)
(1.26416 -0.247171 0)
(1.25949 -0.241506 0)
(1.33442 -0.311433 0)
(1.31282 -0.308669 0)
(1.42516 -0.385613 0)
(1.38347 -0.387518 0)
(1.54072 -0.469341 0)
(1.47598 -0.478733 0)
(1.68619 -0.560565 9.11216e-34)
(1.59601 -0.581875 0)
(1.86707 -0.654676 5.09913e-35)
(1.75048 -0.694471 9.11216e-34)
(2.08842 -0.743616 -8.63508e-34)
(1.947 -0.810664 -8.63508e-34)
(2.35445 -0.814516 0)
(2.19491 -0.921172 0)
(2.66386 -0.848935 0)
(2.5005 -1.00834 0)
(2.99736 -0.827575 0)
(2.84786 -1.03798 0)
(3.3188 -0.733685 0)
(3.18472 -0.978995 0)
(3.58129 -0.560227 0)
(3.46072 -0.808287 0)
(3.76131 -0.334459 0)
(3.66931 -0.550121 0)
(3.85897 -0.097875 0)
(3.75443 -0.261931 0)
(3.87804 0.123489 0)
(3.77826 0.0183043 0)
(3.83616 0.30498 0)
(3.73088 0.255041 0)
(3.76209 0.436462 0)
(3.6553 0.423516 0)
(3.67244 0.527497 0)
(3.56918 0.53631 0)
(3.57202 0.589502 0)
(3.48764 0.612008 0)
(3.46031 0.634253 0)
(3.40738 0.665985 0)
(3.33725 0.668458 0)
(3.31956 0.706746 0)
(3.20094 0.692662 0)
(3.2191 0.737747 0)
(3.04758 0.704775 0)
(3.10495 0.760561 0)
(2.87652 0.701249 0)
(2.97881 0.770736 0)
(2.6882 0.68039 0)
(2.82931 0.766132 0)
(2.48607 0.642331 0)
(2.66246 0.743612 0)
(2.27347 0.588499 0)
(2.48288 0.704672 0)
(2.05573 0.521274 0)
(2.29492 0.649973 0)
(1.84076 0.444358 0)
(2.10313 0.580445 0)
(1.6369 0.363275 0)
(1.91365 0.500087 0)
(1.45183 0.28395 0)
(1.73286 0.414885 0)
(1.2913 0.210733 0)
(1.56614 0.330165 0)
(1.15801 0.146109 0)
(1.41836 0.250292 0)
(1.05191 0.0912892 0)
(1.29241 0.178407 0)
(0.970921 0.0465965 0)
(1.18893 0.116574 0)
(0.912024 0.0115572 0)
(1.10706 0.0656499 0)
(0.871261 -0.0146245 0)
(1.04457 0.025348 0)
(0.8454 -0.0329035 0)
(0.998866 -0.00490885 0)
(0.83099 -0.0445251 0)
(0.967053 -0.0263411 0)
(0.825019 -0.0506113 0)
(0.946399 -0.0401929 0)
(0.824819 -0.0522847 0)
(0.934227 -0.0477378 0)
(0.828587 -0.0511479 0)
(0.92836 -0.0506088 0)
(0.834596 -0.0482093 0)
(0.926496 -0.0501034 0)
(0.841822 -0.0437734 0)
(0.92768 -0.0473764 0)
(0.849546 -0.0385292 0)
(0.930618 -0.0431662 0)
(0.857154 -0.0331398 0)
(0.934596 -0.03815 0)
(0.864272 -0.0279626 0)
(0.939062 -0.0329234 0)
(0.870692 -0.0232031 0)
(0.943584 -0.0278483 0)
(0.876315 -0.0189753 0)
(0.947894 -0.0231486 0)
(0.881128 -0.01532 0)
(0.951818 -0.018969 0)
(0.885169 -0.0122216 0)
(0.955279 -0.015343 0)
(0.888506 -0.00964342 0)
(0.95826 -0.0122583 0)
(0.891228 -0.00752295 0)
(0.960765 -0.00969293 0)
(0.893404 -0.00583643 0)
(0.962877 -0.00755723 0)
(0.895167 -0.00439368 0)
(0.964488 -0.00592369 0)
(0.966263 -0.00428173 0)
(1.01051 0.0417748 0)
(1.00233 0.0175896 0)
(1.03644 0.0759145 0)
(1.01553 0.0514384 0)
(1.06815 0.098945 0)
(1.04104 0.0771162 0)
(1.09897 0.111431 0)
(1.07062 0.0932947 0)
(1.12569 0.115115 0)
(1.09824 0.101444 0)
(1.14652 0.112122 0)
(1.12248 0.10285 0)
(1.16168 0.10453 0)
(1.14228 0.0991455 0)
(1.1723 0.0929597 0)
(1.15798 0.0916466 0)
(1.17946 0.077968 0)
(1.17007 0.080341 0)
(1.18382 0.0614558 0)
(1.17933 0.066229 0)
(1.18595 0.0442017 0)
(1.18535 0.0504322 0)
(1.18716 0.0252035 0)
(1.18987 0.0326017 0)
(1.1887 0.00343555 0)
(1.19369 0.0121685 0)
(1.19169 -0.0217617 0)
(1.19757 -0.0113667 0)
(1.19697 -0.0511371 0)
(1.20228 -0.039141 0)
(1.20575 -0.0854249 0)
(1.2087 -0.0718449 0)
(1.2192 -0.125861 0)
(1.21792 -0.11048 0)
(1.23895 -0.174321 0)
(1.23089 -0.156838 0)
(1.26707 -0.232378 0)
(1.24969 -0.212919 0)
(1.30601 -0.301576 0)
(1.27608 -0.280442 0)
(1.35908 -0.383736 0)
(1.31293 -0.361738 0)
(1.43079 -0.480327 0)
(1.36417 -0.459228 0)
(1.52706 -0.591991 0)
(1.43528 -0.575008 0)
(1.65555 -0.717816 0)
(1.53374 -0.710365 0)
(1.82586 -0.853892 0)
(1.66992 -0.864781 0)
(2.0496 -0.992458 0)
(1.85693 -1.03441 0)
(2.3406 -1.11747 0)
(2.11516 -1.21217 0)
(2.69205 -1.19921 0)
(2.44108 -1.35978 0)
(3.0479 -1.19972 0)
(2.78069 -1.39383 0)
(3.35337 -1.0795 0)
(3.04736 -1.28447 0)
(3.56723 -0.828713 0)
(3.19397 -1.02215 0)
(3.66662 -0.499541 0)
(3.21529 -0.649502 0)
(3.67079 -0.166274 0)
(3.12498 -0.266102 0)
(3.62087 0.124656 0)
(3.02228 0.0682261 0)
(3.53496 0.348708 0)
(2.941 0.340946 0)
(3.44812 0.501818 0)
(2.88144 0.510352 0)
(3.38083 0.60288 0)
(2.84729 0.603609 0)
(3.32457 0.674321 0)
(2.84973 0.668261 0)
(3.26766 0.728397 0)
(2.87103 0.722896 0)
(3.20209 0.769236 0)
(2.89039 0.77232 0)
(3.12456 0.799473 0)
(2.89283 0.815271 0)
(3.03473 0.820798 0)
(2.87168 0.850394 0)
(2.93029 0.831901 0)
(2.82787 0.87518 0)
(2.80249 0.826845 0)
(2.75531 0.893924 0)
(2.65898 0.804169 0)
(2.65863 0.887128 0)
(2.50445 0.765882 0)
(2.5395 0.8592 0)
(2.34184 0.710422 0)
(2.4151 0.812588 0)
(2.17605 0.638408 0)
(2.27746 0.746232 0)
(2.01026 0.554296 0)
(2.13439 0.665872 0)
(1.84785 0.463487 0)
(1.99066 0.577296 0)
(1.69369 0.371702 0)
(1.85076 0.484327 0)
(1.55308 0.28423 0)
(1.71838 0.390901 0)
(1.42966 0.205045 0)
(1.597 0.301831 0)
(1.32512 0.13667 0)
(1.4889 0.221114 0)
(1.23964 0.0801487 0)
(1.39537 0.151123 0)
(1.17209 0.0354597 0)
(1.31682 0.0929042 0)
(1.12054 0.00184692 0)
(1.25282 0.0466429 0)
(1.08256 -0.0219407 0)
(1.20212 0.0116383 0)
(1.05571 -0.0373649 0)
(1.16309 -0.0133462 0)
(1.03777 -0.0461329 0)
(1.13381 -0.0297973 0)
(1.02648 -0.0495881 0)
(1.11278 -0.0393147 0)
(1.01979 -0.0493197 0)
(1.09776 -0.0434142 0)
(1.01658 -0.0468615 0)
(1.08776 -0.0441669 0)
(1.01581 -0.0428525 0)
(1.08135 -0.0423952 0)
(1.01663 -0.0379711 0)
(1.07759 -0.0389763 0)
(1.01848 -0.0328383 0)
(1.07578 -0.0347729 0)
(1.02088 -0.0278202 0)
(1.07532 -0.0302451 0)
(1.02347 -0.0231655 0)
(1.07574 -0.0257429 0)
(1.02603 -0.0190131 0)
(1.07668 -0.0215265 0)
(1.02842 -0.0153988 0)
(1.0779 -0.01773 0)
(1.03056 -0.0123243 0)
(1.07922 -0.0144012 0)
(1.03243 -0.00974112 0)
(1.0805 -0.0115662 0)
(1.03402 -0.00765626 0)
(1.08172 -0.00914349 0)
(1.03537 -0.00582048 0)
(1.08272 -0.00727174 0)
(1.08391 -0.00529514 0)
(1.00596 0.0281356 0)
(1.00138 0.0116329 0)
(1.02227 0.0528707 0)
(1.0094 0.0351214 0)
(1.04488 0.0713703 0)
(1.02622 0.0545108 0)
(1.07001 0.0832415 0)
(1.04793 0.0681687 0)
(1.09509 0.0891423 0)
(1.07089 0.0763628 0)
(1.11823 0.0899059 0)
(1.0933 0.0797021 0)
(1.13854 0.0863354 0)
(1.11411 0.0788386 0)
(1.15585 0.0790727 0)
(1.1328 0.0743431 0)
(1.16977 0.0685056 0)
(1.14892 0.0664165 0)
(1.18062 0.0550748 0)
(1.16232 0.0553759 0)
(1.18924 0.0390621 0)
(1.17314 0.0418196 0)
(1.19625 0.0202563 0)
(1.18194 0.025584 0)
(1.20226 -0.00177711 0)
(1.18917 0.00615956 0)
(1.20792 -0.0277397 0)
(1.1952 -0.0170206 0)
(1.21365 -0.0585959 0)
(1.20039 -0.0448711 0)
(1.22024 -0.0954939 0)
(1.20515 -0.0784388 0)
(1.22884 -0.139869 0)
(1.21014 -0.119075 0)
(1.24061 -0.193625 0)
(1.21623 -0.168613 0)
(1.25708 -0.259036 0)
(1.22451 -0.229389 0)
(1.28069 -0.338679 0)
(1.2366 -0.304052 0)
(1.31483 -0.4355 0)
(1.25503 -0.395878 0)
(1.36436 -0.552616 0)
(1.28358 -0.508755 0)
(1.43636 -0.692908 0)
(1.328 -0.647014 0)
(1.54112 -0.858236 0)
(1.39704 -0.81513 0)
(1.69327 -1.04817 0)
(1.50418 -1.01693 0)
(1.91249 -1.25929 0)
(1.66793 -1.25363 0)
(2.21703 -1.46869 0)
(1.91021 -1.51671 0)
(2.54297 -1.59154 0)
(2.1905 -1.68572 0)
(2.7939 -1.55703 0)
(2.34698 -1.64476 0)
(2.92896 -1.35936 0)
(2.20488 -1.41954 6.77673e-18)
(2.8858 -0.995692 0)
(1.90485 -0.978981 6.96869e-17)
(2.67269 -0.542203 0)
(1.5259 -0.436392 0)
(2.45652 -0.110088 0)
(1.14127 -0.0499352 0)
(2.32725 0.237701 0)
(1.15166 0.197497 -3.55864e-18)
(2.25805 0.459961 0)
(1.19689 0.410147 0)
(2.25643 0.575947 0)
(1.23107 0.511971 1.59822e-18)
(2.31561 0.643261 0)
(1.32448 0.544432 0)
(2.40251 0.697169 0)
(1.51016 0.581361 0)
(2.4977 0.748579 0)
(1.71439 0.627702 0)
(2.58345 0.801414 0)
(1.91083 0.686577 0)
(2.6425 0.85319 0)
(2.08116 0.756217 0)
(2.66395 0.895011 0)
(2.21321 0.828946 0)
(2.65166 0.928612 0)
(2.29474 0.887466 0)
(2.60871 0.948587 0)
(2.33626 0.93687 0)
(2.53835 0.939797 0)
(2.34032 0.957494 0)
(2.45071 0.904072 0)
(2.30991 0.946834 0)
(2.3493 0.847293 0)
(2.26109 0.914003 0)
(2.23587 0.774191 0)
(2.19188 0.85966 0)
(2.11555 0.690368 0)
(2.10921 0.786189 0)
(1.99439 0.600517 0)
(2.01534 0.698458 0)
(1.87611 0.506493 0)
(1.92108 0.602609 0)
(1.76289 0.411647 0)
(1.82511 0.504125 0)
(1.65682 0.320907 0)
(1.73148 0.407901 0)
(1.55952 0.238124 0)
(1.64274 0.318414 0)
(1.47271 0.165869 0)
(1.56088 0.23793 0)
(1.39758 0.105565 0)
(1.48724 0.168029 0)
(1.33444 0.0575108 0)
(1.4225 0.109789 0)
(1.28271 0.0210302 0)
(1.3669 0.0633709 0)
(1.24126 -0.00517609 0)
(1.32012 0.0281 0)
(1.20884 -0.0226196 0)
(1.28156 0.0026246 0)
(1.18415 -0.0329811 0)
(1.25044 -0.0146233 0)
(1.16591 -0.0381446 0)
(1.22597 -0.0251773 0)
(1.15262 -0.039628 0)
(1.20711 -0.030875 0)
(1.14321 -0.0385147 0)
(1.19284 -0.0329895 0)
(1.13682 -0.0357976 0)
(1.18228 -0.0325887 0)
(1.1327 -0.0321983 0)
(1.17467 -0.030648 0)
(1.13025 -0.0281827 0)
(1.16937 -0.0277933 0)
(1.12901 -0.024121 0)
(1.16582 -0.0245044 0)
(1.1286 -0.0202652 0)
(1.16359 -0.0211226 0)
(1.12874 -0.0167561 0)
(1.16231 -0.0178661 0)
(1.12919 -0.0136659 0)
(1.16168 -0.0148538 0)
(1.12981 -0.0109885 0)
(1.16148 -0.01218 0)
(1.13047 -0.00877293 0)
(1.16155 -0.00980447 0)
(1.13112 -0.00675531 0)
(1.16175 -0.00792038 0)
(1.16213 -0.00584065 0)
(1.00367 0.0193402 0)
(1.00088 0.00796155 0)
(1.01441 0.0371277 0)
(1.00612 0.0243798 0)
(1.03027 0.0513078 0)
(1.01763 0.0386517 0)
(1.0491 0.0611542 0)
(1.03327 0.0493413 0)
(1.06919 0.066774 0)
(1.05088 0.0562717 0)
(1.08925 0.0685076 0)
(1.0691 0.0596472 0)
(1.10837 0.0667421 0)
(1.08709 0.059716 0)
(1.12597 0.061726 0)
(1.1042 0.0567402 0)
(1.14153 0.0536365 0)
(1.11987 0.0508624 0)
(1.15472 0.0426765 0)
(1.13364 0.0421782 0)
(1.16575 0.0288789 0)
(1.14533 0.0307926 0)
(1.17479 0.0119737 0)
(1.15494 0.016545 0)
(1.18198 -0.0085583 0)
(1.16248 -0.00102984 0)
(1.18753 -0.0334833 0)
(1.16794 -0.0225732 0)
(1.19164 -0.063822 0)
(1.17133 -0.0489781 0)
(1.1946 -0.100874 0)
(1.17266 -0.0813955 0)
(1.19688 -0.146364 0)
(1.17203 -0.121355 0)
(1.19917 -0.202527 0)
(1.16969 -0.1709 0)
(1.20248 -0.272123 0)
(1.16608 -0.232698 0)
(1.20855 -0.358597 0)
(1.16206 -0.310126 0)
(1.22021 -0.466266 0)
(1.15922 -0.407541 0)
(1.24201 -0.600394 0)
(1.16046 -0.530555 0)
(1.28129 -0.767151 0)
(1.17072 -0.686295 0)
(1.34978 -0.973322 0)
(1.19849 -0.883619 0)
(1.46558 -1.22531 0)
(1.25749 -1.13273 1.91704e-32)
(1.65089 -1.52247 0)
(1.36613 -1.43894 -1.78493e-32)
(1.89564 -1.76149 0)
(1.52028 -1.76146 0)
(2.02571 -1.79054 0)
(1.55471 -1.81579 0)
(1.77222 -1.49517 6.77673e-18)
(1.1475 -1.39128 0)
(1.21761 -0.929945 7.64636e-17)
(0.468971 -0.667961 6.77673e-18)
(0.656463 -0.347296 6.96869e-17)
(0.441645 -0.99224 6.96869e-17)
(0.00663271 -0.0645858 0)
(0.135925 -1.21258 0)
(-0.177897 -0.00728862 -3.55864e-18)
(-0.141878 -1.29421 0)
(-0.0215648 0.166205 -3.55864e-18)
(-0.0394818 -1.43049 -3.55864e-18)
(0.0778384 0.348336 1.59822e-18)
(0.0514301 -1.75798 0)
(0.244526 0.418663 1.59822e-18)
(-0.251224 0.210644 6.53191e-18)
(0.52713 0.459636 0)
(-0.115077 0.261828 0)
(0.8378 0.501144 0)
(0.0826349 0.270691 0)
(1.13775 0.56145 0)
(0.370501 0.327751 0)
(1.41534 0.638294 0)
(0.673452 0.408991 0)
(1.65516 0.727539 0)
(0.964245 0.516398 0)
(1.8445 0.816119 0)
(1.22902 0.639602 0)
(1.97776 0.890749 0)
(1.44288 0.754211 0)
(2.06395 0.940287 0)
(1.61025 0.850673 0)
(2.10959 0.959038 0)
(1.72886 0.911852 0)
(2.12002 0.953402 0)
(1.80684 0.936407 0)
(2.10258 0.923532 0)
(1.8477 0.931439 0)
(2.06517 0.868311 0)
(1.86453 0.897073 0)
(2.00948 0.791881 0)
(1.86111 0.841885 0)
(1.94282 0.699667 0)
(1.83782 0.765112 0)
(1.8707 0.601016 0)
(1.80288 0.674734 0)
(1.79483 0.502231 0)
(1.75726 0.579994 0)
(1.71842 0.40744 0)
(1.70561 0.484311 0)
(1.64473 0.320276 0)
(1.65068 0.392106 0)
(1.57578 0.2422 0)
(1.59518 0.306874 0)
(1.5124 0.174246 0)
(1.54172 0.231416 0)
(1.45508 0.117351 0)
(1.49093 0.167099 0)
(1.40439 0.0717637 0)
(1.44401 0.114063 0)
(1.36046 0.0368418 0)
(1.40177 0.0720351 0)
(1.32319 0.0113317 0)
(1.36458 0.0398927 0)
(1.29227 -0.0062724 0)
(1.33249 0.0162928 0)
(1.26725 -0.0175354 0)
(1.30545 -0.000150177 0)
(1.24739 -0.0239762 0)
(1.28316 -0.0110225 0)
(1.23193 -0.0268928 0)
(1.26511 -0.0175284 0)
(1.22017 -0.0273554 0)
(1.25083 -0.0208224 0)
(1.21138 -0.0262215 0)
(1.23973 -0.0218647 0)
(1.20498 -0.0241247 0)
(1.23129 -0.0213921 0)
(1.20044 -0.0215238 0)
(1.22499 -0.0199667 0)
(1.19733 -0.0187388 0)
(1.22038 -0.018007 0)
(1.19527 -0.0159764 0)
(1.2171 -0.0158106 0)
(1.19399 -0.0133798 0)
(1.2148 -0.0135678 0)
(1.19324 -0.0110081 0)
(1.21327 -0.0114348 0)
(1.19286 -0.00896433 0)
(1.21224 -0.00942316 0)
(1.19271 -0.0070197 0)
(1.21164 -0.00776896 0)
(1.21115 -0.00583881 0)
(1.00247 0.0134418 0)
(1.00061 0.00549652 0)
(1.0099 0.0261697 0)
(1.00426 0.0169475 0)
(1.0213 0.0367431 0)
(1.01247 0.0272531 0)
(1.03535 0.0444098 0)
(1.024 0.0352901 0)
(1.05092 0.0490513 0)
(1.03744 0.0407017 0)
(1.06706 0.0507579 0)
(1.05183 0.0435011 0)
(1.08301 0.0496575 0)
(1.06644 0.0437665 0)
(1.09818 0.0458583 0)
(1.08068 0.0415758 0)
(1.11207 0.0394285 0)
(1.094 0.0369762 0)
(1.12426 0.030397 0)
(1.10593 0.0299824 0)
(1.13452 0.0186537 0)
(1.1161 0.0205341 0)
(1.14265 0.00385399 0)
(1.12421 0.00841211 0)
(1.14845 -0.0145682 0)
(1.12994 -0.00682485 0)
(1.15172 -0.0373919 0)
(1.13298 -0.0258412 0)
(1.15225 -0.0656537 0)
(1.13294 -0.0495105 0)
(1.14986 -0.100725 0)
(1.12942 -0.079005 0)
(1.14441 -0.144451 0)
(1.12198 -0.115903 0)
(1.13584 -0.199298 0)
(1.11016 -0.162336 0)
(1.12432 -0.268515 0)
(1.09354 -0.22117 0)
(1.11044 -0.356385 0)
(1.07187 -0.296254 0)
(1.09573 -0.46862 0)
(1.0453 -0.392827 0)
(1.08322 -0.612819 0)
(1.01482 -0.518045 0)
(1.07865 -0.799017 0)
(0.983042 -0.681718 0)
(1.09216 -1.04006 1.91704e-32)
(0.955367 -0.897132 0)
(1.13923 -1.34602 1.63603e-33)
(0.941355 -1.1798 1.91704e-32)
(1.2233 -1.67928 -1.78493e-32)
(0.952998 -1.52301 -1.78493e-32)
(1.20898 -1.81501 0)
(0.895906 -1.74714 0)
(0.699628 -1.36191 0)
(0.428599 -1.30643 4.02226e-17)
(0.117278 -0.57385 0)
(-0.285945 -0.444054 0)
(-0.434068 -0.105652 0)
(-0.292925 -0.272946 0)
(-0.104502 0 0)
(0 -0.0970014 0)
(-0.0148861 0 0)
(0 -0.0260669 0)
(-0.013805 0 0)
(0 -0.0101634 0)
(-0.025117 0 0)
(0 -0.000365471 0)
(0.10357 0.0222002 4.93368e-18)
(0 0.00749293 0)
(-0.639401 0.0799718 4.93368e-18)
(-0.350372 -0.546992 4.93368e-18)
(-0.60911 0.11962 0)
(-0.769644 0.0509646 1.65349e-17)
(-0.380703 0.144891 0)
(-0.707061 0.0422841 3.61243e-16)
(-0.0813546 0.207171 0)
(-0.540827 0.0284028 0)
(0.236549 0.306999 0)
(-0.292474 0.0910877 0)
(0.546551 0.436767 0)
(-0.0183754 0.206396 0)
(0.828898 0.577951 0)
(0.262734 0.357254 0)
(1.07235 0.710502 0)
(0.518519 0.510761 0)
(1.27086 0.817484 0)
(0.749773 0.652156 0)
(1.42193 0.884607 0)
(0.947039 0.760783 0)
(1.53158 0.9109 0)
(1.10996 0.826765 0)
(1.60908 0.903625 0)
(1.23878 0.853934 0)
(1.66023 0.870883 0)
(1.33972 0.845928 0)
(1.68966 0.815665 0)
(1.41797 0.812451 0)
(1.69872 0.740501 0)
(1.47515 0.756049 0)
(1.69034 0.653448 0)
(1.51087 0.683115 0)
(1.66956 0.561629 0)
(1.52959 0.600781 0)
(1.63904 0.469277 0)
(1.53425 0.514829 0)
(1.60202 0.379821 0)
(1.52735 0.429127 0)
(1.56179 0.297538 0)
(1.51138 0.3471 0)
(1.5207 0.225743 0)
(1.48973 0.272502 0)
(1.48017 0.165135 0)
(1.46421 0.207631 0)
(1.44154 0.115432 0)
(1.43694 0.152698 0)
(1.40593 0.0759878 0)
(1.40951 0.107641 0)
(1.37389 0.0455582 0)
(1.38317 0.0719354 0)
(1.34566 0.022902 0)
(1.35874 0.0445185 0)
(1.32138 0.00671619 0)
(1.33678 0.0241319 0)
(1.30089 -0.00428742 0)
(1.31754 0.00946736 0)
(1.284 -0.0112526 0)
(1.30109 -0.000641113 0)
(1.2704 -0.0151826 0)
(1.28734 -0.00722113 0)
(1.25965 -0.0169285 0)
(1.27609 -0.0111135 0)
(1.2513 -0.0171648 0)
(1.26705 -0.013046 0)
(1.24494 -0.0164128 0)
(1.2599 -0.0136001 0)
(1.24016 -0.0150646 0)
(1.25433 -0.0132332 0)
(1.23664 -0.0134001 0)
(1.25007 -0.0122913 0)
(1.23409 -0.0116257 0)
(1.24684 -0.0110197 0)
(1.23228 -0.00985449 0)
(1.24445 -0.00962111 0)
(1.23102 -0.00823335 0)
(1.24263 -0.00816128 0)
(1.23015 -0.00659575 0)
(1.24144 -0.00689591 0)
(1.24015 -0.00530785 0)
(1.00176 0.00928101 0)
(1.00045 0.00373208 0)
(1.00715 0.0182356 0)
(1.00312 0.0115624 0)
(1.01563 0.0258905 0)
(1.00924 0.0187779 0)
(1.02635 0.0315996 0)
(1.01804 0.0245645 0)
(1.0385 0.0351418 0)
(1.02853 0.0285547 0)
(1.05134 0.0364935 0)
(1.03998 0.0306586 0)
(1.06424 0.0356752 0)
(1.05177 0.0308724 0)
(1.07662 0.0327007 0)
(1.06337 0.0291927 0)
(1.08799 0.0275633 0)
(1.0742 0.0256079 0)
(1.09789 0.0202046 0)
(1.08378 0.0200825 0)
(1.1059 0.0104603 0)
(1.09166 0.0125238 0)
(1.11162 -0.00200665 0)
(1.09737 0.0026951 0)
(1.1146 -0.0177285 0)
(1.1004 -0.00980506 0)
(1.11433 -0.037445 0)
(1.1002 -0.0255689 0)
(1.11021 -0.0621582 0)
(1.09606 -0.0453914 0)
(1.10156 -0.0932205 0)
(1.08719 -0.070357 0)
(1.0876 -0.132472 0)
(1.0726 -0.101944 0)
(1.06745 -0.182421 0)
(1.05115 -0.142183 0)
(1.04016 -0.246503 0)
(1.02143 -0.193884 0)
(1.00486 -0.329467 0)
(0.981862 -0.260953 0)
(0.96093 -0.437935 0)
(0.930673 -0.348892 0)
(0.90848 -0.581262 0)
(0.866121 -0.465593 0)
(0.849223 -0.772699 0)
(0.786819 -0.622461 0)
(0.787775 -1.02863 0)
(0.692224 -0.835678 0)
(0.728612 -1.34513 0)
(0.586468 -1.12063 3.54845e-33)
(0.620505 -1.57947 0)
(0.446559 -1.4149 -3.52571e-33)
(0.193899 -1.22475 4.02226e-17)
(0.0862518 -1.32053 1.77276e-17)
(-0.537071 -0.457504 4.02226e-17)
(-0.546783 -0.617323 6.56658e-17)
(0.183399 -0.0545371 0)
(-0.431064 0.330835 0)
(0.0362294 0 0)
(0 -0.0539475 0)
(0.015024 0 0)
(0 -0.0154657 0)
(0.00503299 0 0)
(0 -0.00507902 0)
(0.00733444 0 0)
(0 0.00192962 0)
(0.000275825 0 0)
(0 -0.00207971 0)
(-0.0703749 0 0)
(0 -0.00282825 0)
(-0.173737 -0.00174096 1.65349e-17)
(0 -0.00278661 0)
(-0.931486 -0.0298314 3.77778e-16)
(-0.470149 -0.423874 1.65349e-17)
(-0.913111 -0.079322 3.61243e-16)
(-0.901296 -0.047548 3.70282e-16)
(-0.749939 -0.0814609 0)
(-0.913437 -0.13477 8.22213e-17)
(-0.532253 -0.00268975 0)
(-0.809736 -0.126598 0)
(-0.288053 0.135493 0)
(-0.651662 -0.0378042 0)
(-0.0443276 0.298588 0)
(-0.453687 0.113529 0)
(0.192191 0.458513 0)
(-0.250892 0.274243 0)
(0.4195 0.598845 0)
(-0.0414699 0.424846 0)
(0.628847 0.704867 0)
(0.167143 0.551436 0)
(0.812162 0.770632 0)
(0.366228 0.64345 0)
(0.967573 0.796798 0)
(0.550072 0.698523 0)
(1.09682 0.788935 0)
(0.714933 0.716684 0)
(1.20371 0.755156 0)
(0.861278 0.705558 0)
(1.28837 0.70141 0)
(0.988267 0.671393 0)
(1.35166 0.633419 0)
(1.09406 0.619825 0)
(1.39595 0.55696 0)
(1.17926 0.556484 0)
(1.42395 0.477149 0)
(1.2453 0.486835 0)
(1.43801 0.398094 0)
(1.29418 0.415061 0)
(1.44034 0.323184 0)
(1.32758 0.344773 0)
(1.43385 0.255234 0)
(1.34782 0.278991 0)
(1.42142 0.195978 0)
(1.35763 0.220066 0)
(1.40509 0.14572 0)
(1.35958 0.169022 0)
(1.38681 0.104368 0)
(1.35587 0.125926 0)
(1.36803 0.071556 0)
(1.34843 0.0907165 0)
(1.34982 0.0462521 0)
(1.33886 0.062731 0)
(1.3329 0.0272464 0)
(1.32836 0.0410445 0)
(1.3177 0.0133737 0)
(1.31778 0.0246719 0)
(1.30439 0.00358609 0)
(1.30769 0.0126687 0)
(1.293 -0.00299776 0)
(1.29847 0.00416291 0)
(1.28347 -0.0071167 0)
(1.29026 -0.00158023 0)
(1.27563 -0.00939688 0)
(1.28315 -0.00520829 0)
(1.26929 -0.0103602 0)
(1.27711 -0.00725821 0)
(1.26424 -0.0104195 0)
(1.27206 -0.00818122 0)
(1.26027 -0.00988527 0)
(1.26792 -0.00832022 0)
(1.25719 -0.00899969 0)
(1.26456 -0.00793833 0)
(1.25482 -0.00791896 0)
(1.26191 -0.0072518 0)
(1.25302 -0.0068167 0)
(1.25974 -0.00636712 0)
(1.25165 -0.00560281 0)
(1.25823 -0.0055182 0)
(1.25641 -0.00435685 0)
(1.00133 0.00619787 0)
(1.00034 0.00240218 0)
(1.00542 0.0122574 0)
(1.00242 0.00747334 0)
(1.01198 0.017541 0)
(1.00721 0.0122218 0)
(1.02044 0.0215586 0)
(1.01421 0.0161025 0)
(1.03017 0.024085 0)
(1.02272 0.0188198 0)
(1.04057 0.0250443 0)
(1.03211 0.0202617 0)
(1.05105 0.0244041 0)
(1.04184 0.0203881 0)
(1.06108 0.022134 0)
(1.0514 0.0191635 0)
(1.07014 0.0181922 0)
(1.06021 0.0165524 0)
(1.07773 0.0125067 0)
(1.06775 0.0124984 0)
(1.08332 0.00491498 0)
(1.07351 0.00692562 0)
(1.08637 -0.00488088 0)
(1.07693 -0.000354299 0)
(1.08625 -0.0173305 0)
(1.07736 -0.00968456 0)
(1.08221 -0.0330699 0)
(1.07403 -0.0215289 0)
(1.07335 -0.0529664 0)
(1.06603 -0.0365222 0)
(1.05853 -0.0782057 0)
(1.05222 -0.0555444 0)
(1.0364 -0.110423 0)
(1.03119 -0.0798073 0)
(1.00522 -0.151893 0)
(1.0011 -0.111001 0)
(0.96284 -0.205809 0)
(0.95966 -0.151506 0)
(0.906605 -0.276715 0)
(0.903883 -0.204716 0)
(0.833275 -0.371217 0)
(0.82995 -0.275559 0)
(0.739008 -0.499004 0)
(0.733003 -0.371324 0)
(0.619463 -0.674024 0)
(0.606833 -0.502912 0)
(0.469406 -0.909504 3.54845e-33)
(0.444809 -0.685618 0)
(0.271338 -1.1647 8.67896e-35)
(0.239744 -0.922561 3.54845e-33)
(-0.0494589 -1.12435 1.77276e-17)
(-0.0846744 -1.0941 -3.52571e-33)
(-0.599854 -0.588614 4.31708e-17)
(-0.562413 -0.770848 7.93954e-18)
(0.648888 -0.107151 2.54432e-17)
(-0.421763 0.554221 2.54432e-17)
(-0.0457301 0 0)
(0 0.0882046 0)
(0.0640142 0 0)
(0 0.0971229 0)
(0.000217144 0 0)
(0 0.0163618 0)
(0.00407239 0 0)
(0 0.00386795 0)
(-0.00112008 0 0)
(0 -0.00138582 0)
(-5.16846e-06 0 0)
(0 -5.06225e-05 0)
(4.47614e-06 0 0)
(0 1.0862e-09 0)
(-0.0619766 0 0)
(0 8.4482e-10 0)
(-0.0986748 -0.0259499 9.03918e-18)
(0 -0.00260191 0)
(-1.01099 -0.11169 9.12605e-17)
(-0.44699 -0.46215 9.03918e-18)
(-0.998588 -0.183517 8.22213e-17)
(-0.99223 -0.169766 8.22213e-17)
(-0.921913 -0.163611 0)
(-1.02146 -0.203274 0)
(-0.802719 -0.0591316 0)
(-0.99207 -0.156998 0)
(-0.655835 0.0926567 0)
(-0.910903 -0.0333552 0)
(-0.487746 0.246099 0)
(-0.797358 0.106153 0)
(-0.301567 0.383765 0)
(-0.65081 0.238666 0)
(-0.10385 0.495517 0)
(-0.477781 0.35372 0)
(0.0972187 0.575242 0)
(-0.28775 0.442382 0)
(0.293739 0.620979 0)
(-0.0889891 0.502003 0)
(0.477987 0.635032 0)
(0.108948 0.532435 0)
(0.646135 0.62323 0)
(0.299367 0.537411 0)
(0.795336 0.591461 0)
(0.477452 0.522192 0)
(0.923677 0.544916 0)
(0.639109 0.491484 0)
(1.03069 0.488527 0)
(0.781724 0.449467 0)
(1.11748 0.426865 0)
(0.904146 0.400051 0)
(1.18547 0.363826 0)
(1.00643 0.34707 0)
(1.23638 0.302566 0)
(1.08944 0.293862 0)
(1.27243 0.245551 0)
(1.15446 0.242944 0)
(1.29631 0.194486 0)
(1.2036 0.196183 0)
(1.31063 0.15021 0)
(1.23938 0.154706 0)
(1.31759 0.112916 0)
(1.26428 0.118959 0)
(1.31926 0.0823337 0)
(1.28053 0.0890474 0)
(1.31734 0.0578688 0)
(1.2902 0.0646564 0)
(1.31314 0.0387575 0)
(1.29504 0.0452363 0)
(1.30769 0.0241956 0)
(1.29646 0.0301285 0)
(1.30169 0.0134103 0)
(1.29556 0.0186619 0)
(1.29566 0.00569584 0)
(1.29322 0.0101985 0)
(1.28989 0.000412824 0)
(1.29004 0.00418532 0)
(1.28459 -0.00300299 0)
(1.28649 9.59189e-05 0)
(1.27984 -0.00502374 0)
(1.28288 -0.00251229 0)
(1.27572 -0.00603854 0)
(1.27937 -0.00405553 0)
(1.27221 -0.00634245 0)
(1.27615 -0.00480869 0)
(1.26927 -0.00616956 0)
(1.27327 -0.00500406 0)
(1.26685 -0.00568586 0)
(1.27083 -0.00483215 0)
(1.2649 -0.00505998 0)
(1.26866 -0.00441019 0)
(1.2633 -0.0042692 0)
(1.26708 -0.0039214 0)
(1.26501 -0.00317478 0)
(1.00106 0.00379538 0)
(1.00028 0.00134153 0)
(1.00435 0.00754127 0)
(1.00199 0.00418735 0)
(1.00969 0.0108523 0)
(1.00599 0.00688205 0)
(1.01668 0.013402 0)
(1.01191 0.0091107 0)
(1.02481 0.0150169 0)
(1.01918 0.010685 0)
(1.03355 0.0156206 0)
(1.02728 0.0115213 0)
(1.04236 0.0151679 0)
(1.03568 0.0115822 0)
(1.05069 0.0136176 0)
(1.0439 0.0108324 0)
(1.05801 0.0109204 0)
(1.05134 0.00923847 0)
(1.06376 0.00701404 0)
(1.05746 0.00674612 0)
(1.0674 0.0017872 0)
(1.06167 0.00328858 0)
(1.06822 -0.00498238 0)
(1.06336 -0.00117736 0)
(1.06549 -0.0136308 0)
(1.06183 -0.00695206 0)
(1.05827 -0.0246201 0)
(1.05614 -0.0143091 0)
(1.04541 -0.038589 0)
(1.04521 -0.0236643 0)
(1.02546 -0.0564177 0)
(1.02767 -0.0355886 0)
(0.996529 -0.079334 0)
(1.00177 -0.0508775 0)
(0.956181 -0.10907 0)
(0.965179 -0.0706512 0)
(0.901186 -0.148099 0)
(0.914861 -0.0965081 0)
(0.827234 -0.200013 0)
(0.846727 -0.130762 0)
(0.72851 -0.270132 0)
(0.755237 -0.176832 0)
(0.597093 -0.366469 0)
(0.632789 -0.239903 0)
(0.422117 -0.500306 0)
(0.469017 -0.327932 0)
(0.187885 -0.67731 0)
(0.252653 -0.45138 0)
(-0.129149 -0.829068 0)
(-0.0470049 -0.605523 1.99231e-32)
(-0.550077 -0.699875 -9.78805e-18)
(-0.503629 -0.673166 -1.71492e-32)
(0.745932 -0.25901 -9.78805e-18)
(-0.863342 -0.364218 -5.92406e-17)
(0.31378 0 0)
(0 0.430082 0)
(0.122872 0 0)
(0 0.12459 0)
(-0.0168647 0 0)
(0 0.0135563 0)
(0.002465 0 0)
(0 -0.00375644 0)
(-0.00223657 0 0)
(0 -0.00237506 0)
(-0.000441801 0 0)
(0 -0.000640758 0)
(9.77719e-09 0 0)
(0 3.96464e-10 0)
(1.87017e-08 0 0)
(0 -3.39616e-11 0)
(0.000124666 0 0)
(0 -1.07827e-12 0)
(-0.0775705 0 0)
(0 2.22778e-06 0)
(0.251031 -0.0803142 0)
(0 -0.00891511 0)
(-1.07171 -0.186463 0)
(-0.861342 -0.100318 0)
(-1.08772 -0.195576 0)
(-1.05942 -0.187267 0)
(-1.08822 -0.126237 0)
(-1.15275 -0.156503 0)
(-1.04893 -0.0132679 0)
(-1.17339 -0.0726393 0)
(-0.963181 0.10575 0)
(-1.14404 0.0204018 0)
(-0.833713 0.215708 0)
(-1.06224 0.109198 0)
(-0.670342 0.307162 0)
(-0.931977 0.190349 0)
(-0.482239 0.37516 0)
(-0.765109 0.254278 0)
(-0.279518 0.418507 0)
(-0.571716 0.299283 0)
(-0.0722785 0.438641 0)
(-0.363558 0.325196 0)
(0.130855 0.43915 0)
(-0.151037 0.334277 0)
(0.323113 0.424036 0)
(0.0573234 0.329935 0)
(0.499884 0.396968 0)
(0.2556 0.314713 0)
(0.657922 0.361382 0)
(0.438755 0.29143 0)
(0.795624 0.320461 0)
(0.60405 0.262348 0)
(0.912583 0.277305 0)
(0.747681 0.230111 0)
(1.00916 0.234499 0)
(0.870782 0.197289 0)
(1.08669 0.193865 0)
(0.973027 0.165407 0)
(1.1473 0.156685 0)
(1.05578 0.135571 0)
(1.1934 0.123752 0)
(1.12123 0.108615 0)
(1.22734 0.0954193 0)
(1.17173 0.0850155 0)
(1.25145 0.0716898 0)
(1.20961 0.0649401 0)
(1.26781 0.0523 0)
(1.23717 0.0482944 0)
(1.27823 0.0368255 0)
(1.25649 0.0348147 0)
(1.28421 0.0247613 0)
(1.2694 0.0241455 0)
(1.28698 0.015581 0)
(1.27744 0.0158939 0)
(1.28751 0.00878751 0)
(1.28187 0.00967071 0)
(1.28657 0.0039351 0)
(1.28373 0.00511941 0)
(1.28473 0.000624879 0)
(1.28383 0.00193806 0)
(1.28235 -0.00151559 0)
(1.28281 -0.000126319 0)
(1.27976 -0.00279495 0)
(1.28111 -0.00147083 0)
(1.2772 -0.00344432 0)
(1.27906 -0.00224837 0)
(1.27481 -0.00364915 0)
(1.27689 -0.00261188 0)
(1.27266 -0.00354478 0)
(1.27484 -0.00268036 0)
(1.27079 -0.003264 0)
(1.27286 -0.00253913 0)
(1.26917 -0.00282282 0)
(1.27135 -0.0023089 0)
(1.26922 -0.001909 0)
(1.00091 0.00179959 0)
(1.00025 0.000431846 0)
(1.00375 0.0035872 0)
(1.00177 0.00134535 0)
(1.00841 0.0051826 0)
(1.00541 0.0022197 0)
(1.01458 0.00642036 0)
(1.01082 0.00295016 0)
(1.0218 0.00720633 0)
(1.0175 0.00346506 0)
(1.02958 0.00749612 0)
(1.02496 0.00373806 0)
(1.03741 0.00726107 0)
(1.03272 0.00375551 0)
(1.04474 0.00647367 0)
(1.04029 0.00350381 0)
(1.051 0.00509845 0)
(1.04705 0.00297056 0)
(1.05562 0.00307928 0)
(1.05245 0.00213518 0)
(1.05796 0.000416008 0)
(1.05592 0.000939424 0)
(1.05736 -0.00301953 0)
(1.05659 -0.000568634 0)
(1.05292 -0.00745839 0)
(1.05404 -0.002513 0)
(1.04361 -0.0131126 0)
(1.04709 -0.005005 0)
(1.02814 -0.0203215 0)
(1.0346 -0.00818555 0)
(1.0048 -0.029554 0)
(1.01507 -0.0122497 0)
(0.971397 -0.0414685 0)
(0.986556 -0.0174735 0)
(0.924997 -0.0570004 0)
(0.946479 -0.0242494 0)
(0.861632 -0.0774979 0)
(0.891387 -0.0331399 0)
(0.77584 -0.10494 0)
(0.816571 -0.0449659 0)
(0.659963 -0.142293 0)
(0.715513 -0.0609511 0)
(0.50304 -0.194059 0)
(0.579054 -0.0829752 0)
(0.28906 -0.266281 0)
(0.394558 -0.113947 0)
(-0.00537368 -0.360138 1.99231e-32)
(0.147604 -0.156941 0)
(-0.401664 -0.417705 2.53806e-33)
(-0.21301 -0.209228 1.99231e-32)
(-0.851804 -0.30062 -4.94526e-17)
(-0.708843 -0.223022 -1.71492e-32)
(1.51183 -0.0888831 -4.94526e-17)
(-0.94524 -0.0882027 -4.94526e-17)
(0.0728552 0 0)
(0 -0.131568 0)
(0.121189 0 0)
(0 -0.0354445 0)
(0.00288115 0 0)
(0 -0.0215775 0)
(0.00361711 0 0)
(0 -0.0070453 0)
(-0.00219268 0 0)
(0 -0.000672546 0)
(-0.000158331 0 0)
(0 -9.42658e-05 0)
(7.79959e-09 0 0)
(0 -1.33414e-11 0)
(1.59701e-08 0 0)
(0 -2.46799e-12 0)
(3.54105e-08 0 0)
(0 9.26067e-10 0)
(-0.0210458 0 0)
(0 1.13027e-10 0)
(0.140024 -0.0341535 0)
(0 -0.00161546 0)
(-1.01197 -0.098461 0)
(-0.770509 -0.0545996 0)
(-1.13016 -0.122894 0)
(-1.05235 -0.0690799 0)
(-1.22697 -0.0885614 0)
(-1.21907 -0.0596911 0)
(-1.26771 -0.029689 0)
(-1.29272 -0.0318981 0)
(-1.24563 0.0318981 0)
(-1.31069 -0.00167611 0)
(-1.16577 0.0926803 0)
(-1.27425 0.0293336 0)
(-1.03463 0.145336 0)
(-1.17039 0.0592066 0)
(-0.862674 0.185127 0)
(-1.02108 0.082326 0)
(-0.662419 0.211678 0)
(-0.834241 0.099028 0)
(-0.446343 0.225733 0)
(-0.623781 0.109119 0)
(-0.22538 0.229163 0)
(-0.401724 0.113315 0)
(-0.00814117 0.223889 0)
(-0.178915 0.112696 0)
(0.198193 0.211672 0)
(0.0376619 0.108379 0)
(0.388449 0.194228 0)
(0.241746 0.101173 0)
(0.559168 0.173267 0)
(0.433156 0.0916303 0)
(0.708741 0.150836 0)
(0.595694 0.0805382 0)
(0.836644 0.128602 0)
(0.741283 0.0693861 0)
(0.943347 0.107383 0)
(0.864641 0.0587034 0)
(1.03045 0.0877101 0)
(0.966591 0.0484651 0)
(1.09996 0.0700517 0)
(1.04924 0.0391061 0)
(1.15413 0.0546816 0)
(1.11475 0.0308499 0)
(1.1953 0.0416658 0)
(1.16543 0.0237712 0)
(1.22573 0.0309113 0)
(1.20365 0.017856 0)
(1.24752 0.0222264 0)
(1.23168 0.0130292 0)
(1.26249 0.0153663 0)
(1.25153 0.00917965 0)
(1.2722 0.0100711 0)
(1.265 0.00617815 0)
(1.27798 0.00608841 0)
(1.27358 0.00389359 0)
(1.2809 0.00319682 0)
(1.27854 0.00219937 0)
(1.28186 0.00123546 0)
(1.28089 0.000981719 0)
(1.28152 -5.86187e-05 0)
(1.28143 0.000205942 0)
(1.28036 -0.000912071 0)
(1.28091 -0.000309793 0)
(1.27873 -0.00140392 0)
(1.27968 -0.000615388 0)
(1.2769 -0.00163046 0)
(1.27804 -0.000785109 0)
(1.27507 -0.00166528 0)
(1.27628 -0.000844732 0)
(1.27335 -0.00157889 0)
(1.27447 -0.000822609 0)
(1.2718 -0.00139197 0)
(1.27302 -0.000759376 0)
(1.2709 -0.000635372 0)
(1.00086 1.40549e-06 0)
(1.00026 -0.00042746 0)
(1.00355 2.80786e-07 0)
(1.00177 -0.00134408 0)
(1.00799 7.31856e-07 0)
(1.00541 -0.00221905 0)
(1.01389 1.36173e-06 0)
(1.01082 -0.00294774 0)
(1.02081 1.67967e-06 0)
(1.0175 -0.00346182 0)
(1.02829 1.86022e-06 0)
(1.02496 -0.00373445 0)
(1.03579 2.07244e-06 0)
(1.03272 -0.00375159 0)
(1.0428 2.38807e-06 0)
(1.04029 -0.00349939 0)
(1.04873 2.82225e-06 0)
(1.04705 -0.00296541 0)
(1.053 3.42056e-06 0)
(1.05245 -0.00212906 0)
(1.05487 4.06076e-06 0)
(1.05592 -0.000932154 0)
(1.05373 4.59985e-06 0)
(1.05659 0.000577278 0)
(1.04869 5.13202e-06 0)
(1.05404 0.0025228 0)
(1.03867 5.57765e-06 0)
(1.04709 0.00501586 0)
(1.02229 5.75281e-06 0)
(1.0346 0.00819708 0)
(0.997779 5.70346e-06 0)
(1.01507 0.0122613 0)
(0.962823 5.38348e-06 0)
(0.986556 0.0174848 0)
(0.914316 4.78786e-06 0)
(0.94648 0.0242597 0)
(0.848031 3.76654e-06 0)
(0.891387 0.0331488 0)
(0.758097 2.11911e-06 0)
(0.816571 0.0449721 0)
(0.636197 -3.95686e-07 0)
(0.715513 0.0609535 0)
(0.470256 -4.07673e-06 0)
(0.579054 0.0829715 0)
(0.242381 -9.9701e-06 0)
(0.394557 0.113934 0)
(-0.0714692 -2.43411e-05 0)
(0.147602 0.156914 0)
(-0.489855 -3.31847e-05 0)
(-0.213017 0.209163 0)
(-0.935809 -2.407e-05 0)
(-0.708848 0.222936 0)
(1.32805 -8.36004e-06 0)
(-0.945237 0.0881676 4.94438e-17)
(0.134318 0 0)
(0 0.131495 0)
(0.0941631 0 0)
(0 0.0354211 0)
(0.000904554 0 0)
(0 0.0215402 0)
(0.00459125 0 0)
(0 0.00704411 0)
(-0.00210957 0 0)
(0 0.000671971 0)
(-7.38487e-05 0 0)
(0 9.42711e-05 0)
(6.95441e-09 0 0)
(0 1.3485e-11 0)
(1.63688e-08 0 0)
(0 6.53512e-12 0)
(2.8459e-08 0 0)
(0 -1.15638e-09 0)
(-0.0251611 0 0)
(0 -1.1989e-10 0)
(0.0372683 4.20402e-05 0)
(0 0.00162627 0)
(-1.01534 0.000124813 0)
(-0.77054 0.0547916 0)
(-1.15385 0.000176322 0)
(-1.0524 0.0694333 0)
(-1.27361 0.00018288 0)
(-1.21911 0.0600663 0)
(-1.33776 0.000166771 0)
(-1.29276 0.0322528 0)
(-1.34143 0.000140353 0)
(-1.31073 0.00199774 0)
(-1.28301 0.000105575 0)
(-1.27428 -0.0290889 0)
(-1.16476 6.33768e-05 0)
(-1.1704 -0.0590436 0)
(-1.00018 1.99956e-05 0)
(-1.02107 -0.0822492 0)
(-0.802122 -2.00208e-05 0)
(-0.834216 -0.0990338 0)
(-0.583808 -5.33297e-05 0)
(-0.623742 -0.109196 0)
(-0.357046 -7.84446e-05 0)
(-0.401677 -0.113447 0)
(-0.131481 -9.52299e-05 0)
(-0.178862 -0.112868 0)
(0.0854741 -0.000103974 0)
(0.0377165 -0.108576 0)
(0.288024 -0.00010245 0)
(0.241798 -0.101376 0)
(0.47148 -9.19134e-05 0)
(0.433216 -0.0918257 0)
(0.632728 -7.971e-05 0)
(0.595734 -0.0807097 0)
(0.771642 -6.59022e-05 0)
(0.741319 -0.0695282 0)
(0.889161 -5.13104e-05 0)
(0.864671 -0.0588153 0)
(0.986176 -3.82984e-05 0)
(0.966614 -0.0485505 0)
(1.06445 -2.59886e-05 0)
(1.04925 -0.0391655 0)
(1.12619 -1.60595e-05 0)
(1.11476 -0.0308878 0)
(1.17375 -8.65814e-06 0)
(1.16544 -0.0237926 0)
(1.20947 -3.54593e-06 0)
(1.20366 -0.0178657 0)
(1.23553 -3.76786e-07 0)
(1.23168 -0.0130313 0)
(1.25389 1.23895e-06 0)
(1.25153 -0.00917759 0)
(1.26624 1.69655e-06 0)
(1.265 -0.0061744 0)
(1.27403 1.40039e-06 0)
(1.27359 -0.00389005 0)
(1.27842 7.25006e-07 0)
(1.27854 -0.00219704 0)
(1.28038 -4.21146e-08 0)
(1.28089 -0.000980925 0)
(1.2808 -5.75548e-07 0)
(1.28143 -0.000206583 0)
(1.28018 -9.29356e-07 0)
(1.28091 0.000308269 0)
(1.27895 -1.18555e-06 0)
(1.27968 0.000613159 0)
(1.27738 -1.2578e-06 0)
(1.27804 0.000782644 0)
(1.2757 -1.2307e-06 0)
(1.27628 0.000842243 0)
(1.27405 -1.12004e-06 0)
(1.27447 0.000820291 0)
(1.27254 -9.63624e-07 0)
(1.27302 0.000757334 0)
(1.2709 0.000633656 0)
(1.00091 -0.00179676 0)
(1.00029 -0.0013391 0)
(1.00375 -0.00358603 0)
(1.00199 -0.00418431 0)
(1.00842 -0.00518112 0)
(1.00599 -0.00688167 0)
(1.01458 -0.00641755 0)
(1.01191 -0.00910791 0)
(1.0218 -0.00720294 0)
(1.01918 -0.0106816 0)
(1.02958 -0.00749239 0)
(1.02728 -0.0115177 0)
(1.03741 -0.00725693 0)
(1.03568 -0.0115782 0)
(1.04474 -0.00646892 0)
(1.0439 -0.010828 0)
(1.051 -0.00509285 0)
(1.05134 -0.00923338 0)
(1.05562 -0.00307272 0)
(1.05746 -0.00674006 0)
(1.05796 -0.000408209 0)
(1.06167 -0.00328145 0)
(1.05736 0.00302874 0)
(1.06336 0.00118586 0)
(1.05292 0.0074688 0)
(1.06183 0.00696183 0)
(1.04361 0.0131239 0)
(1.05614 0.01432 0)
(1.02814 0.0203332 0)
(1.04521 0.0236759 0)
(1.0048 0.0295657 0)
(1.02767 0.0356007 0)
(0.971397 0.0414796 0)
(1.00177 0.0508892 0)
(0.924998 0.0570104 0)
(0.96518 0.0706625 0)
(0.861632 0.077506 0)
(0.914862 0.0965176 0)
(0.77584 0.104944 0)
(0.846728 0.130769 0)
(0.659962 0.142293 0)
(0.755236 0.176836 0)
(0.503038 0.194051 0)
(0.632788 0.239901 0)
(0.289055 0.266262 0)
(0.469013 0.327921 0)
(-0.00537997 0.360093 0)
(0.252646 0.451355 0)
(-0.401674 0.417618 0)
(-0.0470214 0.605461 0)
(-0.851808 0.300545 4.94438e-17)
(-0.503652 0.673076 0)
(1.51215 0.0888629 4.94438e-17)
(-0.863349 0.364187 5.92317e-17)
(0.0729571 0 0)
(0 -0.430254 0)
(0.121224 0 0)
(0 -0.124625 0)
(0.00288204 0 0)
(0 -0.0137004 0)
(0.00361861 0 0)
(0 0.00375279 0)
(-0.00219339 0 0)
(0 0.00237359 0)
(-0.000158391 0 0)
(0 0.000640509 0)
(7.7575e-09 0 0)
(0 -3.95737e-10 0)
(1.57548e-08 0 0)
(0 3.72396e-11 0)
(3.53432e-08 0 0)
(0 1.00626e-11 0)
(-0.0210487 0 0)
(0 -1.9314e-06 0)
(0.139995 0.0342434 0)
(0 0.00893192 0)
(-1.01205 0.0987171 0)
(-0.861436 0.100611 0)
(-1.13024 0.123246 0)
(-1.05954 0.187627 0)
(-1.22705 0.0889218 0)
(-1.15287 0.156876 0)
(-1.26779 0.030019 0)
(-1.17351 0.07299 0)
(-1.24569 -0.031623 0)
(-1.14414 -0.0201006 0)
(-1.1658 -0.0924844 0)
(-1.06229 -0.108981 0)
(-1.03462 -0.145226 0)
(-0.931989 -0.190218 0)
(-0.862639 -0.185101 0)
(-0.765073 -0.254234 0)
(-0.662356 -0.211726 0)
(-0.571637 -0.299317 0)
(-0.446258 -0.22584 0)
(-0.363447 -0.325294 0)
(-0.22528 -0.229316 0)
(-0.150902 -0.334425 0)
(-0.00803402 -0.224072 0)
(0.0574725 -0.330115 0)
(0.1983 -0.211868 0)
(0.255754 -0.31491 0)
(0.38855 -0.194433 0)
(0.438902 -0.291627 0)
(0.559258 -0.173455 0)
(0.604197 -0.262533 0)
(0.708818 -0.150986 0)
(0.747798 -0.23027 0)
(0.83671 -0.128726 0)
(0.870882 -0.19742 0)
(0.943401 -0.107478 0)
(0.973108 -0.165507 0)
(1.03049 -0.0877784 0)
(1.05584 -0.135643 0)
(1.09999 -0.0700971 0)
(1.12128 -0.108663 0)
(1.15415 -0.0547088 0)
(1.17176 -0.0850443 0)
(1.19531 -0.0416796 0)
(1.20963 -0.0649546 0)
(1.22574 -0.0309161 0)
(1.23718 -0.0482994 0)
(1.24753 -0.0222257 0)
(1.2565 -0.0348137 0)
(1.26249 -0.0153631 0)
(1.26941 -0.0241417 0)
(1.2722 -0.0100672 0)
(1.27744 -0.0158892 0)
(1.27798 -0.00608541 0)
(1.28187 -0.00966676 0)
(1.2809 -0.0031952 0)
(1.28373 -0.00511686 0)
(1.28186 -0.00123535 0)
(1.28383 -0.00193711 0)
(1.28153 5.75131e-05 0)
(1.28281 0.000125834 0)
(1.28036 0.000910175 0)
(1.28112 0.0014694 0)
(1.27873 0.00140158 0)
(1.27906 0.0022463 0)
(1.2769 0.001628 0)
(1.2769 0.00260958 0)
(1.27507 0.00166292 0)
(1.27485 0.00267809 0)
(1.27335 0.00157676 0)
(1.27287 0.00253703 0)
(1.2718 0.00139015 0)
(1.27135 0.00230707 0)
(1.26922 0.00190748 0)
(1.00106 -0.00379283 0)
(1.00035 -0.00240171 0)
(1.00435 -0.00753906 0)
(1.00242 -0.00746864 0)
(1.00969 -0.0108506 0)
(1.00721 -0.0122217 0)
(1.01668 -0.0133987 0)
(1.01421 -0.0160993 0)
(1.02481 -0.0150133 0)
(1.02272 -0.0188163 0)
(1.03355 -0.0156168 0)
(1.03211 -0.0202579 0)
(1.04236 -0.0151638 0)
(1.04184 -0.0203842 0)
(1.05069 -0.0136129 0)
(1.0514 -0.0191591 0)
(1.05801 -0.0109149 0)
(1.06021 -0.0165474 0)
(1.06376 -0.00700754 0)
(1.06775 -0.0124925 0)
(1.0674 -0.00177943 0)
(1.07351 -0.00691856 0)
(1.06822 0.00499148 0)
(1.07693 0.000362673 0)
(1.06549 0.0136411 0)
(1.07736 0.00969428 0)
(1.05827 0.0246315 0)
(1.07403 0.0215399 0)
(1.04541 0.0386012 0)
(1.06603 0.0365342 0)
(1.02546 0.0564301 0)
(1.05222 0.0555571 0)
(0.99653 0.0793461 0)
(1.03119 0.0798201 0)
(0.956182 0.109081 0)
(1.0011 0.111013 0)
(0.901187 0.148108 0)
(0.959661 0.151517 0)
(0.827234 0.20002 0)
(0.903884 0.204725 0)
(0.72851 0.270134 0)
(0.82995 0.275564 0)
(0.59709 0.366465 0)
(0.733002 0.371325 0)
(0.42211 0.50029 0)
(0.60683 0.502906 0)
(0.18787 0.677269 0)
(0.4448 0.685598 0)
(-0.129172 0.829001 0)
(0.239724 0.922509 0)
(-0.550106 0.699812 9.78793e-18)
(-0.0847196 1.09401 0)
(0.746017 0.258985 9.78793e-18)
(-0.562451 0.770796 -7.93922e-18)
(0.313842 0 0)
(-0.42177 -0.554334 -2.5443e-17)
(0.122895 0 0)
(0 -0.0882684 0)
(-0.0167022 0 0)
(0 -0.0971991 0)
(0.00246805 0 0)
(0 -0.0165108 0)
(-0.00223628 0 0)
(0 -0.00386561 0)
(-0.000441691 0 0)
(0 0.00138529 0)
(9.77373e-09 0 0)
(0 5.06186e-05 0)
(1.87029e-08 0 0)
(0 -1.08575e-09 0)
(0.000116157 0 0)
(0 -8.40749e-10 0)
(-0.0775908 0 0)
(0 0.00260306 0)
(0.25095 0.0804715 0)
(-0.447041 0.462238 -8.90791e-18)
(-1.07184 0.186802 0)
(-0.992416 0.170093 -8.3055e-17)
(-1.08787 0.195945 0)
(-1.02165 0.203654 0)
(-1.08837 0.126598 0)
(-0.99227 0.157379 0)
(-1.04907 0.0135848 0)
(-0.911078 0.0336888 0)
(-0.963272 -0.10551 0)
(-0.797482 -0.105899 0)
(-0.833752 -0.215559 0)
(-0.650863 -0.238501 0)
(-0.670323 -0.3071 0)
(-0.477763 -0.353647 0)
(-0.482162 -0.375178 0)
(-0.287661 -0.442395 0)
(-0.279392 -0.418592 0)
(-0.08884 -0.502087 0)
(-0.0721164 -0.438777 0)
(0.10914 -0.53257 0)
(0.131041 -0.439322 0)
(0.299586 -0.537582 0)
(0.323309 -0.424227 0)
(0.477684 -0.522383 0)
(0.500078 -0.397164 0)
(0.639339 -0.491679 0)
(0.658104 -0.361567 0)
(0.781941 -0.449652 0)
(0.795787 -0.320625 0)
(0.90434 -0.400216 0)
(0.912723 -0.277441 0)
(1.00659 -0.347206 0)
(1.00927 -0.234605 0)
(1.08957 -0.293966 0)
(1.08678 -0.193942 0)
(1.15457 -0.243019 0)
(1.14737 -0.156736 0)
(1.20368 -0.196233 0)
(1.19344 -0.123784 0)
(1.23944 -0.154735 0)
(1.22737 -0.0954352 0)
(1.26432 -0.118973 0)
(1.25147 -0.0716953 0)
(1.28056 -0.0890507 0)
(1.26782 -0.0522992 0)
(1.29022 -0.0646537 0)
(1.27824 -0.0368213 0)
(1.29505 -0.0452305 0)
(1.28422 -0.024756 0)
(1.29647 -0.030122 0)
(1.28699 -0.0155762 0)
(1.29557 -0.0186559 0)
(1.28751 -0.00878404 0)
(1.29323 -0.0101942 0)
(1.28658 -0.00393325 0)
(1.29005 -0.00418247 0)
(1.28474 -0.000624554 0)
(1.2865 -9.4726e-05 0)
(1.28235 0.00151473 0)
(1.28288 0.00251211 0)
(1.27977 0.00279331 0)
(1.27937 0.00405439 0)
(1.27721 0.00344227 0)
(1.27615 0.00480699 0)
(1.27481 0.00364701 0)
(1.27328 0.00500214 0)
(1.27266 0.00354275 0)
(1.27083 0.00483029 0)
(1.27079 0.00326218 0)
(1.26867 0.00440848 0)
(1.26918 0.0028213 0)
(1.26709 0.00391996 0)
(1.26501 0.0031736 0)
(1.00133 -0.00619546 0)
(1.00045 -0.00373238 0)
(1.00542 -0.0122548 0)
(1.00312 -0.0115574 0)
(1.01198 -0.0175393 0)
(1.00924 -0.0187777 0)
(1.02044 -0.0215552 0)
(1.01804 -0.0245611 0)
(1.03017 -0.0240813 0)
(1.02853 -0.0285511 0)
(1.04057 -0.0250405 0)
(1.03998 -0.0306548 0)
(1.05105 -0.0244 0)
(1.05177 -0.0308685 0)
(1.06108 -0.0221295 0)
(1.06337 -0.0291885 0)
(1.07014 -0.0181869 0)
(1.0742 -0.025603 0)
(1.07772 -0.0125003 0)
(1.08378 -0.0200768 0)
(1.08332 -0.00490734 0)
(1.09166 -0.0125169 0)
(1.08637 0.00488983 0)
(1.09737 -0.00268686 0)
(1.08625 0.0173408 0)
(1.1004 0.00981464 0)
(1.08221 0.0330814 0)
(1.1002 0.0255797 0)
(1.07335 0.052979 0)
(1.09606 0.0454036 0)
(1.05853 0.078219 0)
(1.08719 0.0703701 0)
(1.0364 0.110436 0)
(1.07261 0.101958 0)
(1.00522 0.151905 0)
(1.05115 0.142197 0)
(0.962842 0.205819 0)
(1.02144 0.193896 0)
(0.906606 0.276723 0)
(0.981864 0.260963 0)
(0.833275 0.371221 0)
(0.930674 0.348899 0)
(0.739006 0.499003 0)
(0.866121 0.465596 0)
(0.619457 0.674015 0)
(0.786818 0.622458 0)
(0.469391 0.909475 0)
(0.692215 0.835667 0)
(0.271304 1.16463 0)
(0.586464 1.1206 0)
(-0.049515 1.12427 -1.77271e-17)
(0.446503 1.41484 0)
(-0.599877 0.588574 -4.31702e-17)
(0.0862202 1.32044 -1.77271e-17)
(0.648831 0.107144 -2.5443e-17)
(-0.546806 0.617287 -6.56662e-17)
(-0.0458182 0 0)
(-0.431066 -0.330633 0)
(0.0640971 0 0)
(0 0.0539463 0)
(0.000400767 0 0)
(0 0.0151628 0)
(0.00407499 0 0)
(0 0.00502226 0)
(-0.00112002 0 0)
(0 -0.00193351 0)
(-5.16832e-06 0 0)
(0 0.00207945 0)
(3.88385e-06 0 0)
(0 0.00282277 0)
(-0.0619231 0 0)
(0 0.00279369 0)
(-0.0986062 0.0260382 -8.90791e-18)
(-0.470202 0.423995 -1.65573e-17)
(-1.01118 0.111954 -9.19629e-17)
(-0.901544 0.0478566 -3.70163e-16)
(-0.998805 0.183887 -8.3055e-17)
(-0.91374 0.135138 -8.3055e-17)
(-0.922152 0.163998 0)
(-0.810035 0.127 0)
(-0.802942 0.0594821 0)
(-0.651932 0.0381681 0)
(-0.655993 -0.0923836 0)
(-0.453857 -0.11326 0)
(-0.487826 -0.245919 0)
(-0.250977 -0.274066 0)
(-0.301563 -0.383681 0)
(-0.0414482 -0.424764 0)
(-0.103764 -0.495522 0)
(0.167262 -0.551446 0)
(0.0973769 -0.575321 0)
(0.366429 -0.643536 0)
(0.293953 -0.621113 0)
(0.550327 -0.698663 0)
(0.478237 -0.635202 0)
(0.715221 -0.716854 0)
(0.6464 -0.623419 0)
(0.861578 -0.705745 0)
(0.795602 -0.591655 0)
(0.988562 -0.671584 0)
(0.923929 -0.5451 0)
(1.09433 -0.620006 0)
(1.03092 -0.488692 0)
(1.17951 -0.556646 0)
(1.11768 -0.427002 0)
(1.24552 -0.48697 0)
(1.18563 -0.363932 0)
(1.29435 -0.415163 0)
(1.23651 -0.302642 0)
(1.32772 -0.344842 0)
(1.27253 -0.2456 0)
(1.34793 -0.279036 0)
(1.29638 -0.194513 0)
(1.3577 -0.220089 0)
(1.31068 -0.150222 0)
(1.35964 -0.169029 0)
(1.31763 -0.112917 0)
(1.3559 -0.125924 0)
(1.31928 -0.0823288 0)
(1.34846 -0.0907079 0)
(1.31735 -0.0578612 0)
(1.33888 -0.0627207 0)
(1.31316 -0.0387494 0)
(1.32837 -0.0410345 0)
(1.3077 -0.0241884 0)
(1.31779 -0.0246633 0)
(1.3017 -0.0134048 0)
(1.3077 -0.0126618 0)
(1.29567 -0.00569216 0)
(1.29848 -0.00415816 0)
(1.2899 -0.000410674 0)
(1.29027 0.00158328 0)
(1.2846 0.00300367 0)
(1.28316 0.00520983 0)
(1.27985 0.00502328 0)
(1.27712 0.00725849 0)
(1.27572 0.00603733 0)
(1.27206 0.00818059 0)
(1.27221 0.00634086 0)
(1.26793 0.00831904 0)
(1.26928 0.00616791 0)
(1.26456 0.00793695 0)
(1.26686 0.00568431 0)
(1.26192 0.00725049 0)
(1.2649 0.00505864 0)
(1.25974 0.00636595 0)
(1.2633 0.00426812 0)
(1.25823 0.00551727 0)
(1.25641 0.00435614 0)
(1.00176 -0.00927868 0)
(1.00061 -0.00549673 0)
(1.00715 -0.0182329 0)
(1.00426 -0.0169427 0)
(1.01563 -0.0258887 0)
(1.01247 -0.0272529 0)
(1.02635 -0.0315961 0)
(1.024 -0.0352867 0)
(1.0385 -0.0351381 0)
(1.03744 -0.040698 0)
(1.05134 -0.0364896 0)
(1.05183 -0.0434973 0)
(1.06424 -0.0356712 0)
(1.06644 -0.0437627 0)
(1.07662 -0.0326963 0)
(1.08068 -0.0415717 0)
(1.08799 -0.027558 0)
(1.094 -0.0369715 0)
(1.09789 -0.0201984 0)
(1.10593 -0.0299768 0)
(1.1059 -0.0104528 0)
(1.1161 -0.0205273 0)
(1.11162 0.00201543 0)
(1.12421 -0.00840406 0)
(1.1146 0.0177386 0)
(1.12994 0.00683414 0)
(1.11433 0.0374565 0)
(1.13298 0.025852 0)
(1.11021 0.0621711 0)
(1.13294 0.0495226 0)
(1.10156 0.0932344 0)
(1.12942 0.0790185 0)
(1.0876 0.132486 0)
(1.12198 0.115917 0)
(1.06745 0.182435 0)
(1.11016 0.16235 0)
(1.04017 0.246516 0)
(1.09354 0.221183 0)
(1.00487 0.329477 0)
(1.07187 0.296265 0)
(0.960931 0.437941 0)
(1.0453 0.392836 0)
(0.90848 0.581264 0)
(1.01482 0.518049 0)
(0.849222 0.772692 0)
(0.983042 0.681718 0)
(0.787773 1.02861 0)
(0.955366 0.897117 0)
(0.728599 1.34509 0)
(0.941346 1.17978 0)
(0.620478 1.57939 0)
(0.952999 1.52296 0)
(0.193857 1.22468 -4.02231e-17)
(0.895847 1.74706 0)
(-0.537196 0.457476 -4.02231e-17)
(0.42858 1.3064 -4.02231e-17)
(0.183758 0.0545276 0)
(-0.285944 0.443929 -3.4046e-17)
(0.0361228 0 0)
(-0.292934 0.273066 0)
(0.0153166 0 0)
(0 0.0969771 0)
(0.00512589 0 0)
(0 0.0260102 0)
(0.00733338 0 0)
(0 0.010159 0)
(0.000275946 0 0)
(0 0.000360124 0)
(-0.0703362 0 0)
(0 -0.00749185 0)
(-0.173772 0.00178947 -1.65573e-17)
(-0.350462 0.547109 -4.93359e-18)
(-0.931656 0.0300614 -3.77812e-16)
(-0.7699 -0.0507932 -1.65573e-17)
(-0.913424 0.0797189 -3.61255e-16)
(-0.707489 -0.0418939 -3.61255e-16)
(-0.750301 0.0818869 0)
(-0.541225 -0.0279855 0)
(-0.532576 0.00307317 0)
(-0.292808 -0.0907248 0)
(-0.288274 -0.135206 0)
(-0.0185965 -0.206134 0)
(-0.0444238 -0.298407 0)
(0.262679 -0.357111 0)
(0.192215 -0.458428 0)
(0.518584 -0.510705 0)
(0.419636 -0.598856 0)
(0.749965 -0.652185 0)
(0.629078 -0.704958 0)
(0.947331 -0.760888 0)
(0.812457 -0.770779 0)
(1.11031 -0.826915 0)
(0.9679 -0.796973 0)
(1.23915 -0.854105 0)
(1.09716 -0.78912 0)
(1.34009 -0.846111 0)
(1.20404 -0.755342 0)
(1.41832 -0.812628 0)
(1.28867 -0.701588 0)
(1.47548 -0.756216 0)
(1.35193 -0.633577 0)
(1.51115 -0.683263 0)
(1.39619 -0.557092 0)
(1.52983 -0.600904 0)
(1.42414 -0.47725 0)
(1.53444 -0.514926 0)
(1.43817 -0.39816 0)
(1.5275 -0.429186 0)
(1.44045 -0.323222 0)
(1.5115 -0.347128 0)
(1.43393 -0.255253 0)
(1.48981 -0.272518 0)
(1.42148 -0.195981 0)
(1.46426 -0.20763 0)
(1.40513 -0.145713 0)
(1.43698 -0.152687 0)
(1.38684 -0.104356 0)
(1.40953 -0.107626 0)
(1.36805 -0.0715421 0)
(1.38319 -0.0719188 0)
(1.34983 -0.0462394 0)
(1.35875 -0.0445032 0)
(1.33291 -0.0272358 0)
(1.33679 -0.0241194 0)
(1.31771 -0.0133654 0)
(1.31755 -0.0094575 0)
(1.3044 -0.00358001 0)
(1.3011 0.000648374 0)
(1.29301 0.00300187 0)
(1.28735 0.00722614 0)
(1.28348 0.00711919 0)
(1.2761 0.0111168 0)
(1.27564 0.00939804 0)
(1.26706 0.013048 0)
(1.2693 0.0103604 0)
(1.25991 0.013601 0)
(1.26425 0.0104189 0)
(1.25434 0.0132332 0)
(1.26027 0.0098843 0)
(1.25008 0.0122907 0)
(1.25719 0.00899866 0)
(1.24684 0.0110189 0)
(1.25482 0.00791802 0)
(1.24445 0.00962041 0)
(1.25303 0.00681594 0)
(1.24264 0.00816069 0)
(1.25165 0.00560226 0)
(1.24144 0.00689554 0)
(1.24016 0.00530764 0)
(1.00246 -0.0134396 0)
(1.00088 -0.00796017 0)
(1.0099 -0.0261672 0)
(1.00612 -0.0243768 0)
(1.0213 -0.0367412 0)
(1.01763 -0.0386511 0)
(1.03535 -0.0444063 0)
(1.03327 -0.0493381 0)
(1.05092 -0.0490476 0)
(1.05088 -0.0562681 0)
(1.06706 -0.0507541 0)
(1.0691 -0.0596434 0)
(1.08301 -0.0496535 0)
(1.08709 -0.0597122 0)
(1.09818 -0.0458539 0)
(1.1042 -0.056736 0)
(1.11207 -0.0394235 0)
(1.11987 -0.0508577 0)
(1.12426 -0.0303909 0)
(1.13364 -0.0421727 0)
(1.13452 -0.0186464 0)
(1.14533 -0.0307861 0)
(1.14265 -0.00384548 0)
(1.15494 -0.0165373 0)
(1.14845 0.014578 0)
(1.16248 0.00103879 0)
(1.15172 0.0374032 0)
(1.16794 0.0225835 0)
(1.15225 0.0656664 0)
(1.17133 0.0489898 0)
(1.14986 0.100739 0)
(1.17266 0.0814088 0)
(1.14441 0.144465 0)
(1.17203 0.121369 0)
(1.13585 0.199313 0)
(1.16969 0.170915 0)
(1.12432 0.268527 0)
(1.16609 0.232712 0)
(1.11045 0.356395 0)
(1.16206 0.310138 0)
(1.09573 0.468627 0)
(1.15923 0.40755 0)
(1.08322 0.612821 0)
(1.16046 0.53056 0)
(1.07865 0.799012 0)
(1.17072 0.686295 0)
(1.09215 1.04004 0)
(1.19849 0.883613 0)
(1.13924 1.34599 0)
(1.25747 1.13269 0)
(1.22328 1.67924 0)
(1.36613 1.43891 0)
(1.20891 1.81494 0)
(1.52026 1.76143 0)
(0.699602 1.36184 -3.4046e-17)
(1.55461 1.81571 0)
(0.11736 0.573812 -3.4046e-17)
(1.14748 1.39121 -3.4046e-17)
(-0.43414 0.105638 0)
(0.468814 0.668011 2.08663e-17)
(-0.104502 0 0)
(0.441594 0.992401 1.39424e-16)
(-0.0148784 0 0)
(0.135871 1.21277 0)
(-0.0138027 0 0)
(-0.1419 1.2944 0)
(-0.0251087 0 0)
(-0.039541 1.43064 3.62248e-18)
(0.103444 -0.0221098 -4.93359e-18)
(0.0513116 1.75819 -1.94865e-16)
(-0.639669 -0.0796941 -4.93359e-18)
(-0.251503 -0.210479 -5.98934e-17)
(-0.609503 -0.119193 0)
(-0.115506 -0.261497 0)
(-0.381116 -0.144434 0)
(0.0822303 -0.27028 0)
(-0.0817114 -0.206792 0)
(0.370196 -0.327391 0)
(0.23632 -0.306745 0)
(0.67333 -0.408756 0)
(0.546492 -0.436644 0)
(0.964292 -0.516307 0)
(0.828998 -0.57793 0)
(1.22922 -0.639616 0)
(1.07259 -0.71056 0)
(1.4432 -0.754297 0)
(1.27121 -0.817605 0)
(1.61065 -0.850805 0)
(1.42234 -0.884765 0)
(1.72932 -0.912018 0)
(1.53201 -0.911068 0)
(1.8073 -0.936579 0)
(1.60949 -0.903799 0)
(1.84814 -0.931595 0)
(1.66061 -0.871055 0)
(1.86492 -0.897226 0)
(1.69001 -0.815822 0)
(1.86145 -0.842026 0)
(1.69903 -0.740637 0)
(1.8381 -0.765232 0)
(1.69059 -0.65356 0)
(1.80311 -0.674827 0)
(1.66975 -0.561716 0)
(1.75744 -0.580065 0)
(1.63918 -0.469333 0)
(1.70574 -0.48436 0)
(1.60213 -0.379843 0)
(1.65077 -0.392129 0)
(1.56187 -0.297541 0)
(1.59525 -0.306872 0)
(1.52076 -0.225738 0)
(1.54176 -0.231403 0)
(1.48021 -0.16512 0)
(1.49096 -0.167079 0)
(1.44156 -0.115413 0)
(1.44403 -0.11404 0)
(1.40594 -0.0759678 0)
(1.40178 -0.0720123 0)
(1.3739 -0.0455399 0)
(1.36459 -0.0398723 0)
(1.34567 -0.0228865 0)
(1.3325 -0.0162755 0)
(1.32139 -0.00670414 0)
(1.30546 0.000162704 0)
(1.3009 0.00429627 0)
(1.28317 0.0110326 0)
(1.28401 0.0112588 0)
(1.26512 0.0175355 0)
(1.27041 0.0151869 0)
(1.25084 0.0208274 0)
(1.25966 0.0169313 0)
(1.23974 0.0218682 0)
(1.25131 0.0171665 0)
(1.2313 0.0213945 0)
(1.24494 0.0164136 0)
(1.225 0.0199682 0)
(1.24017 0.0150647 0)
(1.22039 0.0180077 0)
(1.23665 0.0133999 0)
(1.2171 0.0158107 0)
(1.2341 0.0116254 0)
(1.21481 0.0135677 0)
(1.23229 0.00985416 0)
(1.21327 0.0114346 0)
(1.23102 0.00823317 0)
(1.21224 0.00942314 0)
(1.23015 0.00659572 0)
(1.21165 0.0077691 0)
(1.21115 0.00583907 0)
(1.00367 -0.0193381 0)
(1.00137 -0.01163 0)
(1.01441 -0.0371267 0)
(1.0094 -0.0351202 0)
(1.03027 -0.051306 0)
(1.02622 -0.0545098 0)
(1.0491 -0.061151 0)
(1.04793 -0.0681658 0)
(1.06919 -0.0667704 0)
(1.07089 -0.0763593 0)
(1.08925 -0.0685038 0)
(1.0933 -0.0796983 0)
(1.10837 -0.0667381 0)
(1.11411 -0.0788346 0)
(1.12597 -0.0617216 0)
(1.1328 -0.0743388 0)
(1.14153 -0.0536315 0)
(1.14892 -0.0664119 0)
(1.15472 -0.0426707 0)
(1.16232 -0.0553707 0)
(1.16575 -0.028872 0)
(1.17314 -0.0418134 0)
(1.17479 -0.0119656 0)
(1.18194 -0.0255768 0)
(1.18198 0.00856757 0)
(1.18917 -0.00615118 0)
(1.18753 0.0334939 0)
(1.1952 0.0170301 0)
(1.19164 0.063834 0)
(1.20039 0.0448819 0)
(1.1946 0.100887 0)
(1.20515 0.078451 0)
(1.19688 0.146378 0)
(1.21015 0.119088 0)
(1.19917 0.202541 0)
(1.21623 0.168627 0)
(1.20248 0.272136 0)
(1.22451 0.229403 0)
(1.20855 0.358607 0)
(1.23661 0.304064 0)
(1.22021 0.466273 0)
(1.25503 0.395888 0)
(1.24201 0.600397 0)
(1.28358 0.508761 0)
(1.28129 0.767148 0)
(1.328 0.647016 0)
(1.34978 0.9733 0)
(1.39704 0.815126 0)
(1.46556 1.22528 0)
(1.50417 1.0169 -7.71437e-33)
(1.65089 1.52246 0)
(1.66789 1.25358 7.20906e-33)
(1.89558 1.76148 0)
(1.91024 1.51675 0)
(2.02558 1.7905 0)
(2.19045 1.68571 0)
(1.77205 1.49498 2.08663e-17)
(2.347 1.64474 0)
(1.21746 0.929739 1.60291e-16)
(2.20472 1.4195 2.08663e-17)
(0.656295 0.347233 1.39424e-16)
(1.90473 0.978939 1.39424e-16)
(0.00657087 0.0645774 0)
(1.52582 0.436335 0)
(-0.178007 0.00725955 3.62248e-18)
(1.14118 0.0499487 0)
(-0.0216805 -0.166165 -1.91242e-16)
(1.1515 -0.197478 3.62248e-18)
(0.0775967 -0.348122 -2.49825e-16)
(1.19666 -0.410008 -1.94865e-16)
(0.244134 -0.418341 -5.49598e-17)
(1.23079 -0.511674 -5.49598e-17)
(0.526748 -0.45928 0)
(1.32422 -0.544112 0)
(0.837555 -0.500828 0)
(1.51007 -0.581087 0)
(1.13769 -0.561254 0)
(1.71449 -0.627529 0)
(1.41548 -0.638239 0)
(1.91113 -0.686546 0)
(1.65546 -0.727591 0)
(2.08157 -0.756284 0)
(1.84491 -0.816242 0)
(2.21368 -0.829067 0)
(1.97824 -0.890911 0)
(2.29524 -0.887623 0)
(2.06448 -0.940465 0)
(2.33676 -0.937044 0)
(2.11012 -0.959215 0)
(2.3408 -0.957659 0)
(2.1205 -0.953555 0)
(2.31033 -0.946962 0)
(2.103 -0.923662 0)
(2.26148 -0.914097 0)
(2.06552 -0.868427 0)
(2.19219 -0.859744 0)
(2.00975 -0.791979 0)
(2.10947 -0.786259 0)
(1.94304 -0.699743 0)
(2.01553 -0.698517 0)
(1.87086 -0.601072 0)
(1.92123 -0.602654 0)
(1.79495 -0.502267 0)
(1.82521 -0.504151 0)
(1.7185 -0.407456 0)
(1.73155 -0.40791 0)
(1.64478 -0.320274 0)
(1.64278 -0.318407 0)
(1.57582 -0.242183 0)
(1.56091 -0.23791 0)
(1.51242 -0.17422 0)
(1.48725 -0.168002 0)
(1.4551 -0.117323 0)
(1.4225 -0.10976 0)
(1.4044 -0.0717374 0)
(1.3669 -0.0633438 0)
(1.36046 -0.0368185 0)
(1.32012 -0.0280762 0)
(1.3232 -0.0113124 0)
(1.28157 -0.00260463 0)
(1.29228 0.00628778 0)
(1.25044 0.0146391 0)
(1.26725 0.0175471 0)
(1.22597 0.0251893 0)
(1.2474 0.0239847 0)
(1.20712 0.0308842 0)
(1.23194 0.0268989 0)
(1.19285 0.0329961 0)
(1.22018 0.0273598 0)
(1.18229 0.0325934 0)
(1.21139 0.0262247 0)
(1.17468 0.0306518 0)
(1.20499 0.024127 0)
(1.16938 0.0277962 0)
(1.20045 0.0215253 0)
(1.16583 0.0245065 0)
(1.19734 0.0187396 0)
(1.1636 0.0211239 0)
(1.19528 0.0159768 0)
(1.16232 0.0178669 0)
(1.19399 0.01338 0)
(1.16169 0.0148543 0)
(1.19325 0.0110083 0)
(1.16149 0.0121804 0)
(1.19287 0.00896464 0)
(1.16156 0.00980489 0)
(1.19271 0.00702013 0)
(1.16176 0.00792092 0)
(1.16213 0.00584128 0)
(1.00596 -0.0281335 0)
(1.00233 -0.0175866 0)
(1.02227 -0.0528696 0)
(1.01553 -0.0514378 0)
(1.04488 -0.0713683 0)
(1.04104 -0.0771148 0)
(1.07001 -0.0832384 0)
(1.07062 -0.0932919 0)
(1.09509 -0.0891387 0)
(1.09824 -0.10144 0)
(1.11824 -0.089902 0)
(1.12248 -0.102846 0)
(1.13854 -0.0863313 0)
(1.14228 -0.0991415 0)
(1.15585 -0.0790682 0)
(1.15798 -0.0916423 0)
(1.16977 -0.0685008 0)
(1.17007 -0.0803365 0)
(1.18062 -0.0550693 0)
(1.17933 -0.0662242 0)
(1.18924 -0.0390558 0)
(1.18535 -0.0504266 0)
(1.19626 -0.0202491 0)
(1.18987 -0.0325952 0)
(1.20227 0.00178537 0)
(1.19369 -0.0121612 0)
(1.20792 0.027749 0)
(1.19757 0.0113753 0)
(1.21365 0.0586065 0)
(1.20229 0.0391504 0)
(1.22025 0.0955059 0)
(1.2087 0.0718556 0)
(1.22884 0.139882 0)
(1.21793 0.110492 0)
(1.24062 0.193638 0)
(1.2309 0.156851 0)
(1.25709 0.259048 0)
(1.2497 0.212932 0)
(1.28069 0.33869 0)
(1.27609 0.280454 0)
(1.31483 0.435508 0)
(1.31293 0.361748 0)
(1.36435 0.552619 0)
(1.36417 0.459235 0)
(1.43636 0.692909 0)
(1.43528 0.57501 0)
(1.54111 0.858226 -7.71437e-33)
(1.53374 0.710367 0)
(1.69324 1.04813 -5.79203e-34)
(1.66991 0.86477 -7.71437e-33)
(1.91246 1.25927 7.20906e-33)
(1.85689 1.03437 7.20906e-33)
(2.21706 1.46869 0)
(2.11512 1.21214 0)
(2.54304 1.59151 0)
(2.44112 1.35973 0)
(2.79395 1.55708 0)
(2.78071 1.39383 0)
(2.92889 1.35944 0)
(3.04734 1.28456 0)
(2.88567 0.995645 0)
(3.19404 1.02216 0)
(2.67258 0.542133 0)
(3.21542 0.649424 0)
(2.45637 0.110008 0)
(3.12504 0.266165 0)
(2.32706 -0.237762 0)
(3.0223 -0.0681672 0)
(2.25783 -0.459844 0)
(2.94094 -0.340784 0)
(2.2563 -0.575748 0)
(2.88143 -0.51014 0)
(2.31566 -0.643102 0)
(2.8474 -0.603478 0)
(2.40278 -0.697093 0)
(2.84999 -0.668208 0)
(2.49816 -0.748602 0)
(2.87142 -0.722903 0)
(2.584 -0.80151 0)
(2.89087 -0.77239 0)
(2.64308 -0.853316 0)
(2.89331 -0.815359 0)
(2.6645 -0.895153 0)
(2.87218 -0.85049 0)
(2.65217 -0.928763 0)
(2.82833 -0.875298 0)
(2.60917 -0.948726 0)
(2.75571 -0.894035 0)
(2.53872 -0.939906 0)
(2.65897 -0.887217 0)
(2.45103 -0.904149 0)
(2.53977 -0.859269 0)
(2.34957 -0.847349 0)
(2.41533 -0.812638 0)
(2.23609 -0.774234 0)
(2.27764 -0.746262 0)
(2.11572 -0.690403 0)
(2.13453 -0.665891 0)
(1.99452 -0.600543 0)
(1.99075 -0.577309 0)
(1.87619 -0.506505 0)
(1.85082 -0.48433 0)
(1.76294 -0.411646 0)
(1.71841 -0.390895 0)
(1.65684 -0.320893 0)
(1.59701 -0.301815 0)
(1.55952 -0.2381 0)
(1.4889 -0.22109 0)
(1.47271 -0.16584 0)
(1.39536 -0.151094 0)
(1.39758 -0.105534 0)
(1.3168 -0.0928739 0)
(1.33443 -0.0574818 0)
(1.25281 -0.0466143 0)
(1.2827 -0.021005 0)
(1.20212 -0.0116131 0)
(1.24126 0.00519712 0)
(1.16308 0.0133671 0)
(1.20884 0.0226365 0)
(1.13381 0.0298141 0)
(1.18415 0.0329941 0)
(1.11279 0.0393279 0)
(1.16592 0.0381546 0)
(1.09776 0.0434244 0)
(1.15263 0.0396356 0)
(1.08777 0.0441752 0)
(1.14322 0.0385203 0)
(1.08136 0.042401 0)
(1.13683 0.0358019 0)
(1.0776 0.0389808 0)
(1.13271 0.0322018 0)
(1.07579 0.0347766 0)
(1.13026 0.0281854 0)
(1.07533 0.0302481 0)
(1.12902 0.024123 0)
(1.07575 0.0257454 0)
(1.12861 0.0202666 0)
(1.07669 0.0215284 0)
(1.12875 0.0167571 0)
(1.07791 0.0177312 0)
(1.1292 0.0136665 0)
(1.07923 0.0144021 0)
(1.12982 0.0109891 0)
(1.08051 0.0115669 0)
(1.13048 0.00877361 0)
(1.08173 0.00914421 0)
(1.13112 0.00675605 0)
(1.08273 0.00727253 0)
(1.08392 0.00529598 0)
(1.01051 -0.0417731 0)
(1.00425 -0.028097 0)
(1.03644 -0.0759135 0)
(1.02735 -0.0773633 0)
(1.06815 -0.0989428 0)
(1.06482 -0.108826 0)
(1.09897 -0.111428 0)
(1.09904 -0.12411 0)
(1.12569 -0.115111 0)
(1.12409 -0.128161 0)
(1.14652 -0.112118 0)
(1.14333 -0.12368 0)
(1.16168 -0.104526 0)
(1.15434 -0.114303 0)
(1.17231 -0.0929555 0)
(1.15955 -0.102265 0)
(1.17946 -0.0779638 0)
(1.16061 -0.0874912 0)
(1.18382 -0.0614509 0)
(1.1592 -0.0705824 0)
(1.18595 -0.0441959 0)
(1.15564 -0.0525616 0)
(1.18717 -0.025197 0)
(1.15199 -0.0338091 0)
(1.1887 -0.00342838 0)
(1.14937 -0.0136991 0)
(1.19169 0.0217697 0)
(1.1488 0.00838561 0)
(1.19697 0.0511461 0)
(1.15153 0.0338684 0)
(1.20576 0.0854352 0)
(1.15875 0.0630736 0)
(1.21921 0.125873 0)
(1.17169 0.0970357 0)
(1.23895 0.174332 0)
(1.19128 0.137105 0)
(1.26708 0.232389 0)
(1.21991 0.184805 0)
(1.30601 0.301587 0)
(1.2595 0.241518 0)
(1.35908 0.383744 0)
(1.31282 0.308678 0)
(1.43079 0.480331 0)
(1.38347 0.387524 0)
(1.52706 0.591993 0)
(1.47598 0.478737 0)
(1.65554 0.717816 0)
(1.596 0.581877 0)
(1.82584 0.853873 0)
(1.75047 0.694475 0)
(2.04955 0.9924 0)
(1.94697 0.810647 0)
(2.34057 1.11741 0)
(2.19486 0.921122 0)
(2.69202 1.19922 0)
(2.50045 1.00828 0)
(3.04789 1.19979 0)
(2.8478 1.03795 0)
(3.35351 1.07952 0)
(3.18471 0.978942 0)
(3.5675 0.828689 0)
(3.46085 0.808166 0)
(3.66691 0.499576 0)
(3.6695 0.550015 0)
(3.67106 0.166458 0)
(3.75455 0.262014 0)
(3.62101 -0.124341 0)
(3.77839 -0.0181202 0)
(3.53509 -0.348391 0)
(3.73098 -0.254865 0)
(3.44834 -0.501614 0)
(3.65549 -0.423394 0)
(3.38115 -0.602801 0)
(3.56946 -0.53628 0)
(3.32496 -0.674294 0)
(3.48797 -0.612021 0)
(3.26807 -0.728401 0)
(3.40773 -0.66602 0)
(3.20249 -0.769279 0)
(3.31993 -0.706808 0)
(3.12497 -0.799543 0)
(3.21944 -0.737833 0)
(3.03513 -0.820881 0)
(3.10529 -0.760653 0)
(2.93064 -0.831985 0)
(2.97911 -0.77081 0)
(2.80279 -0.826917 0)
(2.82954 -0.766182 0)
(2.65922 -0.804222 0)
(2.66263 -0.743645 0)
(2.50463 -0.765916 0)
(2.48301 -0.704685 0)
(2.34197 -0.710439 0)
(2.295 -0.649973 0)
(2.17614 -0.638412 0)
(2.10318 -0.580437 0)
(2.01032 -0.554291 0)
(1.91367 -0.500074 0)
(1.84789 -0.463478 0)
(1.73286 -0.414869 0)
(1.6937 -0.371687 0)
(1.56613 -0.330147 0)
(1.55308 -0.284208 0)
(1.41833 -0.250269 0)
(1.42964 -0.205018 0)
(1.29238 -0.178381 0)
(1.3251 -0.136641 0)
(1.1889 -0.116546 0)
(1.23962 -0.0801183 0)
(1.10704 -0.0656214 0)
(1.17207 -0.0354312 0)
(1.04455 -0.0253211 0)
(1.12053 -0.00182187 0)
(0.998851 0.00493282 0)
(1.08255 0.0219617 0)
(0.967043 0.0263613 0)
(1.05571 0.0373819 0)
(0.946395 0.0402092 0)
(1.03777 0.0461466 0)
(0.934227 0.0477507 0)
(1.02648 0.0495987 0)
(0.928363 0.0506194 0)
(1.01979 0.0493284 0)
(0.926502 0.0501117 0)
(1.01659 0.0468683 0)
(0.927687 0.0473834 0)
(1.01582 0.0428573 0)
(0.930626 0.0431711 0)
(1.01664 0.0379751 0)
(0.934606 0.0381541 0)
(1.01849 0.0328418 0)
(0.939072 0.0329268 0)
(1.02089 0.0278231 0)
(0.943594 0.0278514 0)
(1.02348 0.0231679 0)
(0.947904 0.0231512 0)
(1.02604 0.0190149 0)
(0.951828 0.018971 0)
(1.02843 0.0154 0)
(0.955289 0.0153445 0)
(1.03057 0.0123253 0)
(0.95827 0.0122594 0)
(1.03244 0.00974197 0)
(0.960775 0.00969379 0)
(1.03403 0.00765716 0)
(0.962887 0.00755812 0)
(1.03538 0.0058214 0)
(0.964497 0.0059246 0)
(0.966273 0.00428264 0)
(1.01986 -0.0644358 0)
(1.00916 -0.0479617 0)
(1.06004 -0.109464 0)
(1.04777 -0.117536 0)
(1.09708 -0.133206 0)
(1.08863 -0.145869 0)
(1.12392 -0.140192 0)
(1.11321 -0.150953 0)
(1.14172 -0.136088 0)
(1.12118 -0.14596 0)
(1.15095 -0.125257 0)
(1.12079 -0.132912 0)
(1.15234 -0.111925 0)
(1.11128 -0.115689 0)
(1.14783 -0.0972727 0)
(1.09606 -0.0977503 0)
(1.13988 -0.080812 0)
(1.07801 -0.0795457 0)
(1.13073 -0.0625275 0)
(1.06003 -0.0614342 0)
(1.12168 -0.043104 0)
(1.0439 -0.0435128 0)
(1.11396 -0.0233272 0)
(1.03096 -0.0260881 0)
(1.10907 -0.00283109 0)
(1.02211 -0.00880971 0)
(1.10824 0.0193822 0)
(1.01814 0.009214 0)
(1.11286 0.0442963 0)
(1.02016 0.0292541 0)
(1.124 0.0729445 0)
(1.02929 0.051926 0)
(1.1429 0.106396 0)
(1.04667 0.0781317 0)
(1.17112 0.145768 0)
(1.07358 0.108891 0)
(1.21072 0.192284 0)
(1.11189 0.145196 0)
(1.26417 0.24718 0)
(1.16376 0.188069 0)
(1.33443 0.311441 0)
(1.23178 0.238414 0)
(1.42516 0.385618 0)
(1.31903 0.296791 0)
(1.54071 0.469343 0)
(1.42904 0.363175 0)
(1.68618 0.560569 0)
(1.56578 0.436404 0)
(1.86706 0.654678 0)
(1.73339 0.513595 0)
(2.08838 0.743601 0)
(1.93551 0.589318 0)
(2.35437 0.814461 0)
(2.17438 0.655129 0)
(2.66377 0.84883 0)
(2.45002 0.698888 0)
(2.99732 0.827448 0)
(2.75499 0.704397 0)
(3.31881 0.733553 0)
(3.06806 0.657455 0)
(3.58131 0.56008 0)
(3.35348 0.545662 0)
(3.76133 0.334463 0)
(3.57879 0.369991 0)
(3.85899 0.0980585 0)
(3.72392 0.164355 0)
(3.8781 -0.123351 0)
(3.79731 -0.0372317 0)
(3.83632 -0.304936 0)
(3.78973 -0.213085 0)
(3.76235 -0.436463 0)
(3.73611 -0.349418 0)
(3.67273 -0.527525 0)
(3.64725 -0.446668 0)
(3.57232 -0.589564 0)
(3.53921 -0.511609 0)
(3.46063 -0.634347 0)
(3.41621 -0.554325 0)
(3.33757 -0.668558 0)
(3.27709 -0.583747 0)
(3.20122 -0.692748 0)
(3.12076 -0.601487 0)
(3.0478 -0.704841 0)
(2.94341 -0.607236 0)
(2.87668 -0.701288 0)
(2.74691 -0.599684 0)
(2.68831 -0.680403 0)
(2.53377 -0.577815 0)
(2.48613 -0.642325 0)
(2.30816 -0.541464 0)
(2.2735 -0.588484 0)
(2.07583 -0.492054 0)
(2.05573 -0.521253 0)
(1.84481 -0.432208 0)
(1.84074 -0.444335 0)
(1.62362 -0.365447 0)
(1.63687 -0.363251 0)
(1.42004 -0.296199 0)
(1.45179 -0.283925 0)
(1.24119 -0.229795 0)
(1.29125 -0.210706 0)
(1.09005 -0.169604 0)
(1.15796 -0.146081 0)
(0.967432 -0.116981 0)
(1.05187 -0.0912615 0)
(0.872387 -0.0722904 0)
(0.970885 -0.0465698 0)
(0.801839 -0.0355583 0)
(0.911995 -0.0115323 0)
(0.752298 -0.00673199 0)
(0.87124 0.0146468 0)
(0.720447 0.0154339 0)
(0.845386 0.0329226 0)
(0.702555 0.0307875 0)
(0.830981 0.0445408 0)
(0.695004 0.0407659 0)
(0.825016 0.0506236 0)
(0.695374 0.0461745 0)
(0.824819 0.0522947 0)
(0.700971 0.0479473 0)
(0.828591 0.0511563 0)
(0.709467 0.0468479 0)
(0.834602 0.0482161 0)
(0.719783 0.044101 0)
(0.84183 0.0437788 0)
(0.730771 0.0401553 0)
(0.849555 0.0385335 0)
(0.741555 0.0354461 0)
(0.857164 0.0331434 0)
(0.751704 0.0305451 0)
(0.864281 0.0279658 0)
(0.760881 0.0258088 0)
(0.870702 0.023206 0)
(0.768951 0.0214306 0)
(0.876325 0.0189776 0)
(0.775881 0.0175282 0)
(0.881138 0.0153218 0)
(0.78173 0.014158 0)
(0.885179 0.012223 0)
(0.786572 0.0113035 0)
(0.888516 0.00964451 0)
(0.790524 0.00892219 0)
(0.891238 0.00752394 0)
(0.793702 0.0069717 0)
(0.893415 0.00583741 0)
(0.796262 0.00538173 0)
(0.895177 0.00439463 0)
(0.798174 0.0041622 0)
(0.800159 0.00301296 0)
(1.03973 -0.109446 0)
(1.01334 -0.0876877 0)
(1.08287 -0.154492 0)
(1.05613 -0.160677 0)
(1.10523 -0.16126 0)
(1.06906 -0.168226 0)
(1.10971 -0.154683 0)
(1.05273 -0.15544 0)
(1.10034 -0.142019 0)
(1.01936 -0.136586 0)
(1.08078 -0.12363 0)
(0.979201 -0.113355 0)
(1.05492 -0.101995 0)
(0.93866 -0.0898266 0)
(1.02597 -0.0804558 0)
(0.899747 -0.068805 0)
(0.997683 -0.0609071 0)
(0.864903 -0.0512551 0)
(0.972844 -0.0434045 0)
(0.83593 -0.0365944 0)
(0.952991 -0.0273946 0)
(0.813336 -0.0236606 0)
(0.938797 -0.0123013 0)
(0.797391 -0.0118945 0)
(0.930743 0.0026182 0)
(0.788119 -0.000756731 0)
(0.929558 0.0184179 0)
(0.785626 0.0103982 0)
(0.936049 0.0360301 0)
(0.790427 0.0227615 0)
(0.951239 0.0561169 0)
(0.803477 0.0367338 0)
(0.976397 0.0794983 0)
(0.825819 0.0529713 0)
(1.01312 0.107028 0)
(0.858866 0.0721631 0)
(1.06334 0.139556 0)
(0.904412 0.0949713 0)
(1.12937 0.177848 0)
(0.964613 0.122034 0)
(1.21391 0.22242 0)
(1.04197 0.153872 0)
(1.31997 0.273311 0)
(1.13928 0.190726 0)
(1.4508 0.329752 0)
(1.25949 0.232337 0)
(1.60959 0.389711 0)
(1.40545 0.27761 0)
(1.79896 0.449344 0)
(1.57953 0.324222 0)
(2.01997 0.50253 0)
(1.78278 0.368303 0)
(2.2712 0.540549 0)
(2.01391 0.403895 0)
(2.54721 0.552226 0)
(2.26859 0.422876 0)
(2.83531 0.526236 0)
(2.53744 0.416293 0)
(3.11649 0.453814 0)
(2.80665 0.376275 0)
(3.36421 0.335169 0)
(3.0548 0.297944 0)
(3.54974 0.183583 0)
(3.25563 0.184459 0)
(3.66189 0.0202881 0)
(3.39015 0.0522062 0)
(3.70282 -0.131541 0)
(3.4495 -0.0781584 0)
(3.68064 -0.257556 0)
(3.44077 -0.190911 0)
(3.61174 -0.355281 0)
(3.37287 -0.280513 0)
(3.50965 -0.425589 0)
(3.25907 -0.344575 0)
(3.38235 -0.472045 0)
(3.1123 -0.384312 0)
(3.23287 -0.500269 0)
(2.9398 -0.404845 0)
(3.05981 -0.513798 0)
(2.74501 -0.410695 0)
(2.86216 -0.513994 0)
(2.52818 -0.403832 0)
(2.6416 -0.501525 0)
(2.29227 -0.386678 0)
(2.40317 -0.476629 0)
(2.04558 -0.361248 0)
(2.1527 -0.439357 0)
(1.79628 -0.327352 0)
(1.89759 -0.391118 0)
(1.55349 -0.286348 0)
(1.64736 -0.33533 0)
(1.32477 -0.241831 0)
(1.41275 -0.27625 0)
(1.11686 -0.197596 0)
(1.20314 -0.217883 0)
(0.935072 -0.155831 0)
(1.02479 -0.163898 0)
(0.782534 -0.117856 0)
(0.879726 -0.116638 0)
(0.660397 -0.0847268 0)
(0.766502 -0.0765883 0)
(0.56603 -0.0563794 0)
(0.682033 -0.0432994 0)
(0.496517 -0.0325123 0)
(0.622418 -0.0162164 0)
(0.449071 -0.0126748 0)
(0.583025 0.00499053 0)
(0.42021 0.00383463 0)
(0.560815 0.0210567 0)
(0.405317 0.015478 0)
(0.551624 0.032287 0)
(0.402263 0.0246255 0)
(0.552178 0.0392039 0)
(0.407889 0.0302335 0)
(0.55956 0.0427748 0)
(0.418943 0.0333837 0)
(0.571446 0.0436518 0)
(0.433953 0.0342888 0)
(0.585733 0.0424634 0)
(0.451 0.0336606 0)
(0.600908 0.0396787 0)
(0.468421 0.0316722 0)
(0.616139 0.0359223 0)
(0.485454 0.0288701 0)
(0.630666 0.031678 0)
(0.501485 0.0256285 0)
(0.643896 0.0273078 0)
(0.515961 0.0222158 0)
(0.655581 0.0230758 0)
(0.52868 0.0188603 0)
(0.665676 0.0191552 0)
(0.539587 0.0157142 0)
(0.674243 0.0156515 0)
(0.548877 0.0128628 0)
(0.681382 0.0126236 0)
(0.556373 0.0103892 0)
(0.687239 0.0100688 0)
(0.562631 0.00830126 0)
(0.691975 0.00794405 0)
(0.56766 0.00656763 0)
(0.695759 0.00620142 0)
(0.571659 0.00513757 0)
(0.698752 0.00479118 0)
(0.574807 0.00397839 0)
(0.701083 0.00367789 0)
(0.577277 0.00305114 0)
(0.702913 0.00276106 0)
(0.579124 0.00233233 0)
(0.58093 0.00173144 0)
(1.05207 -0.153778 0)
(0.903224 -0.139758 0)
(1.04876 -0.181425 0)
(0.901176 -0.157365 0)
(1.01338 -0.166258 0)
(0.845153 -0.132848 0)
(0.96018 -0.141085 0)
(0.755745 -0.102241 0)
(0.898185 -0.110441 0)
(0.677375 -0.074591 0)
(0.836858 -0.0810791 0)
(0.614184 -0.0520282 0)
(0.782795 -0.0577318 0)
(0.564335 -0.0357631 0)
(0.738115 -0.0402096 0)
(0.525061 -0.0241255 0)
(0.702745 -0.0270356 0)
(0.495213 -0.0158852 0)
(0.676015 -0.0166479 0)
(0.473442 -0.00986461 0)
(0.657384 -0.00790117 0)
(0.458525 -0.00503061 0)
(0.646315 -8.84325e-05 0)
(0.44976 -0.000825754 0)
(0.642493 0.00730335 0)
(0.4467 0.00306494 0)
(0.64593 0.0151103 0)
(0.449073 0.00695945 0)
(0.657213 0.0240147 0)
(0.457208 0.0114771 0)
(0.677223 0.0343442 0)
(0.471924 0.0167205 0)
(0.707209 0.0465936 0)
(0.494145 0.0229822 0)
(0.748806 0.0612562 0)
(0.525155 0.0305614 0)
(0.804017 0.0788019 0)
(0.566602 0.0397557 0)
(0.875191 0.0996366 0)
(0.620459 0.0508551 0)
(0.96496 0.124006 0)
(0.688996 0.0640976 0)
(1.0761 0.151842 0)
(0.774682 0.0795854 0)
(1.21127 0.182544 0)
(0.879996 0.0971623 0)
(1.37264 0.21468 0)
(1.00709 0.116227 0)
(1.5614 0.245686 0)
(1.15731 0.135457 0)
(1.77623 0.271743 0)
(1.33039 0.153472 0)
(2.013 0.287717 0)
(1.52415 0.167122 0)
(2.26413 0.287643 0)
(1.73212 0.171753 0)
(2.51709 0.265909 0)
(1.9435 0.163329 0)
(2.75479 0.218345 0)
(2.14502 0.138573 0)
(2.95658 0.144602 0)
(2.31871 0.0961564 0)
(3.10302 0.0515307 0)
(2.44387 0.0380157 0)
(3.17931 -0.046156 0)
(2.50469 -0.0240864 0)
(3.18494 -0.135071 0)
(2.49976 -0.083786 0)
(3.12626 -0.20944 0)
(2.43214 -0.13223 0)
(3.01408 -0.264668 0)
(2.31175 -0.168335 0)
(2.85805 -0.29832 0)
(2.15188 -0.188546 0)
(2.66793 -0.312818 0)
(1.96641 -0.19419 0)
(2.45132 -0.31151 0)
(1.76614 -0.188242 0)
(2.21196 -0.297407 0)
(1.56018 -0.171328 0)
(1.9563 -0.273657 0)
(1.35614 -0.148177 0)
(1.69488 -0.24355 0)
(1.15744 -0.125257 0)
(1.43793 -0.20976 0)
(0.968992 -0.104301 0)
(1.19663 -0.174543 0)
(0.795053 -0.0860489 0)
(0.980396 -0.140187 0)
(0.640643 -0.0701152 0)
(0.79424 -0.108638 0)
(0.508512 -0.0556741 0)
(0.639281 -0.081003 0)
(0.398778 -0.0426368 0)
(0.514714 -0.057513 0)
(0.310646 -0.0312639 0)
(0.418329 -0.037903 0)
(0.242697 -0.021471 0)
(0.346658 -0.0216954 0)
(0.192809 -0.0130556 0)
(0.29616 -0.00843702 0)
(0.158116 -0.00588109 0)
(0.263771 0.00216274 0)
(0.136297 -0.000123151 0)
(0.246758 0.0106495 0)
(0.125436 0.00433865 0)
(0.242323 0.0172372 0)
(0.12401 0.00826898 0)
(0.246839 0.0220856 0)
(0.129077 0.010963 0)
(0.258461 0.0251636 0)
(0.139563 0.0130037 0)
(0.274639 0.0265022 0)
(0.153677 0.0140547 0)
(0.293563 0.026585 0)
(0.169767 0.0144599 0)
(0.31368 0.0256428 0)
(0.186875 0.0141718 0)
(0.3339 0.0239434 0)
(0.204064 0.0134412 0)
(0.353213 0.0217011 0)
(0.220511 0.0123594 0)
(0.371028 0.0191686 0)
(0.235712 0.011055 0)
(0.387009 0.0165468 0)
(0.249384 0.00964731 0)
(0.400974 0.0139756 0)
(0.26136 0.00825012 0)
(0.41288 0.0115733 0)
(0.271623 0.00695494 0)
(0.422854 0.00941856 0)
(0.280267 0.00573985 0)
(0.431076 0.00757203 0)
(0.287616 0.00464033 0)
(0.437761 0.00603762 0)
(0.292985 0.00370457 0)
(0.443142 0.00476927 0)
(0.297761 0.00291949 0)
(0.447411 0.00373116 0)
(0.301469 0.00229854 0)
(0.450764 0.00288698 0)
(0.304362 0.00178518 0)
(0.453369 0.00221402 0)
(0.306614 0.00137269 0)
(0.455371 0.00168674 0)
(0.308354 0.00104944 0)
(0.456907 0.00128664 0)
(0.309677 0.000796203 0)
(0.310919 0.000653506 0)
(0.860242 -0.052998 0)
(0.702877 -0.0842202 0)
(0.57003 -0.0657552 0)
(0.467789 -0.0362775 0)
(0.393198 -0.018414 0)
(0.341169 -0.00957927 0)
(0.305406 -0.00469161 0)
(0.281281 -0.00186924 0)
(0.265395 -0.000218983 0)
(0.25553 0.000860127 0)
(0.2505 0.00172688 0)
(0.249674 0.00255204 0)
(0.252738 0.00348864 0)
(0.259697 0.00463993 0)
(0.271173 0.00603674 0)
(0.287891 0.00775509 0)
(0.310871 0.00990558 0)
(0.34143 0.0125914 0)
(0.381184 0.0159097 0)
(0.432036 0.0199453 0)
(0.496131 0.0247434 0)
(0.575713 0.030263 0)
(0.672873 0.0363027 0)
(0.789098 0.042403 0)
(0.924553 0.0486855 0)
(1.07802 0.0545208 0)
(1.24514 0.0566413 0)
(1.4169 0.0517644 0)
(1.58022 0.0381179 0)
(1.7188 0.0160213 0)
(1.81495 -0.012618 0)
(1.85297 -0.0406418 0)
(1.82888 -0.0649932 0)
(1.74509 -0.0835096 0)
(1.61286 -0.0935204 0)
(1.44453 -0.0960849 0)
(1.25598 -0.0904439 0)
(1.06179 -0.0788506 0)
(0.87355 -0.0617265 0)
(0.702222 -0.0408384 0)
(0.554045 -0.0230015 0)
(0.428788 -0.0118576 0)
(0.324487 -0.00589669 0)
(0.238439 -0.0031239 0)
(0.168323 -0.00188415 0)
(0.112649 -0.00116109 0)
(0.0700124 -0.00057666 0)
(0.0387486 -3.40922e-05 0)
(0.0172776 0.000529977 0)
(0.00422209 0.00120127 0)
(-0.00165896 0.0018587 0)
(-0.00178202 0.00230104 0)
(0.00255675 0.00264984 0)
(0.0108258 0.00283907 0)
(0.0217889 0.00279684 0)
(0.0347926 0.00277599 0)
(0.0488473 0.00274524 0)
(0.0633073 0.00259046 0)
(0.0774791 0.0023735 0)
(0.0909203 0.00213611 0)
(0.10328 0.00189179 0)
(0.114335 0.00166634 0)
(0.123982 0.00150621 0)
(0.132232 0.00145929 0)
(0.139187 0.00141771 0)
(0.144927 0.00125894 0)
(0.149567 0.00103964 0)
(0.153272 0.000798604 0)
(0.156191 0.000595266 0)
(0.158489 0.000461544 0)
(0.160275 0.000352688 0)
(0.161647 0.000267001 0)
(0.162697 0.000198588 0)
(0.163493 0.000178027 0)
)
;

boundaryField
{
    ibCylinder
    {
        type            immersedBoundary;
        value           nonuniform List<vector> 
48
(
(-0.982314 4.97092e-17 8.40505e-33)
(-0.982314 0 0)
(-0.982314 0 0)
(-0.982314 4.3368e-19 -7.52394e-35)
(-0.982314 -2.74098e-17 4.8152e-33)
(-0.982314 0 0)
(-0.982314 0 0)
(-0.982314 0 0)
(-0.982314 -9.4887e-17 0)
(-0.982314 -9.45997e-17 -6.96026e-34)
(-0.982314 -8.66196e-17 0)
(-0.982314 6.94241e-17 -7.223e-33)
(-0.982314 0 0)
(-0.982314 -7.83996e-17 -1.36547e-32)
(-0.982314 0 0)
(-0.982314 -4.94994e-17 4.33232e-33)
(-0.982314 5.84711e-17 -1.27948e-32)
(-0.982314 0 0)
(-0.982314 0 0)
(-0.982314 0 0)
(-0.982314 0 0)
(-0.982314 1.7381e-17 4.69973e-33)
(-0.982314 0 0)
(-0.982314 0 0)
(-0.982314 0 0)
(-0.982314 -1.7381e-17 -4.69973e-33)
(-0.982314 0 0)
(-0.982314 0 0)
(-0.982314 0 0)
(-0.982314 4.94994e-17 -4.33232e-33)
(-0.982314 0 0)
(-0.982314 0 0)
(-0.982314 -4.94095e-17 -5.16622e-32)
(-0.982314 -6.94241e-17 7.223e-33)
(-0.982314 0 0)
(-0.982314 7.83996e-17 1.36547e-32)
(-0.982314 0 0)
(-0.982314 0 0)
(-0.982314 0 0)
(-0.982314 9.45997e-17 6.96026e-34)
(-0.982314 8.66196e-17 0)
(-0.982314 0 0)
(-0.982314 0 0)
(-0.982314 0 0)
(-0.982314 -4.3368e-19 7.52394e-35)
(-0.982314 2.74098e-17 -4.8152e-33)
(-0.982314 5.24711e-17 8.99561e-33)
(-0.982314 0 0)
)
;
        value           nonuniform List<vector> 0();
    }
    in
    {
        type            calculated;
        value           uniform (1 0 0);
    }
    out
    {
        type            calculated;
        value           nonuniform List<vector> 
25
(
(0.164136 -0.000188604 0)
(0.457973 -0.00111678 0)
(0.704183 -0.00232775 0)
(0.896436 -0.00368096 0)
(1.03638 -0.00488908 0)
(1.13166 -0.00570921 0)
(1.19271 -0.00598763 0)
(1.22962 -0.00569943 0)
(1.25069 -0.00491357 0)
(1.26212 -0.00379994 0)
(1.26791 -0.00254683 0)
(1.27053 -0.00126842 0)
(1.27127 -8.76504e-07 0)
(1.27053 0.00126676 0)
(1.26791 0.00254546 0)
(1.26212 0.00379899 0)
(1.2507 0.00491312 0)
(1.22962 0.00569949 0)
(1.19271 0.0059881 0)
(1.13167 0.00570999 0)
(1.03639 0.00488999 0)
(0.896447 0.00368189 0)
(0.704194 0.00232852 0)
(0.457985 0.0011172 0)
(0.164146 0.000188661 0)
)
;
    }
    top
    {
        type            calculated;
        value           uniform (0 0 0);
    }
    bottom
    {
        type            calculated;
        value           uniform (0 0 0);
    }
    frontAndBack
    {
        type            empty;
        value           nonuniform List<vector> 0();
    }
}


// ************************************************************************* //
