/*--------------------------------*- C++ -*----------------------------------*\
| =========                 |                                                 |
| \\      /  F ield         | OpenFOAM: The Open Source CFD Toolbox           |
|  \\    /   O peration     | Version:  2206                                  |
|   \\  /    A nd           | Website:  www.openfoam.com                      |
|    \\/     M anipulation  |                                                 |
\*---------------------------------------------------------------------------*/
FoamFile
{
    version     2.0;
    format      ascii;
    arch        "LSB;label=32;scalar=64";
    class       volVectorField;
    location    "0.4";
    object      U;
}
// * * * * * * * * * * * * * * * * * * * * * * * * * * * * * * * * * * * * * //

dimensions      [0 1 -1 0 0 0 0];

internalField   nonuniform List<vector> 
1875
(
(0.79261 0.0207369 0)
(0.749606 0.0856726 0)
(0.648449 0.0834217 0)
(0.515804 0.048678 0)
(0.420002 0.0245656 0)
(0.357807 0.0131161 0)
(0.315304 0.00698916 0)
(0.285829 0.00353378 0)
(0.266021 0.001635 0)
(0.253106 0.000634559 0)
(0.24501 7.32045e-05 0)
(0.240353 -0.000268331 0)
(0.238154 -0.000484984 0)
(0.237722 -0.000625359 0)
(0.238435 -0.000767339 0)
(0.240041 -0.000910482 0)
(0.242449 -0.00105654 0)
(0.245621 -0.00124218 0)
(0.249599 -0.00148483 0)
(0.25451 -0.00179379 0)
(0.260542 -0.00218126 0)
(0.267933 -0.00265937 0)
(0.276967 -0.00323677 0)
(0.287955 -0.00391627 0)
(0.301218 -0.00469617 0)
(0.31706 -0.0055555 0)
(0.335732 -0.00645253 0)
(0.357364 -0.00731387 0)
(0.381867 -0.00801995 0)
(0.408777 -0.00839738 0)
(0.437098 -0.00821651 0)
(0.46513 -0.00723998 0)
(0.490301 -0.00538149 0)
(0.509941 -0.00277856 0)
(0.520577 0.000221983 0)
(0.521436 0.00331406 0)
(0.512696 0.00629088 0)
(0.494091 0.00827277 0)
(0.468281 0.00932649 0)
(0.438371 0.00950776 0)
(0.407245 0.00901021 0)
(0.377357 0.00813033 0)
(0.350209 0.00707278 0)
(0.32655 0.00594702 0)
(0.306648 0.0048648 0)
(0.290357 0.00389439 0)
(0.277301 0.00306491 0)
(0.267002 0.00238045 0)
(0.258975 0.00183038 0)
(0.252774 0.00139477 0)
(0.248021 0.00105406 0)
(0.244401 0.000791919 0)
(0.241656 0.000592713 0)
(0.23958 0.000441726 0)
(0.238015 0.000328044 0)
(0.236839 0.000242713 0)
(0.235957 0.000178859 0)
(0.235298 0.00013116 0)
(0.234806 9.58493e-05 0)
(0.234441 6.97974e-05 0)
(0.234169 5.06871e-05 0)
(0.233968 3.66437e-05 0)
(0.23382 2.63931e-05 0)
(0.23371 1.88824e-05 0)
(0.233629 1.34305e-05 0)
(0.23357 9.46976e-06 0)
(0.233527 6.64452e-06 0)
(0.233495 4.62709e-06 0)
(0.233472 3.21959e-06 0)
(0.233456 2.2214e-06 0)
(0.233443 1.54202e-06 0)
(0.233435 1.05554e-06 0)
(0.233428 7.81675e-07 0)
(0.233424 5.22308e-07 0)
(0.233418 7.22833e-07 0)
(1.01387 0.122237 0)
(1.05103 0.187438 0)
(1.03817 0.178431 0)
(0.9894 0.157213 0)
(0.92601 0.128011 0)
(0.859896 0.0953003 0)
(0.801791 0.0679799 0)
(0.752792 0.0472868 0)
(0.713938 0.0320794 0)
(0.684832 0.021063 0)
(0.663979 0.0130075 0)
(0.649906 0.0071741 0)
(0.641134 0.00303277 0)
(0.636338 0.000134669 0)
(0.634649 -0.00184546 0)
(0.635115 -0.00343461 0)
(0.637423 -0.00491996 0)
(0.641325 -0.00636491 0)
(0.646763 -0.00793981 0)
(0.653827 -0.00977979 0)
(0.662723 -0.0119911 0)
(0.673762 -0.0146603 0)
(0.687338 -0.0178453 0)
(0.703897 -0.0215723 0)
(0.723916 -0.0258493 0)
(0.747882 -0.0306194 0)
(0.776239 -0.0357367 0)
(0.809327 -0.0409138 0)
(0.847254 -0.0456539 0)
(0.889691 -0.0491831 0)
(0.935552 -0.0504015 0)
(0.982765 -0.04786 0)
(1.02751 -0.0404284 0)
(1.06504 -0.0278567 0)
(1.08999 -0.0111284 0)
(1.09881 0.00644505 0)
(1.09091 0.024446 0)
(1.06572 0.0396221 0)
(1.02638 0.0500931 0)
(0.977741 0.0550767 0)
(0.925131 0.0550849 0)
(0.873238 0.0514698 0)
(0.825734 0.045761 0)
(0.78415 0.0391265 0)
(0.749148 0.0324369 0)
(0.720544 0.0262507 0)
(0.697676 0.0208562 0)
(0.679684 0.0163464 0)
(0.66568 0.0126864 0)
(0.654864 0.00976664 0)
(0.646566 0.00746623 0)
(0.640233 0.00568045 0)
(0.635412 0.00430817 0)
(0.631749 0.00325742 0)
(0.628972 0.00245671 0)
(0.626869 0.00184857 0)
(0.62528 0.00138713 0)
(0.624083 0.00103783 0)
(0.623182 0.000774696 0)
(0.622506 0.000577294 0)
(0.621998 0.000429489 0)
(0.621618 0.000318916 0)
(0.621334 0.000236304 0)
(0.621121 0.000174665 0)
(0.620963 0.000128792 0)
(0.620845 9.47233e-05 0)
(0.620758 6.95004e-05 0)
(0.620693 5.08465e-05 0)
(0.620645 3.7113e-05 0)
(0.620609 2.70136e-05 0)
(0.620583 1.96474e-05 0)
(0.620564 1.43055e-05 0)
(0.62055 1.04465e-05 0)
(0.62054 7.91945e-06 0)
(0.620529 6.07731e-06 0)
(1.01269 0.0739296 0)
(1.05992 0.148206 0)
(1.09678 0.16609 0)
(1.10934 0.162639 0)
(1.10324 0.152753 0)
(1.08645 0.13595 0)
(1.06138 0.113759 0)
(1.03149 0.0902437 0)
(1.00082 0.0682646 0)
(0.973507 0.0497297 0)
(0.950739 0.0344976 0)
(0.933038 0.0223758 0)
(0.920142 0.0130495 0)
(0.911395 0.00596575 0)
(0.906175 0.000615535 0)
(0.90389 -0.00346658 0)
(0.903893 -0.00688106 0)
(0.905895 -0.0101802 0)
(0.909771 -0.0135266 0)
(0.915517 -0.0171947 0)
(0.923251 -0.0214418 0)
(0.933228 -0.0264857 0)
(0.945823 -0.032471 0)
(0.961479 -0.0394686 0)
(0.98068 -0.0475099 0)
(1.00403 -0.0565709 0)
(1.03221 -0.0665212 0)
(1.06591 -0.0769692 0)
(1.10575 -0.08714 0)
(1.15207 -0.0957118 0)
(1.20455 -0.100607 0)
(1.26121 -0.0987193 0)
(1.31809 -0.087374 0)
(1.36927 -0.0655622 0)
(1.40771 -0.0340338 0)
(1.42635 0.00195112 0)
(1.42375 0.0384342 0)
(1.39991 0.0713939 0)
(1.35758 0.0957871 0)
(1.3023 0.109067 0)
(1.24083 0.111693 0)
(1.17913 0.105915 0)
(1.12238 0.0948506 0)
(1.0728 0.0813347 0)
(1.0313 0.0674661 0)
(0.997651 0.0545555 0)
(0.971001 0.0432791 0)
(0.950235 0.0338694 0)
(0.934205 0.0262678 0)
(0.921898 0.0202164 0)
(0.912511 0.0154546 0)
(0.905383 0.0117708 0)
(0.899967 0.0089466 0)
(0.895851 0.00678219 0)
(0.892728 0.00513189 0)
(0.890358 0.00387709 0)
(0.888561 0.00292225 0)
(0.887201 0.00219676 0)
(0.886174 0.00164843 0)
(0.8854 0.00123549 0)
(0.884815 0.000924917 0)
(0.884374 0.00069135 0)
(0.884042 0.000515892 0)
(0.883793 0.000384203 0)
(0.883605 0.000285599 0)
(0.883465 0.00021191 0)
(0.883359 0.000156944 0)
(0.883281 0.000115971 0)
(0.883222 8.54895e-05 0)
(0.883178 6.28735e-05 0)
(0.883145 4.61411e-05 0)
(0.883121 3.39163e-05 0)
(0.883103 2.48086e-05 0)
(0.883091 1.8773e-05 0)
(0.883077 1.3417e-05 0)
(1.00546 0.0375916 0)
(1.03484 0.0952829 0)
(1.07821 0.130641 0)
(1.11178 0.144758 0)
(1.13037 0.144954 0)
(1.14312 0.135904 0)
(1.14382 0.122538 0)
(1.13875 0.107239 0)
(1.1287 0.089913 0)
(1.11561 0.0717968 0)
(1.10142 0.0540216 0)
(1.08785 0.0380722 0)
(1.07627 0.0249256 0)
(1.06706 0.0142883 0)
(1.06041 0.00579791 0)
(1.05619 -0.00102801 0)
(1.05418 -0.00668376 0)
(1.05408 -0.0118939 0)
(1.05578 -0.0171819 0)
(1.0593 -0.0228013 0)
(1.06469 -0.0291235 0)
(1.07219 -0.0365247 0)
(1.08217 -0.04529 0)
(1.09514 -0.0555782 0)
(1.11128 -0.0675741 1.23971e-33)
(1.13161 -0.0812281 -1.22964e-33)
(1.1571 -0.0966125 0)
(1.18896 -0.11345 0)
(1.22861 -0.130915 0)
(1.27754 -0.147302 0)
(1.33686 -0.159363 0)
(1.40453 -0.161143 0)
(1.47447 -0.148046 0)
(1.53919 -0.117253 0)
(1.58991 -0.0675095 0)
(1.61655 -0.00819953 0)
(1.61729 0.0504199 0)
(1.59363 0.105404 0)
(1.5477 0.147475 0)
(1.48591 0.171423 0)
(1.4166 0.177527 0)
(1.34708 0.169177 0)
(1.2835 0.151636 0)
(1.22868 0.129779 0)
(1.18351 0.107223 0)
(1.14752 0.0862559 0)
(1.11956 0.0680495 0)
(1.09818 0.0529655 0)
(1.08195 0.0408586 0)
(1.06965 0.0313147 0)
(1.0604 0.0238581 0)
(1.05348 0.0181493 0)
(1.04826 0.0137998 0)
(1.0443 0.0104661 0)
(1.04132 0.00793002 0)
(1.03905 0.0060048 0)
(1.03733 0.00453649 0)
(1.03603 0.00341774 0)
(1.03505 0.00257117 0)
(1.03431 0.00193316 0)
(1.03374 0.00145235 0)
(1.03332 0.0010898 0)
(1.033 0.000816578 0)
(1.03275 0.000610791 0)
(1.03257 0.000456163 0)
(1.03243 0.000340221 0)
(1.03232 0.000253383 0)
(1.03225 0.000188332 0)
(1.03219 0.000139672 0)
(1.03214 0.000103363 0)
(1.03211 7.63216e-05 0)
(1.03208 5.64252e-05 0)
(1.03207 4.1412e-05 0)
(1.03205 3.1379e-05 0)
(1.03204 2.18448e-05 0)
(1.00293 0.0232558 0)
(1.01937 0.0647848 0)
(1.04986 0.0950637 0)
(1.0831 0.113757 0)
(1.11098 0.122057 0)
(1.13283 0.121864 0)
(1.14703 0.116357 0)
(1.15604 0.10571 0)
(1.16005 0.091674 0)
(1.15859 0.0768466 0)
(1.15478 0.0618977 0)
(1.14933 0.0474792 0)
(1.14304 0.0341022 0)
(1.13679 0.0221225 0)
(1.13138 0.0117697 0)
(1.12727 0.00291394 0)
(1.12456 -0.0047258 0)
(1.12326 -0.0117036 0)
(1.1234 -0.0187267 0)
(1.12504 -0.0261579 0)
(1.12816 -0.0344959 0)
(1.13293 -0.0442005 0)
(1.13983 -0.0555743 0)
(1.14961 -0.0684084 0)
(1.16181 -0.0836719 0)
(1.17897 -0.102322 0)
(1.20145 -0.123984 0)
(1.23109 -0.148719 0)
(1.27041 -0.176174 0)
(1.32248 -0.204721 0)
(1.3904 -0.229478 0)
(1.46823 -0.23976 0)
(1.54806 -0.227727 0)
(1.61753 -0.190901 0)
(1.66744 -0.117014 0)
(1.69414 -0.0253507 0)
(1.68931 0.0610633 0)
(1.66999 0.141862 0)
(1.62512 0.204642 0)
(1.56224 0.240812 0)
(1.49034 0.251359 0)
(1.41771 0.239568 0)
(1.35062 0.213718 0)
(1.29314 0.181696 0)
(1.24664 0.148941 0)
(1.21054 0.118748 0)
(1.18322 0.0927601 0)
(1.16283 0.0714982 0)
(1.14777 0.0549023 0)
(1.13679 0.0419016 0)
(1.12865 0.031735 0)
(1.12268 0.0239855 0)
(1.11823 0.0181445 0)
(1.11486 0.0136936 0)
(1.11236 0.01035 0)
(1.11047 0.00783835 0)
(1.10903 0.00592855 0)
(1.10795 0.00447366 0)
(1.10714 0.00337274 0)
(1.10653 0.00254295 0)
(1.10606 0.00191623 0)
(1.10571 0.00144228 0)
(1.10544 0.00108396 0)
(1.10524 0.000813177 0)
(1.10508 0.000609121 0)
(1.10497 0.000455855 0)
(1.10488 0.000340764 0)
(1.10481 0.000254273 0)
(1.10476 0.000189318 0)
(1.10472 0.000140678 0)
(1.10469 0.00010432 0)
(1.10467 7.74068e-05 0)
(1.10466 5.69894e-05 0)
(1.10465 4.32063e-05 0)
(1.10463 2.96594e-05 0)
(1.00169 0.0157023 0)
(1.01143 0.0452829 0)
(1.03144 0.0690407 0)
(1.05645 0.0857521 0)
(1.08164 0.0959111 0)
(1.10476 0.100255 0)
(1.12414 0.099596 0)
(1.13979 0.0944215 0)
(1.15041 0.0864166 0)
(1.15746 0.0759662 0)
(1.16028 0.063252 0)
(1.16042 0.0498273 0)
(1.1592 0.0372468 0)
(1.15689 0.0255979 0)
(1.15414 0.0149667 0)
(1.15156 0.00562329 0)
(1.14949 -0.00276519 0)
(1.14801 -0.0108411 0)
(1.14733 -0.0190288 0)
(1.14753 -0.0275066 0)
(1.14871 -0.036736 0)
(1.15088 -0.0479358 0)
(1.15492 -0.0616919 0)
(1.16114 -0.0779146 0)
(1.17027 -0.0971506 0)
(1.18334 -0.120383 0)
(1.20171 -0.148426 0)
(1.22767 -0.182188 0)
(1.26448 -0.222278 0)
(1.3165 -0.267693 0)
(1.38692 -0.309547 0)
(1.4551 -0.323349 0)
(1.52339 -0.298971 0)
(1.5605 -0.247137 0)
(1.55542 -0.151426 0)
(1.53429 -0.0354987 0)
(1.52767 0.067896 0)
(1.53586 0.173512 0)
(1.53064 0.258239 0)
(1.50446 0.30635 0)
(1.46087 0.320765 0)
(1.40645 0.308003 0)
(1.34873 0.275759 0)
(1.29602 0.233308 0)
(1.25305 0.189445 0)
(1.22035 0.14937 0)
(1.19641 0.115525 0)
(1.17921 0.0882822 0)
(1.167 0.0669305 0)
(1.1584 0.0503667 0)
(1.15227 0.0376968 0)
(1.14786 0.0284334 0)
(1.14489 0.0216292 0)
(1.14261 0.0163629 0)
(1.14094 0.0123818 0)
(1.13968 0.00937162 0)
(1.1387 0.00705555 0)
(1.13796 0.00528736 0)
(1.13742 0.00397047 0)
(1.13702 0.00299171 0)
(1.1367 0.00225641 0)
(1.13647 0.00170061 0)
(1.13628 0.0012801 0)
(1.13615 0.000962108 0)
(1.13604 0.000722574 0)
(1.13597 0.000542444 0)
(1.13591 0.000406734 0)
(1.13586 0.000304455 0)
(1.13583 0.000227399 0)
(1.1358 0.00016953 0)
(1.13578 0.000126126 0)
(1.13577 9.38115e-05 0)
(1.13575 6.92272e-05 0)
(1.13575 5.23995e-05 0)
(1.13574 3.55589e-05 0)
(1.00107 0.0110357 0)
(1.00736 0.0323899 0)
(1.02095 0.0505347 0)
(1.03917 0.0643783 0)
(1.05919 0.0739128 0)
(1.07919 0.0794058 0)
(1.09795 0.0811509 0)
(1.11466 0.0793662 0)
(1.12833 0.0746527 0)
(1.13924 0.0674419 0)
(1.14703 0.058478 0)
(1.15197 0.0481657 0)
(1.15451 0.0374822 0)
(1.15538 0.0270677 0)
(1.15498 0.0168988 0)
(1.15415 0.0075023 0)
(1.1529 -0.00112798 0)
(1.15159 -0.0095734 0)
(1.15041 -0.0182229 0)
(1.14946 -0.0274218 0)
(1.14904 -0.0378767 0)
(1.14936 -0.0504312 0)
(1.1504 -0.0654869 0)
(1.1529 -0.0835873 0)
(1.15752 -0.105817 0)
(1.16526 -0.133366 0)
(1.17746 -0.167724 0)
(1.19611 -0.210637 0)
(1.22401 -0.263813 0)
(1.26543 -0.326346 0)
(1.31542 -0.372031 0)
(1.33791 -0.365872 0)
(1.29344 -0.307056 -1.05517e-18)
(1.18419 -0.191626 0)
(1.01068 -0.0521331 -9.08649e-17)
(0.915008 0.00572764 -8.99987e-32)
(0.947285 0.0417545 5.01455e-17)
(1.0227 0.106993 0)
(1.10846 0.183885 0)
(1.24708 0.294824 0)
(1.29661 0.346093 0)
(1.29526 0.346751 0)
(1.27577 0.322692 0)
(1.24773 0.276487 0)
(1.21969 0.223905 0)
(1.19728 0.174961 0)
(1.18129 0.133752 0)
(1.17026 0.100857 0)
(1.16282 0.0755353 0)
(1.1579 0.0564163 0)
(1.15463 0.0421128 0)
(1.15243 0.0314534 0)
(1.151 0.0234279 0)
(1.15004 0.017477 0)
(1.14945 0.0132072 0)
(1.14905 0.010095 0)
(1.14873 0.00766698 0)
(1.14849 0.00578541 0)
(1.14832 0.00435025 0)
(1.14817 0.00327791 0)
(1.14806 0.00247482 0)
(1.14796 0.0018669 0)
(1.14789 0.00140523 0)
(1.14784 0.00105349 0)
(1.1478 0.000788733 0)
(1.14777 0.000592024 0)
(1.14775 0.000444523 0)
(1.14773 0.00033308 0)
(1.14772 0.000248789 0)
(1.14771 0.000185659 0)
(1.1477 0.00013836 0)
(1.14769 0.000103039 0)
(1.14769 7.61183e-05 0)
(1.14769 5.7433e-05 0)
(1.14768 3.86016e-05 0)
(1.00075 0.00793293 0)
(1.00517 0.0234629 0)
(1.01498 0.0371559 0)
(1.0286 0.0480944 0)
(1.04435 0.0561896 0)
(1.06099 0.0615366 0)
(1.07757 0.0641698 0)
(1.09324 0.0641322 0)
(1.1073 0.0616327 0)
(1.11942 0.0569633 0)
(1.1293 0.0504975 0)
(1.13689 0.0426199 0)
(1.14223 0.0339739 0)
(1.1457 0.0251234 0)
(1.14758 0.0163883 0)
(1.14818 0.00790053 0)
(1.14783 -0.000243452 0)
(1.14683 -0.00840161 0)
(1.14532 -0.0168986 0)
(1.14343 -0.0261655 0)
(1.14132 -0.0367852 0)
(1.13908 -0.0495264 0)
(1.13684 -0.0652214 0)
(1.13495 -0.0847469 0)
(1.13397 -0.109102 2.07065e-32)
(1.13455 -0.139662 -2.05578e-32)
(1.13742 -0.178388 0)
(1.14326 -0.2274 0)
(1.15272 -0.28855 0)
(1.16472 -0.357202 0)
(1.14914 -0.374415 0)
(1.07224 -0.291477 -5.98672e-18)
(0.885449 -0.101563 0)
(0 0 0)
(0 0 0)
(0 0 0)
(0 0 0)
(0 0 0)
(0.781867 0.0344641 0)
(0.882923 0.122099 3.66096e-19)
(1.04605 0.269024 0)
(1.12255 0.325826 0)
(1.14724 0.321849 0)
(1.1577 0.289915 0)
(1.1568 0.23973 0)
(1.15258 0.187554 0)
(1.14933 0.142574 0)
(1.14767 0.106703 0)
(1.14712 0.0792132 0)
(1.14722 0.058587 0)
(1.14769 0.0432963 0)
(1.1483 0.0320615 0)
(1.14893 0.023894 0)
(1.14952 0.0178372 0)
(1.14996 0.0133353 0)
(1.1504 0.0100583 0)
(1.15077 0.00755104 0)
(1.15108 0.00563991 0)
(1.15128 0.0042669 0)
(1.15142 0.00326063 0)
(1.15153 0.00247429 0)
(1.15162 0.00187192 0)
(1.15168 0.00141228 0)
(1.15173 0.00105816 0)
(1.15177 0.000793784 0)
(1.15179 0.00059742 0)
(1.15181 0.000449272 0)
(1.15182 0.000337098 0)
(1.15183 0.000252261 0)
(1.15184 0.00018846 0)
(1.15184 0.00014054 0)
(1.15185 0.00010466 0)
(1.15185 7.73168e-05 0)
(1.15185 5.82272e-05 0)
(1.15185 3.87888e-05 0)
(1.00057 0.00568765 0)
(1.00391 0.0168781 0)
(1.01142 0.0269766 0)
(1.02211 0.0353221 0)
(1.03485 0.0417502 0)
(1.04879 0.0462985 0)
(1.06331 0.0489803 0)
(1.07765 0.0497332 0)
(1.0912 0.0485676 0)
(1.10348 0.0455873 0)
(1.11414 0.0410288 0)
(1.12298 0.0352118 0)
(1.12989 0.0285761 0)
(1.13492 0.02153 0)
(1.13824 0.0143325 0)
(1.14 0.007186 0)
(1.1404 0.000115625 0)
(1.1396 -0.00713709 0)
(1.13772 -0.0148505 0)
(1.13481 -0.0234384 0)
(1.1309 -0.0334813 0)
(1.12596 -0.0457404 0)
(1.11999 -0.061107 0)
(1.11303 -0.0805576 0)
(1.10517 -0.105161 0)
(1.09645 -0.136253 0)
(1.08664 -0.175521 0)
(1.07452 -0.224046 0)
(1.05708 -0.280619 0)
(1.01757 -0.32737 0)
(0.931224 -0.264769 -2.59584e-17)
(0.742883 -0.0466201 0)
(0 0 0)
(0 0 0)
(0 0 0)
(0 0 0)
(0 0 0)
(0 0 0)
(0 0 0)
(0.723686 0.0130211 1.77021e-20)
(0.811036 0.109764 1.48785e-17)
(0.944015 0.246429 0)
(1.00812 0.282093 0)
(1.04916 0.268297 0)
(1.07826 0.229093 0)
(1.0967 0.181898 0)
(1.10937 0.138529 0)
(1.11907 0.103231 0)
(1.1267 0.0760999 0)
(1.13267 0.0558561 0)
(1.13736 0.0409869 0)
(1.14102 0.0301591 0)
(1.14387 0.0222834 0)
(1.14608 0.0165359 0)
(1.14777 0.0123535 0)
(1.14908 0.00927762 0)
(1.15009 0.00698069 0)
(1.15086 0.00525338 0)
(1.15143 0.00396483 0)
(1.15187 0.00299749 0)
(1.1522 0.00226614 0)
(1.15246 0.00170041 0)
(1.15266 0.0012696 0)
(1.1528 0.00095834 0)
(1.15289 0.00072977 0)
(1.15297 0.000551588 0)
(1.15303 0.000415869 0)
(1.15308 0.000312864 0)
(1.15311 0.000233594 0)
(1.15313 0.000174308 0)
(1.15315 0.000130064 0)
(1.15317 9.68552e-05 0)
(1.15318 7.15676e-05 0)
(1.15318 5.36404e-05 0)
(1.15319 3.53809e-05 0)
(1.00046 0.00393944 0)
(1.00315 0.0117059 0)
(1.00925 0.0188193 0)
(1.01808 0.0248412 0)
(1.02883 0.0296168 0)
(1.04091 0.0331304 0)
(1.05378 0.0353739 0)
(1.06696 0.0363083 0)
(1.07985 0.0358663 0)
(1.09195 0.0340491 0)
(1.10287 0.0309834 0)
(1.11229 0.0268896 0)
(1.12 0.022061 0)
(1.12592 0.0167903 0)
(1.13007 0.0112963 0)
(1.13251 0.00574207 0)
(1.13333 0.000142806 0)
(1.13257 -0.00573492 0)
(1.13022 -0.0121043 0)
(1.12627 -0.0193331 0)
(1.12057 -0.0279427 0)
(1.11291 -0.0386394 0)
(1.10299 -0.0523037 0)
(1.0904 -0.0698991 0)
(1.07464 -0.0923963 2.72037e-33)
(1.05509 -0.120856 -2.71529e-33)
(1.03069 -0.155958 0)
(0.998457 -0.195861 0)
(0.94726 -0.236547 0)
(0.863896 -0.249099 -1.0119e-16)
(0.712444 -0.090203 0)
(0 0 0)
(0 0 0)
(0 0 0)
(0 0 0)
(0 0 0)
(0 0 0)
(0 0 0)
(0 0 0)
(0 0 0)
(0.729212 0.023558 0)
(0.80142 0.130958 3.70236e-19)
(0.887173 0.209831 0)
(0.947638 0.217844 0)
(1.00048 0.193256 0)
(1.03983 0.15649 0)
(1.0686 0.120137 0)
(1.09004 0.089512 0)
(1.10605 0.0657188 0)
(1.11796 0.0479645 0)
(1.12683 0.0349846 0)
(1.13345 0.0255893 0)
(1.13842 0.0188099 0)
(1.14215 0.0139059 0)
(1.14495 0.0103436 0)
(1.14707 0.00773682 0)
(1.14868 0.00580415 0)
(1.14989 0.00436271 0)
(1.1508 0.00329152 0)
(1.15149 0.00249079 0)
(1.15202 0.00188519 0)
(1.15242 0.00142397 0)
(1.15271 0.00107122 0)
(1.15294 0.000808048 0)
(1.1531 0.00060999 0)
(1.15323 0.000459194 0)
(1.15333 0.000342533 0)
(1.1534 0.000255798 0)
(1.15345 0.00019244 0)
(1.15349 0.000144772 0)
(1.15352 0.000108315 0)
(1.15354 8.0875e-05 0)
(1.15356 5.98753e-05 0)
(1.15357 4.43692e-05 0)
(1.15359 2.88691e-05 0)
(1.0004 0.00248783 0)
(1.0027 0.00739519 0)
(1.00795 0.0119328 0)
(1.01563 0.0158364 0)
(1.02514 0.0189931 0)
(1.036 0.0213745 0)
(1.0478 0.0229611 0)
(1.06008 0.0237229 0)
(1.07243 0.0236117 0)
(1.08428 0.0225908 0)
(1.09523 0.0207096 0)
(1.10491 0.0181024 0)
(1.11304 0.0149527 0)
(1.11943 0.0114448 0)
(1.12402 0.00772619 0)
(1.1268 0.00390883 0)
(1.12779 6.43776e-05 0)
(1.12695 -0.00406804 0)
(1.12415 -0.00860983 0)
(1.11925 -0.0138492 0)
(1.11196 -0.0201924 0)
(1.10182 -0.0282096 0)
(1.08815 -0.038629 0)
(1.06998 -0.0522217 0)
(1.04617 -0.069765 0)
(1.01528 -0.0919779 0)
(0.97562 -0.118327 0)
(0.922132 -0.144437 0)
(0.842969 -0.164999 0)
(0.721054 -0.140027 -2.00598e-16)
(0 0 0)
(0 0 0)
(0 0 0)
(0 0 0)
(0 0 0)
(0 0 0)
(0 0 0)
(0 0 0)
(0 0 0)
(0 0 0)
(0 0 0)
(0.733894 0.0600589 0)
(0.801554 0.131523 0)
(0.868671 0.150725 0)
(0.936826 0.13852 0)
(0.991852 0.114185 0)
(1.03375 0.0884361 0)
(1.06524 0.0660335 0)
(1.08852 0.0484048 0)
(1.10555 0.0352031 0)
(1.118 0.0255648 0)
(1.12712 0.0186161 0)
(1.13384 0.0136274 0)
(1.13882 0.0100388 0)
(1.14252 0.00744448 0)
(1.14528 0.00555366 0)
(1.14736 0.00416012 0)
(1.14893 0.00312569 0)
(1.1501 0.0023565 0)
(1.15099 0.00178113 0)
(1.15167 0.00134671 0)
(1.15218 0.00101628 0)
(1.15256 0.000765757 0)
(1.15285 0.000578284 0)
(1.15307 0.000437328 0)
(1.15323 0.000330085 0)
(1.15335 0.000248244 0)
(1.15345 0.000185883 0)
(1.15352 0.000139496 0)
(1.15357 0.000104437 0)
(1.15361 7.75219e-05 0)
(1.15364 5.71189e-05 0)
(1.15366 4.16675e-05 0)
(1.15368 3.06919e-05 0)
(1.15369 2.00737e-05 0)
(1.00036 0.00120675 0)
(1.00246 0.00358325 0)
(1.00725 0.00579451 0)
(1.0143 0.00771586 0)
(1.02312 0.00928638 0)
(1.0333 0.0104871 0)
(1.04449 0.0113047 0)
(1.05626 0.0117208 0)
(1.06823 0.011713 0)
(1.07991 0.0112566 0)
(1.09084 0.0103632 0)
(1.10063 0.00909534 0)
(1.10896 0.00754229 0)
(1.11559 0.00578899 0)
(1.1204 0.00390417 0)
(1.12331 0.00190937 0)
(1.12425 1.64615e-05 0)
(1.12333 -0.00211391 0)
(1.12021 -0.00447832 0)
(1.11464 -0.00723613 0)
(1.10623 -0.0106126 0)
(1.09429 -0.0149288 0)
(1.0778 -0.0205957 0)
(1.05532 -0.0280288 0)
(1.0251 -0.0376426 1.1382e-32)
(0.984781 -0.0496957 -1.14644e-32)
(0.931744 -0.0632635 0)
(0.860003 -0.0747594 0)
(0.762814 -0.0823035 0)
(0.710085 -0.0713547 2.18982e-16)
(0 0 0)
(0 0 0)
(0 0 0)
(0 0 0)
(0 0 0)
(0 0 0)
(0 0 0)
(0 0 0)
(0 0 0)
(0 0 0)
(0 0 0)
(0.718322 0.0152405 5.20874e-18)
(0.754096 0.0591917 0)
(0.818058 0.0757672 0)
(0.894829 0.0717328 0)
(0.960132 0.060054 0)
(1.0104 0.0468542 0)
(1.04857 0.0350495 0)
(1.07677 0.0256823 0)
(1.09728 0.0186425 0)
(1.11215 0.0135045 0)
(1.12295 0.00980648 0)
(1.13084 0.00715944 0)
(1.13663 0.00526216 0)
(1.14091 0.003895 0)
(1.1441 0.00290134 0)
(1.14648 0.00217155 0)
(1.14827 0.00163123 0)
(1.14962 0.00122933 0)
(1.15064 0.000928613 0)
(1.1514 0.000701873 0)
(1.15198 0.000529931 0)
(1.15242 0.000399588 0)
(1.15275 0.000301654 0)
(1.153 0.000227907 0)
(1.15319 0.000171862 0)
(1.15333 0.000129075 0)
(1.15344 9.67787e-05 0)
(1.15352 7.26228e-05 0)
(1.15358 5.43307e-05 0)
(1.15362 4.03475e-05 0)
(1.15365 2.96338e-05 0)
(1.15368 2.13172e-05 0)
(1.1537 1.5185e-05 0)
(1.15372 9.31003e-06 0)
(1.00035 6.62186e-06 0)
(1.00235 7.31469e-06 0)
(1.007 9.17033e-06 0)
(1.01387 1.01479e-05 0)
(1.02247 1.07877e-05 0)
(1.03244 1.0642e-05 0)
(1.04343 9.64181e-06 0)
(1.05504 7.77749e-06 0)
(1.06688 5.201e-06 0)
(1.07849 2.1944e-06 0)
(1.08941 -8.42648e-07 0)
(1.09923 -3.53835e-06 0)
(1.10762 -5.6503e-06 0)
(1.11434 -7.0018e-06 0)
(1.11921 -7.57755e-06 0)
(1.12225 -7.26475e-06 0)
(1.12299 -6.50026e-06 0)
(1.12205 -5.15144e-06 0)
(1.11882 -3.07087e-06 0)
(1.11302 -1.02896e-07 0)
(1.10422 3.85144e-06 0)
(1.09164 8.88943e-06 0)
(1.07414 1.4549e-05 0)
(1.05013 2.07562e-05 0)
(1.01772 2.46617e-05 0)
(0.974387 1.56454e-05 0)
(0.918163 -1.57112e-05 0)
(0.842065 -6.01111e-05 0)
(0.754382 -7.93767e-05 0)
(0.578186 -3.46613e-05 0)
(0 0 0)
(0 0 0)
(0 0 0)
(0 0 0)
(0 0 0)
(0 0 0)
(0 0 0)
(0 0 0)
(0 0 0)
(0 0 0)
(0 0 0)
(0.71692 4.83069e-06 0)
(0.742956 1.0597e-05 0)
(0.80145 1.90533e-05 0)
(0.880004 2.22391e-05 0)
(0.949076 2.29703e-05 0)
(1.00221 1.69011e-05 0)
(1.04271 7.2785e-06 0)
(1.07264 1.57216e-06 0)
(1.09438 -1.00534e-06 0)
(1.11011 -1.83194e-06 0)
(1.1215 -1.75243e-06 0)
(1.12979 -1.32975e-06 0)
(1.13587 -7.54768e-07 0)
(1.14036 -1.44169e-07 0)
(1.14369 3.88831e-07 0)
(1.14618 7.71143e-07 0)
(1.14804 9.87985e-07 0)
(1.14945 1.07061e-06 0)
(1.15051 1.07715e-06 0)
(1.15131 1.04475e-06 0)
(1.15191 9.74758e-07 0)
(1.15237 8.55331e-07 0)
(1.15271 6.76873e-07 0)
(1.15297 4.55306e-07 0)
(1.15317 2.14209e-07 0)
(1.15332 -2.21169e-08 0)
(1.15343 -2.53582e-07 0)
(1.15351 -4.82438e-07 0)
(1.15357 -7.28738e-07 0)
(1.15362 -9.97409e-07 0)
(1.15366 -1.29695e-06 0)
(1.15368 -1.62069e-06 0)
(1.1537 -1.92425e-06 0)
(1.15372 -2.34328e-06 0)
(1.00036 -0.00119343 0)
(1.00246 -0.00356839 0)
(1.00725 -0.00577596 0)
(1.0143 -0.00769557 0)
(1.02312 -0.00926496 0)
(1.0333 -0.0104661 0)
(1.04449 -0.0112858 0)
(1.05626 -0.0117056 0)
(1.06824 -0.0117029 0)
(1.07991 -0.0112524 0)
(1.09084 -0.0103649 0)
(1.10063 -0.00910242 0)
(1.10896 -0.00755353 0)
(1.1156 -0.00580293 0)
(1.1204 -0.00391929 0)
(1.12331 -0.00192442 0)
(1.12425 -2.97536e-05 0)
(1.12334 0.00210335 0)
(1.12021 0.00447174 0)
(1.11464 0.00723504 0)
(1.10623 0.0106188 0)
(1.0943 0.0149444 0)
(1.07782 0.0206225 0)
(1.05534 0.0280688 0)
(1.02513 0.0376915 0)
(0.98482 0.0497279 0)
(0.931789 0.0632358 0)
(0.860041 0.0746502 0)
(0.76282 0.0821538 0)
(0.710073 0.0712668 -2.18989e-16)
(0 0 0)
(0 0 0)
(0 0 0)
(0 0 0)
(0 0 0)
(0 0 0)
(0 0 0)
(0 0 0)
(0 0 0)
(0 0 0)
(0 0 0)
(0.718337 -0.0152245 -5.16736e-18)
(0.754086 -0.0591604 0)
(0.818034 -0.0757268 0)
(0.894803 -0.0716866 0)
(0.960114 -0.0600111 0)
(1.0104 -0.0468279 0)
(1.04857 -0.0350381 0)
(1.07677 -0.0256807 0)
(1.09728 -0.018645 0)
(1.11215 -0.0135083 0)
(1.12295 -0.0098099 0)
(1.13084 -0.00716196 0)
(1.13663 -0.0052635 0)
(1.14091 -0.00389517 0)
(1.1441 -0.00290047 0)
(1.14648 -0.00216998 0)
(1.14827 -0.00162922 0)
(1.14962 -0.00122718 0)
(1.15063 -0.000926448 0)
(1.1514 -0.000699795 0)
(1.15198 -0.000527989 0)
(1.15242 -0.000397902 0)
(1.15275 -0.000300318 0)
(1.153 -0.000227017 0)
(1.15319 -0.00017145 0)
(1.15333 -0.000129131 0)
(1.15344 -9.73016e-05 0)
(1.15352 -7.35968e-05 0)
(1.15358 -5.57957e-05 0)
(1.15362 -4.23439e-05 0)
(1.15365 -3.22149e-05 0)
(1.15368 -2.45401e-05 0)
(1.1537 -1.90356e-05 0)
(1.15372 -1.39815e-05 0)
(1.0004 -0.00247457 0)
(1.00271 -0.00738035 0)
(1.00795 -0.0119142 0)
(1.01563 -0.0158164 0)
(1.02514 -0.0189723 0)
(1.036 -0.0213544 0)
(1.0478 -0.0229432 0)
(1.06008 -0.0237087 0)
(1.07243 -0.0236023 0)
(1.08428 -0.0225871 0)
(1.09524 -0.0207115 0)
(1.10492 -0.0181094 0)
(1.11304 -0.0149638 0)
(1.11944 -0.0114586 0)
(1.12403 -0.00774129 0)
(1.12681 -0.00392406 0)
(1.1278 -7.8096e-05 0)
(1.12695 0.00405667 0)
(1.12415 0.00860186 0)
(1.11925 0.0138457 0)
(1.11197 0.0201945 0)
(1.10184 0.0282182 0)
(1.08818 0.0386453 0)
(1.07003 0.0522475 0)
(1.04624 0.0697944 0)
(1.01538 0.0919885 0)
(0.975748 0.118292 0)
(0.922253 0.144352 0)
(0.843031 0.1649 0)
(0.721068 0.139967 2.00603e-16)
(0 0 0)
(0 0 0)
(0 0 0)
(0 0 0)
(0 0 0)
(0 0 0)
(0 0 0)
(0 0 0)
(0 0 0)
(0 0 0)
(0 0 0)
(0.733887 -0.0600334 0)
(0.80153 -0.131475 0)
(0.868647 -0.150675 0)
(0.936802 -0.138476 0)
(0.991841 -0.114156 0)
(1.03375 -0.0884226 0)
(1.06525 -0.0660287 0)
(1.08853 -0.0484051 0)
(1.10556 -0.0352055 0)
(1.118 -0.0255676 0)
(1.12713 -0.0186185 0)
(1.13384 -0.0136289 0)
(1.13882 -0.0100393 0)
(1.14252 -0.0074441 0)
(1.14528 -0.00555247 0)
(1.14736 -0.00415835 0)
(1.14893 -0.0031236 0)
(1.1501 -0.00235429 0)
(1.15099 -0.00177894 0)
(1.15167 -0.00134463 0)
(1.15218 -0.00101438 0)
(1.15256 -0.000764127 0)
(1.15285 -0.000577007 0)
(1.15306 -0.000436492 0)
(1.15323 -0.000329706 0)
(1.15335 -0.000248339 0)
(1.15345 -0.000186431 0)
(1.15352 -0.000140502 0)
(1.15357 -0.000105917 0)
(1.15361 -7.95053e-05 0)
(1.15364 -5.96895e-05 0)
(1.15366 -4.48511e-05 0)
(1.15368 -3.44695e-05 0)
(1.15369 -2.45926e-05 0)
(1.00046 -0.00392672 0)
(1.00316 -0.0116914 0)
(1.00925 -0.0188013 0)
(1.01808 -0.0248218 0)
(1.02884 -0.0295968 0)
(1.04091 -0.0331113 0)
(1.05379 -0.0353571 0)
(1.06697 -0.0362952 0)
(1.07986 -0.0358578 0)
(1.09196 -0.0340459 0)
(1.10287 -0.0309855 0)
(1.11229 -0.0268965 0)
(1.12 -0.0220719 0)
(1.12592 -0.0168038 0)
(1.13008 -0.0113113 0)
(1.13252 -0.0057573 0)
(1.13334 -0.000156838 0)
(1.13257 0.0057228 0)
(1.13023 0.0120947 0)
(1.12628 0.0193267 0)
(1.12059 0.0279397 0)
(1.11293 0.0386391 0)
(1.10302 0.0523051 0)
(1.09045 0.0699013 0)
(1.07472 0.092392 0)
(1.05519 0.120832 0)
(1.03082 0.155909 0)
(0.998591 0.195807 0)
(0.947352 0.236522 0)
(0.863934 0.249115 9.94763e-17)
(0.712455 0.0902153 0)
(0 0 0)
(0 0 0)
(0 0 0)
(0 0 0)
(0 0 0)
(0 0 0)
(0 0 0)
(0 0 0)
(0 0 0)
(0.729211 -0.0235503 0)
(0.801404 -0.130922 -3.68539e-19)
(0.887154 -0.209781 0)
(0.947628 -0.217801 0)
(1.00049 -0.193223 0)
(1.03985 -0.156475 0)
(1.06862 -0.120131 0)
(1.09006 -0.0895085 0)
(1.10607 -0.0657173 0)
(1.11798 -0.047964 0)
(1.12684 -0.0349845 0)
(1.13346 -0.0255891 0)
(1.13842 -0.0188093 0)
(1.14215 -0.0139049 0)
(1.14495 -0.0103421 0)
(1.14707 -0.00773497 0)
(1.14868 -0.00580199 0)
(1.14989 -0.00436041 0)
(1.1508 -0.00328915 0)
(1.15149 -0.00248853 0)
(1.15202 -0.00188307 0)
(1.15241 -0.00142211 0)
(1.15271 -0.00106967 0)
(1.15293 -0.000806868 0)
(1.1531 -0.000609231 0)
(1.15323 -0.000458874 0)
(1.15333 -0.00034267 0)
(1.1534 -0.000256404 0)
(1.15345 -0.000193496 0)
(1.15349 -0.000146277 0)
(1.15352 -0.00011032 0)
(1.15354 -8.33996e-05 0)
(1.15356 -6.29529e-05 0)
(1.15357 -4.80157e-05 0)
(1.15358 -3.32216e-05 0)
(1.00057 -0.00567583 0)
(1.00391 -0.0168646 0)
(1.01142 -0.0269598 0)
(1.02212 -0.035304 0)
(1.03485 -0.0417315 0)
(1.0488 -0.0462807 0)
(1.06332 -0.0489648 0)
(1.07766 -0.0497213 0)
(1.09121 -0.04856 0)
(1.10349 -0.0455846 0)
(1.11416 -0.041031 0)
(1.12299 -0.0352185 0)
(1.1299 -0.0285866 0)
(1.13493 -0.0215431 0)
(1.13825 -0.014347 0)
(1.14001 -0.00720085 0)
(1.14041 -0.0001296 0)
(1.13961 0.00712456 0)
(1.13773 0.0148398 0)
(1.13482 0.0234295 0)
(1.13091 0.0334741 0)
(1.12598 0.0457333 0)
(1.12001 0.0610972 0)
(1.11306 0.0805423 0)
(1.10522 0.105134 0)
(1.09651 0.136206 0)
(1.0867 0.175461 0)
(1.07458 0.224001 0)
(1.05713 0.280618 0)
(1.01761 0.327424 0)
(0.931249 0.264813 2.59567e-17)
(0.742891 0.0466222 0)
(0 0 0)
(0 0 0)
(0 0 0)
(0 0 0)
(0 0 0)
(0 0 0)
(0 0 0)
(0.723689 -0.0130185 -7.13856e-18)
(0.811029 -0.109743 -2.6742e-17)
(0.944 -0.246389 0)
(1.00812 -0.282054 0)
(1.04917 -0.268267 0)
(1.07829 -0.229077 0)
(1.09673 -0.181888 0)
(1.1094 -0.138521 0)
(1.11909 -0.103224 0)
(1.12672 -0.0760932 0)
(1.13269 -0.0558507 0)
(1.13737 -0.0409825 0)
(1.14103 -0.0301553 0)
(1.14387 -0.0222801 0)
(1.14608 -0.0165329 0)
(1.14777 -0.0123506 0)
(1.14908 -0.00927485 0)
(1.15009 -0.00697802 0)
(1.15086 -0.00525078 0)
(1.15143 -0.00396228 0)
(1.15187 -0.0029951 0)
(1.1522 -0.00226398 0)
(1.15246 -0.00169858 0)
(1.15266 -0.00126815 0)
(1.15279 -0.000957249 0)
(1.15289 -0.000729101 0)
(1.15297 -0.000551346 0)
(1.15303 -0.000416049 0)
(1.15307 -0.000313506 0)
(1.15311 -0.00023468 0)
(1.15313 -0.000175845 0)
(1.15315 -0.000132053 0)
(1.15316 -9.93255e-05 0)
(1.15317 -7.45264e-05 0)
(1.15318 -5.71008e-05 0)
(1.15319 -3.94678e-05 0)
(1.00075 -0.00792225 0)
(1.00517 -0.0234508 0)
(1.01498 -0.037141 0)
(1.0286 -0.0480781 0)
(1.04435 -0.0561726 0)
(1.061 -0.0615204 0)
(1.07758 -0.0641558 0)
(1.09326 -0.0641215 0)
(1.10732 -0.061626 0)
(1.11943 -0.056961 0)
(1.12932 -0.0504998 0)
(1.1369 -0.0426264 0)
(1.14225 -0.0339838 0)
(1.14571 -0.0251358 0)
(1.14759 -0.0164019 0)
(1.14819 -0.00791445 0)
(1.14784 0.000230213 0)
(1.14684 0.00838938 0)
(1.14533 0.0168875 0)
(1.14344 0.0261556 0)
(1.14132 0.036776 0)
(1.13909 0.0495162 0)
(1.13685 0.0652077 0)
(1.13497 0.0847264 0)
(1.13399 0.10907 0)
(1.13456 0.139617 0)
(1.13742 0.178335 0)
(1.14325 0.227359 0)
(1.15271 0.28855 0)
(1.16471 0.357245 0)
(1.14916 0.374464 0)
(1.07227 0.291522 -7.55707e-17)
(0.885453 0.101579 -1.28693e-16)
(0 0 0)
(0 0 0)
(0 0 0)
(0 0 0)
(0 0 0)
(0.781865 -0.034454 4.71769e-18)
(0.882912 -0.122076 -1.38536e-17)
(1.04606 -0.269012 0)
(1.12255 -0.3258 0)
(1.14725 -0.321827 0)
(1.15773 -0.289898 0)
(1.15683 -0.239718 0)
(1.1526 -0.187541 0)
(1.14936 -0.142562 0)
(1.14769 -0.10669 0)
(1.14713 -0.0792018 0)
(1.14724 -0.0585769 0)
(1.1477 -0.0432879 0)
(1.14831 -0.0320547 0)
(1.14893 -0.0238883 0)
(1.14953 -0.0178323 0)
(1.14996 -0.0133311 0)
(1.1504 -0.0100546 0)
(1.15077 -0.00754787 0)
(1.15108 -0.00563703 0)
(1.15128 -0.00426417 0)
(1.15142 -0.00325813 0)
(1.15153 -0.00247214 0)
(1.15161 -0.00187015 0)
(1.15168 -0.00141093 0)
(1.15173 -0.00105722 0)
(1.15177 -0.000793201 0)
(1.15179 -0.000597223 0)
(1.15181 -0.000449482 0)
(1.15182 -0.000337759 0)
(1.15183 -0.000253363 0)
(1.15184 -0.000190007 0)
(1.15184 -0.000142502 0)
(1.15184 -0.000107057 0)
(1.15185 -8.01154e-05 0)
(1.15185 -6.14457e-05 0)
(1.15185 -4.25415e-05 0)
(1.00107 -0.0110263 0)
(1.00736 -0.0323796 0)
(1.02095 -0.050522 0)
(1.03918 -0.0643642 0)
(1.0592 -0.0738982 0)
(1.0792 -0.0793918 0)
(1.09796 -0.0811389 0)
(1.11467 -0.079357 0)
(1.12834 -0.074647 0)
(1.13926 -0.0674401 0)
(1.14705 -0.0584803 0)
(1.15199 -0.048172 0)
(1.15453 -0.0374912 0)
(1.15539 -0.0270784 0)
(1.15499 -0.0169108 0)
(1.15416 -0.00751478 0)
(1.1529 0.00111583 0)
(1.15159 0.00956218 0)
(1.15041 0.0182126 0)
(1.14946 0.0274121 0)
(1.14904 0.0378672 0)
(1.14936 0.0504205 0)
(1.1504 0.0654734 0)
(1.1529 0.0835689 0)
(1.15752 0.105791 0)
(1.16524 0.133331 0)
(1.17743 0.167686 0)
(1.19607 0.210606 0)
(1.22396 0.2638 0)
(1.2654 0.326368 0)
(1.3154 0.372064 0)
(1.33793 0.365907 0)
(1.29344 0.307108 -3.62294e-17)
(1.18417 0.191597 0)
(1.01066 0.0521253 9.08464e-17)
(0.914994 -0.00572978 8.99754e-32)
(0.947269 -0.0417531 -5.01316e-17)
(1.02268 -0.106989 3.13413e-17)
(1.10844 -0.183872 1.72065e-17)
(1.24708 -0.294815 0)
(1.2966 -0.346082 0)
(1.29527 -0.346729 0)
(1.27578 -0.322682 0)
(1.24775 -0.276474 0)
(1.21971 -0.223889 0)
(1.1973 -0.174945 0)
(1.1813 -0.133736 0)
(1.17027 -0.100842 0)
(1.16283 -0.0755213 0)
(1.1579 -0.0564038 0)
(1.15463 -0.0421023 0)
(1.15244 -0.0314447 0)
(1.151 -0.0234208 0)
(1.15004 -0.0174711 0)
(1.14945 -0.0132023 0)
(1.14905 -0.0100908 0)
(1.14873 -0.00766345 0)
(1.14849 -0.00578235 0)
(1.14831 -0.00434746 0)
(1.14817 -0.00327536 0)
(1.14806 -0.00247264 0)
(1.14796 -0.00186515 0)
(1.14789 -0.00140394 0)
(1.14784 -0.00105263 0)
(1.1478 -0.000788269 0)
(1.14777 -0.000591881 0)
(1.14775 -0.000444778 0)
(1.14773 -0.000333743 0)
(1.14772 -0.000249893 0)
(1.14771 -0.000187161 0)
(1.1477 -0.00014025 0)
(1.14769 -0.000105307 0)
(1.14769 -7.87115e-05 0)
(1.14768 -6.03786e-05 0)
(1.14768 -4.19869e-05 0)
(1.00169 -0.015696 0)
(1.01143 -0.0452729 0)
(1.03144 -0.0690297 0)
(1.05646 -0.0857402 0)
(1.08165 -0.095899 0)
(1.10477 -0.100243 0)
(1.12415 -0.0995861 0)
(1.1398 -0.0944141 0)
(1.15043 -0.0864118 0)
(1.15747 -0.0759652 0)
(1.16029 -0.0632545 0)
(1.16044 -0.049833 0)
(1.15922 -0.0372549 0)
(1.1569 -0.0256074 0)
(1.15415 -0.0149771 0)
(1.15157 -0.00563357 0)
(1.1495 0.00275557 0)
(1.14802 0.0108319 0)
(1.14733 0.0190202 0)
(1.14753 0.0274987 0)
(1.1487 0.0367282 0)
(1.15088 0.0479266 0)
(1.15492 0.0616803 0)
(1.16113 0.0778999 0)
(1.17026 0.0971312 -9.96196e-33)
(1.18332 0.12036 9.87745e-33)
(1.20168 0.148402 0)
(1.22762 0.182167 0)
(1.26442 0.222265 0)
(1.31645 0.267695 0)
(1.38688 0.309558 0)
(1.45507 0.323347 0)
(1.52341 0.29898 0)
(1.56046 0.247155 0)
(1.55538 0.151426 0)
(1.53425 0.0355004 0)
(1.52761 -0.0678981 0)
(1.53582 -0.173508 0)
(1.53061 -0.258249 0)
(1.50444 -0.306354 0)
(1.46086 -0.320766 0)
(1.40645 -0.307999 0)
(1.34874 -0.275749 0)
(1.29602 -0.233291 0)
(1.25305 -0.189427 0)
(1.22035 -0.149352 0)
(1.19641 -0.115509 0)
(1.17921 -0.0882664 0)
(1.167 -0.0669156 0)
(1.1584 -0.0503532 0)
(1.15227 -0.037686 0)
(1.14786 -0.0284247 0)
(1.14489 -0.0216217 0)
(1.14261 -0.0163566 0)
(1.14094 -0.0123766 0)
(1.13968 -0.00936729 0)
(1.1387 -0.00705194 0)
(1.13796 -0.00528431 0)
(1.13742 -0.00396776 0)
(1.13702 -0.00298929 0)
(1.1367 -0.00225434 0)
(1.13646 -0.00169896 0)
(1.13628 -0.00127887 0)
(1.13615 -0.000961308 0)
(1.13604 -0.000722141 0)
(1.13597 -0.000542375 0)
(1.13591 -0.000407018 0)
(1.13586 -0.000305129 0)
(1.13583 -0.000228446 0)
(1.1358 -0.000170958 0)
(1.13578 -0.000127868 0)
(1.13577 -9.58992e-05 0)
(1.13575 -7.15392e-05 0)
(1.13575 -5.49795e-05 0)
(1.13574 -3.84798e-05 0)
(1.00293 -0.0232508 0)
(1.01938 -0.0647769 0)
(1.04986 -0.095055 0)
(1.08311 -0.113748 0)
(1.11099 -0.122048 0)
(1.13284 -0.121856 0)
(1.14704 -0.116349 0)
(1.15605 -0.105704 0)
(1.16007 -0.091671 0)
(1.15861 -0.0768463 0)
(1.1548 -0.0619004 0)
(1.14935 -0.047484 0)
(1.14306 -0.0341087 0)
(1.1368 -0.0221298 0)
(1.13139 -0.0117774 0)
(1.12728 -0.00292136 0)
(1.12456 0.00471867 0)
(1.12326 0.0116969 0)
(1.1234 0.0187204 0)
(1.12503 0.0261518 0)
(1.12815 0.0344896 0)
(1.13292 0.0441935 0)
(1.13982 0.0555674 0)
(1.1496 0.0683993 0)
(1.16179 0.0836583 0)
(1.17894 0.102307 0)
(1.20142 0.12397 0)
(1.23104 0.148708 0)
(1.27036 0.176165 0)
(1.32242 0.204715 0)
(1.39035 0.229475 0)
(1.46818 0.239754 0)
(1.54802 0.227729 0)
(1.6175 0.19092 0)
(1.66741 0.117028 0)
(1.69411 0.025355 0)
(1.68927 -0.0610611 0)
(1.66995 -0.141864 0)
(1.62509 -0.204654 0)
(1.56221 -0.240826 0)
(1.49032 -0.251367 0)
(1.41769 -0.239566 0)
(1.3506 -0.213708 0)
(1.29313 -0.181681 0)
(1.24662 -0.148924 0)
(1.21052 -0.11873 0)
(1.18321 -0.0927434 0)
(1.16282 -0.0714829 0)
(1.14776 -0.0548879 0)
(1.13678 -0.041889 0)
(1.12864 -0.0317246 0)
(1.12268 -0.023977 0)
(1.11822 -0.0181376 0)
(1.11486 -0.0136879 0)
(1.11236 -0.0103453 0)
(1.11047 -0.00783446 0)
(1.10903 -0.00592533 0)
(1.10795 -0.00447087 0)
(1.10714 -0.00337031 0)
(1.10653 -0.00254074 0)
(1.10606 -0.00191436 0)
(1.10571 -0.00144073 0)
(1.10544 -0.00108284 0)
(1.10524 -0.000812426 0)
(1.10508 -0.000608768 0)
(1.10497 -0.000455833 0)
(1.10488 -0.000341087 0)
(1.10481 -0.00025491 0)
(1.10476 -0.000190283 0)
(1.10472 -0.000141935 0)
(1.10469 -0.000105845 0)
(1.10467 -7.91954e-05 0)
(1.10466 -5.89506e-05 0)
(1.10464 -4.53458e-05 0)
(1.10463 -3.20532e-05 0)
(1.00547 -0.0375878 0)
(1.03484 -0.095277 0)
(1.07821 -0.130635 0)
(1.11179 -0.144751 0)
(1.13038 -0.144948 0)
(1.14313 -0.135898 0)
(1.14383 -0.122532 0)
(1.13877 -0.107235 0)
(1.12872 -0.0899115 0)
(1.11562 -0.0717973 0)
(1.10144 -0.054024 0)
(1.08786 -0.0380761 0)
(1.07629 -0.0249301 0)
(1.06708 -0.0142932 0)
(1.06042 -0.00580262 0)
(1.0562 0.00102356 0)
(1.05418 0.00667985 0)
(1.05407 0.0118902 0)
(1.05578 0.0171786 0)
(1.05929 0.0227982 0)
(1.06468 0.0291205 0)
(1.07217 0.036521 0)
(1.08215 0.0452852 0)
(1.09512 0.0555717 0)
(1.11126 0.067566 0)
(1.13158 0.0812186 0)
(1.15706 0.0966032 0)
(1.18891 0.113443 0)
(1.22856 0.13091 0)
(1.27749 0.147297 0)
(1.33681 0.159358 0)
(1.40448 0.161137 0)
(1.47442 0.148047 0)
(1.53915 0.117257 0)
(1.58987 0.06752 0)
(1.61652 0.00820486 0)
(1.61726 -0.0504224 0)
(1.5936 -0.105414 0)
(1.54768 -0.14749 0)
(1.48588 -0.171436 0)
(1.41657 -0.177534 0)
(1.34704 -0.169176 0)
(1.28346 -0.151629 0)
(1.22865 -0.129766 0)
(1.18348 -0.107208 0)
(1.1475 -0.0862412 0)
(1.11954 -0.0680352 0)
(1.09817 -0.0529523 0)
(1.08194 -0.0408469 0)
(1.06964 -0.0313048 0)
(1.06039 -0.02385 0)
(1.05348 -0.0181429 0)
(1.04825 -0.0137945 0)
(1.0443 -0.0104618 0)
(1.04131 -0.00792631 0)
(1.03905 -0.00600172 0)
(1.03733 -0.00453377 0)
(1.03603 -0.00341547 0)
(1.03505 -0.0025691 0)
(1.03431 -0.00193138 0)
(1.03374 -0.00145073 0)
(1.03332 -0.0010885 0)
(1.033 -0.000815545 0)
(1.03275 -0.000610161 0)
(1.03257 -0.000455848 0)
(1.03243 -0.000340269 0)
(1.03233 -0.000253677 0)
(1.03225 -0.000188911 0)
(1.03219 -0.000140446 0)
(1.03214 -0.000104378 0)
(1.03211 -7.74935e-05 0)
(1.03208 -5.78249e-05 0)
(1.03206 -4.28962e-05 0)
(1.03205 -3.30235e-05 0)
(1.03204 -2.3667e-05 0)
(1.01269 -0.0739271 0)
(1.05992 -0.148202 0)
(1.09678 -0.166085 0)
(1.10935 -0.162634 0)
(1.10325 -0.152749 0)
(1.08646 -0.135947 0)
(1.06139 -0.113756 0)
(1.0315 -0.0902421 0)
(1.00083 -0.0682643 0)
(0.973523 -0.0497305 0)
(0.950755 -0.0344993 0)
(0.933052 -0.0223781 0)
(0.920154 -0.013052 0)
(0.911404 -0.00596791 0)
(0.906181 -0.000617453 0)
(0.903894 0.00346533 0)
(0.903894 0.00687996 0)
(0.905893 0.0101795 0)
(0.909767 0.0135261 0)
(0.91551 0.0171945 0)
(0.923241 0.0214414 0)
(0.933216 0.0264848 0)
(0.945808 0.0324691 0)
(0.961461 0.0394655 0)
(0.980658 0.0475053 0)
(1.00401 0.0565652 0)
(1.03218 0.0665153 0)
(1.06588 0.0769641 0)
(1.10571 0.0871358 0)
(1.15203 0.0957079 0)
(1.20451 0.100603 0)
(1.26117 0.0987145 0)
(1.31804 0.0873709 0)
(1.36923 0.0655624 0)
(1.40767 0.0340366 0)
(1.42632 -0.00195052 0)
(1.42372 -0.0384378 0)
(1.39988 -0.0714002 0)
(1.35755 -0.0957954 0)
(1.30226 -0.109075 0)
(1.24079 -0.111697 0)
(1.17908 -0.105914 0)
(1.12233 -0.0948453 0)
(1.07276 -0.0813266 0)
(1.03126 -0.0674565 0)
(0.997619 -0.0545455 0)
(0.970973 -0.0432694 0)
(0.950212 -0.0338605 0)
(0.934186 -0.0262599 0)
(0.921882 -0.0202099 0)
(0.912498 -0.0154494 0)
(0.905373 -0.0117667 0)
(0.899959 -0.00894337 0)
(0.895844 -0.00677954 0)
(0.892722 -0.00512959 0)
(0.890354 -0.00387506 0)
(0.888557 -0.00292046 0)
(0.887198 -0.00219518 0)
(0.886172 -0.00164704 0)
(0.885398 -0.0012342 0)
(0.884814 -0.000923755 0)
(0.884374 -0.000690324 0)
(0.884042 -0.000515113 0)
(0.883792 -0.000383679 0)
(0.883605 -0.000285388 0)
(0.883464 -0.000211928 0)
(0.883359 -0.000157185 0)
(0.88328 -0.000116342 0)
(0.883221 -8.6007e-05 0)
(0.883177 -6.348e-05 0)
(0.883144 -4.68794e-05 0)
(0.883119 -3.47491e-05 0)
(0.8831 -2.57515e-05 0)
(0.883087 -1.98004e-05 0)
(0.883073 -1.46245e-05 0)
(1.01388 -0.122236 0)
(1.05103 -0.187436 0)
(1.03817 -0.178429 0)
(0.989406 -0.157211 0)
(0.926018 -0.128009 0)
(0.859905 -0.0952987 0)
(0.801802 -0.0679788 0)
(0.752803 -0.0472862 0)
(0.71395 -0.0320795 0)
(0.684844 -0.0210633 0)
(0.66399 -0.0130082 0)
(0.649915 -0.00717471 0)
(0.641142 -0.00303323 0)
(0.636345 -0.000134731 0)
(0.634653 0.00184595 0)
(0.635119 0.00343521 0)
(0.637426 0.00492091 0)
(0.641327 0.00636622 0)
(0.646763 0.00794124 0)
(0.653826 0.00978127 0)
(0.662722 0.0119923 0)
(0.673759 0.0146611 0)
(0.687334 0.0178453 0)
(0.70389 0.0215715 0)
(0.723907 0.0258475 0)
(0.747869 0.0306167 0)
(0.776221 0.0357337 0)
(0.809305 0.0409111 0)
(0.84723 0.0456513 0)
(0.889664 0.0491807 0)
(0.935522 0.0503989 0)
(0.982733 0.0478573 0)
(1.02748 0.0404261 0)
(1.06501 0.027856 0)
(1.08996 0.0111287 0)
(1.09878 -0.00644591 0)
(1.09088 -0.0244485 0)
(1.06569 -0.039626 0)
(1.02634 -0.0500973 0)
(0.977699 -0.0550801 0)
(0.925085 -0.0550863 0)
(0.873192 -0.0514688 0)
(0.825689 -0.0457581 0)
(0.784108 -0.0391223 0)
(0.749111 -0.0324321 0)
(0.720511 -0.0262457 0)
(0.697648 -0.0208514 0)
(0.67966 -0.0163421 0)
(0.66566 -0.0126826 0)
(0.654847 -0.00976356 0)
(0.646552 -0.00746386 0)
(0.640221 -0.00567873 0)
(0.635401 -0.00430688 0)
(0.631739 -0.00325637 0)
(0.628963 -0.00245574 0)
(0.626862 -0.00184765 0)
(0.625274 -0.00138627 0)
(0.624077 -0.00103704 0)
(0.623177 -0.000773983 0)
(0.622501 -0.000576602 0)
(0.621994 -0.000428832 0)
(0.621615 -0.000318313 0)
(0.62133 -0.000235822 0)
(0.621118 -0.00017433 0)
(0.62096 -0.000128628 0)
(0.620842 -9.46935e-05 0)
(0.620754 -6.95772e-05 0)
(0.620689 -5.09796e-05 0)
(0.620641 -3.7288e-05 0)
(0.620605 -2.72183e-05 0)
(0.620579 -1.98998e-05 0)
(0.620559 -1.46134e-05 0)
(0.620545 -1.0823e-05 0)
(0.620534 -8.35203e-06 0)
(0.620523 -6.68825e-06 0)
(0.79261 -0.0207367 0)
(0.749607 -0.0856719 0)
(0.648451 -0.083421 0)
(0.515807 -0.0486776 0)
(0.420006 -0.0245652 0)
(0.357811 -0.0131158 0)
(0.315309 -0.00698891 0)
(0.285833 -0.0035336 0)
(0.266026 -0.00163477 0)
(0.25311 -0.000634277 0)
(0.245014 -7.27709e-05 0)
(0.240357 0.000268834 0)
(0.238157 0.000485645 0)
(0.237725 0.000625983 0)
(0.238438 0.000768107 0)
(0.240045 0.00091124 0)
(0.242453 0.00105751 0)
(0.245625 0.00124312 0)
(0.249604 0.00148578 0)
(0.254517 0.00179459 0)
(0.260549 0.00218192 0)
(0.26794 0.00265983 0)
(0.276974 0.00323704 0)
(0.287962 0.00391621 0)
(0.301222 0.0046958 0)
(0.317062 0.00555476 0)
(0.335731 0.00645177 0)
(0.357361 0.00731288 0)
(0.381861 0.00801921 0)
(0.408769 0.00839673 0)
(0.437088 0.00821573 0)
(0.465118 0.00723884 0)
(0.490288 0.00538014 0)
(0.509927 0.00277709 0)
(0.520563 -0.000223409 0)
(0.521421 -0.00331584 0)
(0.512678 -0.00629253 0)
(0.494071 -0.00827414 0)
(0.468258 -0.0093276 0)
(0.438345 -0.00950843 0)
(0.407217 -0.00901024 0)
(0.37733 -0.00812996 0)
(0.350182 -0.00707201 0)
(0.326526 -0.0059461 0)
(0.306626 -0.00486375 0)
(0.290338 -0.00389336 0)
(0.277284 -0.00306384 0)
(0.266988 -0.00237949 0)
(0.258962 -0.00182948 0)
(0.252763 -0.0013941 0)
(0.248012 -0.0010535 0)
(0.244392 -0.000791598 0)
(0.241647 -0.000592418 0)
(0.239572 -0.000441565 0)
(0.238008 -0.000327801 0)
(0.236832 -0.000242539 0)
(0.23595 -0.000178579 0)
(0.235291 -0.000130948 0)
(0.2348 -9.55676e-05 0)
(0.234435 -6.96035e-05 0)
(0.234164 -5.04342e-05 0)
(0.233963 -3.64662e-05 0)
(0.233815 -2.61577e-05 0)
(0.233705 -1.8726e-05 0)
(0.233625 -1.32475e-05 0)
(0.233566 -9.37127e-06 0)
(0.233522 -6.51017e-06 0)
(0.233491 -4.5457e-06 0)
(0.233468 -3.09088e-06 0)
(0.233451 -2.15313e-06 0)
(0.233439 -1.46076e-06 0)
(0.23343 -1.05099e-06 0)
(0.233423 -7.75143e-07 0)
(0.233418 -5.60351e-07 0)
(0.233413 -8.33876e-07 0)
)
;

boundaryField
{
    ibCylinder
    {
        type            movingImmersedBoundaryVelocity;
        patchType       immersedBoundary;
        setDeadValue    true;
        deadValue       (0 0 0);
        value           nonuniform List<vector> 0();
    }
    in
    {
        type            fixedValue;
        value           uniform (1 0 0);
    }
    out
    {
        type            inletOutlet;
        inletValue      uniform (0 0 0);
        value           nonuniform List<vector> 
25
(
(0.233418 7.22833e-07 0)
(0.620529 6.07731e-06 0)
(0.883077 1.3417e-05 0)
(1.03204 2.18448e-05 0)
(1.10463 2.96594e-05 0)
(1.13574 3.55589e-05 0)
(1.14768 3.86016e-05 0)
(1.15185 3.87888e-05 0)
(1.15319 3.53809e-05 0)
(1.15359 2.88691e-05 0)
(1.15369 2.00737e-05 0)
(1.15372 9.31003e-06 0)
(1.15372 -2.34328e-06 0)
(1.15372 -1.39815e-05 0)
(1.15369 -2.45926e-05 0)
(1.15358 -3.32216e-05 0)
(1.15319 -3.94678e-05 0)
(1.15185 -4.25415e-05 0)
(1.14768 -4.19869e-05 0)
(1.13574 -3.84798e-05 0)
(1.10463 -3.20532e-05 0)
(1.03204 -2.3667e-05 0)
(0.883073 -1.46245e-05 0)
(0.620523 -6.68825e-06 0)
(0.233413 -8.33876e-07 0)
)
;
    }
    top
    {
        type            fixedValue;
        value           uniform (0 0 0);
    }
    bottom
    {
        type            fixedValue;
        value           uniform (0 0 0);
    }
    frontAndBack
    {
        type            empty;
    }
}


// ************************************************************************* //
