/*--------------------------------*- C++ -*----------------------------------*\
| =========                 |                                                 |
| \\      /  F ield         | OpenFOAM: The Open Source CFD Toolbox           |
|  \\    /   O peration     | Version:  2206                                  |
|   \\  /    A nd           | Website:  www.openfoam.com                      |
|    \\/     M anipulation  |                                                 |
\*---------------------------------------------------------------------------*/
FoamFile
{
    version     2.0;
    format      ascii;
    arch        "LSB;label=32;scalar=64";
    class       surfaceVectorField;
    location    "0.4";
    object      Uf;
}
// * * * * * * * * * * * * * * * * * * * * * * * * * * * * * * * * * * * * * //

dimensions      [0 1 -1 0 0 0 0];

internalField   nonuniform List<vector> 
3650
(
(0.859809 0.0532048 0)
(0.903242 0.140192 0)
(0.701532 0.0845472 0)
(0.900316 0.158277 0)
(0.567701 0.0660499 0)
(0.84331 0.133831 0)
(0.464509 0.0366218 0)
(0.752602 0.103192 0)
(0.388947 0.0188409 0)
(0.673006 0.0755616 0)
(0.33616 0.0100526 0)
(0.608851 0.0527874 0)
(0.29991 0.00526147 0)
(0.558548 0.0362502 0)
(0.275465 0.00258439 0)
(0.51931 0.0244453 0)
(0.259313 0.00113478 0)
(0.48998 0.0161528 0)
(0.248894 0.000353882 0)
(0.468969 0.0104184 0)
(0.24256 -9.75635e-05 0)
(0.454494 0.00633399 0)
(0.239166 -0.000376658 0)
(0.445129 0.00339427 0)
(0.237863 -0.000555172 0)
(0.439644 0.00130326 0)
(0.238023 -0.000696349 0)
(0.43703 -0.000159942 0)
(0.239199 -0.000838911 0)
(0.436542 -0.00117592 0)
(0.241208 -0.000983513 0)
(0.437578 -0.00200893 0)
(0.243989 -0.00114936 0)
(0.439936 -0.00277998 0)
(0.24755 -0.0013635 0)
(0.443473 -0.00356164 0)
(0.25198 -0.00163931 0)
(0.448181 -0.00443012 0)
(0.257433 -0.00198752 0)
(0.454169 -0.00545185 0)
(0.264119 -0.00242031 0)
(0.461633 -0.00668605 0)
(0.272302 -0.00294807 0)
(0.470847 -0.00818311 0)
(0.282281 -0.00357652 0)
(0.482153 -0.00997921 0)
(0.294373 -0.00430622 0)
(0.495926 -0.0120915 0)
(0.308894 -0.00512583 0)
(0.512567 -0.0145215 0)
(0.326128 -0.00600401 0)
(0.532471 -0.0172335 0)
(0.346272 -0.0068832 0)
(0.555985 -0.0201436 0)
(0.369358 -0.00766691 0)
(0.583345 -0.0230861 0)
(0.395128 -0.00820867 0)
(0.61456 -0.0257708 0)
(0.422875 -0.00830695 0)
(0.649234 -0.0277469 0)
(0.451243 -0.00772825 0)
(0.686325 -0.0283689 0)
(0.478084 -0.00631074 0)
(0.723948 -0.0268409 0)
(0.500647 -0.00408002 0)
(0.758906 -0.0225635 0)
(0.516045 -0.00127829 0)
(0.787491 -0.0153985 0)
(0.521921 0.00176802 0)
(0.805286 -0.00587546 0)
(0.517976 0.00480247 0)
(0.810122 0.00394506 0)
(0.503941 0.00728182 0)
(0.801801 0.0140346 0)
(0.481565 0.00879963 0)
(0.779908 0.0223761 0)
(0.4535 0.00941712 0)
(0.747328 0.0280656 0)
(0.422787 0.00925898 0)
(0.708056 0.030713 0)
(0.392163 0.00857027 0)
(0.666188 0.030625 0)
(0.363558 0.00760156 0)
(0.625297 0.0286042 0)
(0.338095 0.0065099 0)
(0.587971 0.0254639 0)
(0.316302 0.00540591 0)
(0.55535 0.0217926 0)
(0.298221 0.0043796 0)
(0.527898 0.0180813 0)
(0.283577 0.00347965 0)
(0.505451 0.0146437 0)
(0.271937 0.00272268 0)
(0.487489 0.0116406 0)
(0.262812 0.00210542 0)
(0.473343 0.00912478 0)
(0.255733 0.00161258 0)
(0.462327 0.00707991 0)
(0.250285 0.00122442 0)
(0.453819 0.0054476 0)
(0.246124 0.00092299 0)
(0.447294 0.00416145 0)
(0.242962 0.000692316 0)
(0.442317 0.00316231 0)
(0.240567 0.000517219 0)
(0.438534 0.0023948 0)
(0.238759 0.000384885 0)
(0.435664 0.00180777 0)
(0.237399 0.000285378 0)
(0.433493 0.00136095 0)
(0.236377 0.000210786 0)
(0.431854 0.00102198 0)
(0.235611 0.00015501 0)
(0.430619 0.000765294 0)
(0.23504 0.000113505 0)
(0.42969 0.000571266 0)
(0.234615 8.28233e-05 0)
(0.428994 0.000425364 0)
(0.234299 6.02422e-05 0)
(0.428473 0.000316097 0)
(0.234064 4.36654e-05 0)
(0.428084 0.000234508 0)
(0.23389 3.15184e-05 0)
(0.427793 0.00017361 0)
(0.233762 2.26377e-05 0)
(0.427577 0.000128249 0)
(0.233668 1.61564e-05 0)
(0.427416 9.44716e-05 0)
(0.233598 1.14501e-05 0)
(0.427296 6.94121e-05 0)
(0.233548 8.05714e-06 0)
(0.427208 5.08397e-05 0)
(0.23351 5.6358e-06 0)
(0.427142 3.71522e-05 0)
(0.233483 3.92334e-06 0)
(0.427094 2.70633e-05 0)
(0.233464 2.7205e-06 0)
(0.427058 1.96845e-05 0)
(0.233449 1.88171e-06 0)
(0.427032 1.42708e-05 0)
(0.233439 1.29878e-06 0)
(0.427013 1.0356e-05 0)
(0.233432 9.18608e-07 0)
(0.427 7.51159e-06 0)
(0.233426 6.51991e-07 0)
(0.426989 5.50931e-06 0)
(0.233422 6.2257e-07 0)
(0.426982 4.1472e-06 0)
(0.426974 3.41746e-06 0)
(1.05169 0.154838 0)
(1.01328 0.0885018 0)
(1.04738 0.182935 0)
(1.05547 0.162583 0)
(1.01073 0.167822 0)
(1.06747 0.170489 0)
(0.956075 0.142612 0)
(1.04937 0.157845 0)
(0.892857 0.111656 0)
(1.01463 0.138779 0)
(0.830865 0.0816401 0)
(0.973171 0.11478 0)
(0.776875 0.0576333 0)
(0.931584 0.0902397 0)
(0.733024 0.0396831 0)
(0.892139 0.0682963 0)
(0.699217 0.0265712 0)
(0.857378 0.0499602 0)
(0.674258 0.0170352 0)
(0.82917 0.0353777 0)
(0.65682 0.0100908 0)
(0.807359 0.0237725 0)
(0.645428 0.00510343 0)
(0.791472 0.0147856 0)
(0.638668 0.00158372 0)
(0.780638 0.00806367 0)
(0.635428 -0.000855394 0)
(0.773866 0.00308016 0)
(0.634833 -0.00264003 0)
(0.770412 -0.000580939 0)
(0.636243 -0.00417728 0)
(0.769503 -0.00341862 0)
(0.639329 -0.00564243 0)
(0.770658 -0.00586514 0)
(0.643988 -0.00715236 0)
(0.77361 -0.00822064 0)
(0.650228 -0.0088598 0)
(0.778267 -0.0106706 0)
(0.658192 -0.0108854 0)
(0.784672 -0.0134158 0)
(0.668137 -0.0133257 0)
(0.792987 -0.0166307 0)
(0.680418 -0.0162528 0)
(0.803495 -0.0204638 0)
(0.695457 -0.0197088 0)
(0.81658 -0.0250181 0)
(0.713712 -0.0237108 0)
(0.832688 -0.0303471 0)
(0.735677 -0.0282343 0)
(0.852298 -0.0364858 0)
(0.761815 -0.033178 0)
(0.875958 -0.0433715 0)
(0.792526 -0.0383253 0)
(0.904227 -0.0508545 0)
(0.828046 -0.0432839 0)
(0.93762 -0.0586067 0)
(0.86828 -0.0474185 0)
(0.976503 -0.0660046 0)
(0.912551 -0.0497923 0)
(1.02088 -0.0720183 0)
(0.959284 -0.0491307 0)
(1.07005 -0.0751015 0)
(1.00547 -0.0441442 0)
(1.12199 -0.073028 0)
(1.04676 -0.0341426 0)
(1.1728 -0.0638538 0)
(1.07825 -0.0194925 0)
(1.21716 -0.0468868 0)
(1.09533 -0.00234168 0)
(1.24885 -0.0229544 0)
(1.09555 0.0154455 0)
(1.26258 0.00372096 0)
(1.07877 0.0320341 0)
(1.25733 0.0308114 0)
(1.04637 0.0448576 0)
(1.23282 0.0547813 0)
(1.00218 0.0525849 0)
(1.19198 0.0722556 0)
(0.951387 0.0550808 0)
(1.14002 0.081506 0)
(0.899074 0.0532774 0)
(1.08298 0.0829379 0)
(0.849318 0.0486154 0)
(1.02618 0.0783604 0)
(0.804695 0.0424438 0)
(0.974055 0.0700872 0)
(0.76639 0.0357817 0)
(0.928476 0.0600971 0)
(0.7346 0.0293438 0)
(0.890224 0.0498719 0)
(0.708887 0.0235534 0)
(0.859098 0.0403561 0)
(0.688488 0.0186013 0)
(0.834338 0.0320397 0)
(0.672524 0.0145164 0)
(0.814959 0.0250892 0)
(0.660144 0.0112265 0)
(0.799942 0.0194599 0)
(0.650613 0.00861644 0)
(0.788381 0.0149793 0)
(0.643321 0.00657334 0)
(0.779538 0.0114537 0)
(0.637763 0.00499431 0)
(0.772808 0.00872063 0)
(0.633535 0.0037828 0)
(0.76769 0.006623 0)
(0.630326 0.00285707 0)
(0.7638 0.00501689 0)
(0.627894 0.00215264 0)
(0.76085 0.00379215 0)
(0.626055 0.00161785 0)
(0.758614 0.00286113 0)
(0.624667 0.00121248 0)
(0.756921 0.00215357 0)
(0.623622 0.000906261 0)
(0.755642 0.00161661 0)
(0.622836 0.000675995 0)
(0.754678 0.00121104 0)
(0.622246 0.000503392 0)
(0.753953 0.000905933 0)
(0.621804 0.000374203 0)
(0.753407 0.000676811 0)
(0.621473 0.00027761 0)
(0.752996 0.000504817 0)
(0.621225 0.000205484 0)
(0.752688 0.000375847 0)
(0.62104 0.000151728 0)
(0.752457 0.000279239 0)
(0.620903 0.000111758 0)
(0.752284 0.000207042 0)
(0.6208 8.21118e-05 0)
(0.752155 0.000153195 0)
(0.620724 6.01734e-05 0)
(0.752058 0.000113125 0)
(0.620668 4.39797e-05 0)
(0.751987 8.33376e-05 0)
(0.620627 3.20633e-05 0)
(0.751933 6.1248e-05 0)
(0.620596 2.33305e-05 0)
(0.751894 4.49079e-05 0)
(0.620574 1.69764e-05 0)
(0.751864 3.28689e-05 0)
(0.620557 1.2376e-05 0)
(0.751843 2.40954e-05 0)
(0.620545 9.18299e-06 0)
(0.751826 1.76224e-05 0)
(0.620536 6.99838e-06 0)
(0.751815 1.3342e-05 0)
(0.751803 9.76632e-06 0)
(1.0395 0.111068 0)
(1.00908 0.0490062 0)
(1.08195 0.157148 0)
(1.04738 0.120134 0)
(1.10296 0.164364 0)
(1.08749 0.149471 0)
(1.10581 0.157696 0)
(1.11056 0.154998 0)
(1.09498 0.144351 0)
(1.11681 0.149605 0)
(1.07383 0.124855 0)
(1.11478 0.135931 0)
(1.04625 0.102001 0)
(1.1026 0.117827 0)
(1.01598 0.0792542 0)
(1.08512 0.0985587 0)
(0.987052 0.0589971 0)
(1.06476 0.0788911 0)
(0.96197 0.0421136 0)
(1.04456 0.0604604 0)
(0.941776 0.0284367 0)
(1.02608 0.0439664 0)
(0.926524 0.0177127 0)
(1.01044 0.0300373 0)
(0.915703 0.00950761 0)
(0.998207 0.0188856 0)
(0.908721 0.00329064 0)
(0.989229 0.0100619 0)
(0.904983 -0.00142552 0)
(0.983294 0.00315785 0)
(0.90386 -0.00517382 0)
(0.98004 -0.00229587 0)
(0.904865 -0.00853063 0)
(0.979036 -0.00686987 0)
(0.907785 -0.0118534 0)
(0.979985 -0.0111403 0)
(0.912587 -0.0153607 0)
(0.982777 -0.0154726 0)
(0.919313 -0.0193183 0)
(0.987407 -0.0201425 0)
(0.928148 -0.0239638 0)
(0.99397 -0.025465 0)
(0.939411 -0.0294784 0)
(1.00271 -0.0317267 0)
(0.953515 -0.0359698 0)
(1.014 -0.0391226 0)
(0.970902 -0.0434892 0)
(1.02831 -0.047734 0)
(0.992145 -0.0520404 0)
(1.04598 -0.0577289 6.19854e-34)
(1.01788 -0.061546 0)
(1.06782 -0.0691074 -6.14821e-34)
(1.0488 -0.0717452 0)
(1.09466 -0.0817698 0)
(1.08556 -0.0820546 0)
(1.12743 -0.0953716 0)
(1.12867 -0.0914259 0)
(1.16718 -0.109117 0)
(1.17816 -0.0981594 0)
(1.2148 -0.121509 0)
(1.233 -0.0996632 0)
(1.2707 -0.129937 0)
(1.29003 -0.0930467 0)
(1.33287 -0.130056 0)
(1.34415 -0.0764681 0)
(1.39628 -0.117978 0)
(1.38934 -0.049798 0)
(1.45423 -0.0920728 0)
(1.41812 -0.0160414 0)
(1.49881 -0.0517316 0)
(1.42555 0.0201927 0)
(1.52145 -0.00371441 0)
(1.41222 0.054914 0)
(1.52052 0.0441378 0)
(1.37898 0.0835905 0)
(1.49677 0.0880291 0)
(1.32993 0.102427 0)
(1.45264 0.121298 0)
(1.27143 0.11038 0)
(1.39411 0.140015 0)
(1.20984 0.108804 0)
(1.32872 0.144527 0)
(1.1506 0.100383 0)
(1.2631 0.137593 0)
(1.09738 0.0880926 0)
(1.20294 0.123316 0)
(1.05183 0.0744004 0)
(1.15074 0.10564 0)
(1.01427 0.0610108 0)
(1.1074 0.0874334 0)
(0.984142 0.0489173 0)
(1.07259 0.0704852 0)
(0.96046 0.0385742 0)
(1.04528 0.0557213 0)
(0.942093 0.0300686 0)
(1.02421 0.0434567 0)
(0.927947 0.0232421 0)
(1.00808 0.0336064 0)
(0.917118 0.0178355 0)
(0.995774 0.0258087 0)
(0.908883 0.0136127 0)
(0.986456 0.019689 0)
(0.902627 0.0103587 0)
(0.979433 0.014976 0)
(0.897871 0.0078644 0)
(0.974114 0.0113795 0)
(0.894261 0.00595704 0)
(0.970077 0.00862714 0)
(0.891522 0.00450449 0)
(0.967022 0.00653136 0)
(0.889443 0.00339967 0)
(0.964705 0.00493978 0)
(0.887869 0.00255951 0)
(0.962946 0.0037282 0)
(0.886679 0.00192259 0)
(0.961616 0.00280651 0)
(0.885781 0.00144196 0)
(0.960611 0.00210926 0)
(0.885103 0.0010802 0)
(0.959853 0.00158386 0)
(0.884591 0.000808133 0)
(0.959279 0.00118823 0)
(0.884206 0.000603621 0)
(0.958846 0.000890238 0)
(0.883916 0.000450047 0)
(0.958519 0.000665942 0)
(0.883698 0.000334901 0)
(0.958272 0.000497253 0)
(0.883534 0.000248755 0)
(0.958087 0.000370669 0)
(0.883411 0.000184427 0)
(0.957947 0.000275874 0)
(0.88332 0.000136457 0)
(0.957842 0.000204991 0)
(0.883251 0.00010073 0)
(0.957763 0.000152005 0)
(0.8832 7.41815e-05 0)
(0.957704 0.000112459 0)
(0.883162 5.45073e-05 0)
(0.95766 8.30168e-05 0)
(0.883133 4.00287e-05 0)
(0.957627 6.11499e-05 0)
(0.883112 2.93624e-05 0)
(0.957603 4.51083e-05 0)
(0.883097 2.17908e-05 0)
(0.957585 3.30694e-05 0)
(0.883085 1.6095e-05 0)
(0.957572 2.50527e-05 0)
(0.957558 1.7629e-05 0)
(1.0197 0.0664372 0)
(1.0042 0.0293074 0)
(1.05941 0.112962 0)
(1.02711 0.0804272 0)
(1.09557 0.1377 0)
(1.06403 0.113308 0)
(1.12092 0.144856 0)
(1.09744 0.129645 0)
(1.13669 0.140429 0)
(1.12067 0.133841 0)
(1.14338 0.129221 0)
(1.13797 0.12924 0)
(1.14146 0.114888 0)
(1.14542 0.119743 0)
(1.1336 0.0985759 0)
(1.14739 0.10642 0)
(1.12199 0.0808549 0)
(1.14437 0.0905013 0)
(1.10842 0.0629092 0)
(1.1371 0.0740318 0)
(1.09459 0.0460469 0)
(1.1281 0.0577996 0)
(1.08201 0.0314989 0)
(1.11859 0.0426139 0)
(1.07159 0.0196069 0)
(1.10966 0.0293029 0)
(1.06368 0.0100431 0)
(1.10192 0.0179806 0)
(1.05826 0.00238495 0)
(1.0959 0.00856929 0)
(1.05514 -0.00385589 0)
(1.09173 0.00083032 0)
(1.05411 -0.00928883 0)
(1.08937 -0.00583829 0)
(1.05489 -0.0145379 0)
(1.08867 -0.0119233 0)
(1.05749 -0.0199916 0)
(1.08959 -0.0180757 0)
(1.06193 -0.0259624 0)
(1.09217 -0.0245816 0)
(1.06835 -0.0328241 0)
(1.09642 -0.0318805 0)
(1.07706 -0.0409074 0)
(1.10256 -0.0404429 0)
(1.08852 -0.0504341 0)
(1.111 -0.0505774 0)
(1.10305 -0.0615762 6.19854e-34)
(1.12238 -0.062267 0)
(1.12123 -0.0744011 5.44261e-36)
(1.13655 -0.0759054 6.19854e-34)
(1.14407 -0.0889203 -6.14821e-34)
(1.15529 -0.0919459 -6.14821e-34)
(1.1727 -0.105031 0)
(1.17928 -0.110399 0)
(1.20842 -0.122183 0)
(1.21002 -0.131093 0)
(1.25271 -0.139109 0)
(1.24951 -0.153405 0)
(1.30687 -0.153332 0)
(1.30001 -0.175676 0)
(1.37085 -0.160253 0)
(1.36363 -0.193909 0)
(1.44007 -0.154595 0)
(1.43638 -0.199282 0)
(1.50737 -0.132649 0)
(1.51126 -0.185282 0)
(1.56577 -0.092381 0)
(1.57836 -0.150469 0)
(1.6045 -0.0378545 0)
(1.62867 -0.0904624 0)
(1.61735 0.0211102 0)
(1.65535 -0.0165667 0)
(1.60591 0.0779122 0)
(1.6533 0.0555782 0)
(1.57074 0.12644 0)
(1.63181 0.123197 0)
(1.51653 0.159449 0)
(1.58641 0.17551 0)
(1.45097 0.174475 0)
(1.52407 0.20558 0)
(1.38159 0.173352 0)
(1.45347 0.213903 0)
(1.31509 0.160406 0)
(1.38239 0.204093 0)
(1.25589 0.140707 0)
(1.31706 0.182523 0)
(1.20591 0.118501 0)
(1.26091 0.155618 0)
(1.16535 0.0967392 0)
(1.21507 0.127993 0)
(1.13339 0.0771527 0)
(1.17903 0.102442 0)
(1.10874 0.0605075 0)
(1.15139 0.0803694 0)
(1.08998 0.0469121 0)
(1.13051 0.0622199 0)
(1.07571 0.0360867 0)
(1.11486 0.047873 0)
(1.06495 0.0275864 0)
(1.10322 0.0365765 0)
(1.05689 0.0210037 0)
(1.09453 0.0277424 0)
(1.05084 0.0159746 0)
(1.08808 0.0210323 0)
(1.04625 0.012133 0)
(1.08324 0.0159678 0)
(1.04279 0.00919808 0)
(1.07958 0.012089 0)
(1.04017 0.00696741 0)
(1.07684 0.00915088 0)
(1.03818 0.00527065 0)
(1.07476 0.00692931 0)
(1.03667 0.00397711 0)
(1.07318 0.00523561 0)
(1.03553 0.00299446 0)
(1.07199 0.00394481 0)
(1.03467 0.00225217 0)
(1.07109 0.00296932 0)
(1.03402 0.00169276 0)
(1.07042 0.00223501 0)
(1.03353 0.00127108 0)
(1.0699 0.00168151 0)
(1.03315 0.00095319 0)
(1.06951 0.0012637 0)
(1.03287 0.000713685 0)
(1.06922 0.000948359 0)
(1.03266 0.000533477 0)
(1.06899 0.000710482 0)
(1.0325 0.000398192 0)
(1.06883 0.000531486 0)
(1.03238 0.000296802 0)
(1.0687 0.000397143 0)
(1.03229 0.000220858 0)
(1.0686 0.000296377 0)
(1.03222 0.000164002 0)
(1.06853 0.000220764 0)
(1.03216 0.000121517 0)
(1.06847 0.000164084 0)
(1.03213 8.98421e-05 0)
(1.06843 0.000121707 0)
(1.0321 6.63734e-05 0)
(1.0684 9.00838e-05 0)
(1.03208 4.89186e-05 0)
(1.06838 6.67391e-05 0)
(1.03206 3.63955e-05 0)
(1.06836 4.90738e-05 0)
(1.03205 2.66119e-05 0)
(1.06835 3.72061e-05 0)
(1.06834 2.57065e-05 0)
(1.01041 0.0440203 0)
(1.00231 0.0188999 0)
(1.03607 0.0799243 0)
(1.0154 0.0547652 0)
(1.06724 0.10441 0)
(1.04065 0.0821325 0)
(1.09708 0.117907 0)
(1.06978 0.0998126 0)
(1.12187 0.121961 0)
(1.09631 0.109052 0)
(1.13994 0.119111 0)
(1.11879 0.111162 0)
(1.15165 0.111033 0)
(1.13558 0.108034 0)
(1.15795 0.0986918 0)
(1.14791 0.100123 0)
(1.15922 0.0842603 0)
(1.15523 0.0892293 0)
(1.15671 0.0693721 0)
(1.15803 0.0765469 0)
(1.15202 0.0546884 0)
(1.15753 0.0624844 0)
(1.14613 0.0407907 0)
(1.15487 0.0485087 0)
(1.13985 0.0281124 0)
(1.15112 0.0355809 0)
(1.13403 0.0169461 0)
(1.14684 0.0237996 0)
(1.12929 0.00734183 0)
(1.14276 0.0133089 0)
(1.1259 -0.000905928 0)
(1.13941 0.00422048 0)
(1.12387 -0.00821468 0)
(1.13702 -0.00380655 0)
(1.1233 -0.0152152 0)
(1.13564 -0.0113496 0)
(1.12419 -0.0224423 0)
(1.13536 -0.0189688 0)
(1.12656 -0.0303269 0)
(1.13628 -0.0269522 0)
(1.13047 -0.0393482 0)
(1.13843 -0.0357947 0)
(1.13629 -0.0498874 0)
(1.14191 -0.0462628 0)
(1.14451 -0.0619914 0)
(1.14738 -0.0587987 0)
(1.15554 -0.0760401 0)
(1.15538 -0.0732964 0)
(1.17023 -0.092997 0)
(1.16604 -0.0905899 0)
(1.18986 -0.113153 0)
(1.18116 -0.111577 0)
(1.21583 -0.136352 0)
(1.20158 -0.13637 0)
(1.25022 -0.162447 0)
(1.22938 -0.165488 0)
(1.29583 -0.190447 0)
(1.26745 -0.199007 0)
(1.35565 -0.217099 0)
(1.31949 -0.235495 0)
(1.42977 -0.234619 0)
(1.38866 -0.268032 0)
(1.50877 -0.233743 0)
(1.46166 -0.278281 0)
(1.5838 -0.209314 0)
(1.53572 -0.260316 0)
(1.64492 -0.153958 0)
(1.58901 -0.211586 0)
(1.6815 -0.0711824 0)
(1.61143 -0.127038 0)
(1.6919 0.0178563 0)
(1.61422 -0.0269731 0)
(1.68077 0.101463 0)
(1.60849 0.0667092 0)
(1.64736 0.173252 0)
(1.60293 0.156608 0)
(1.59297 0.222727 0)
(1.57788 0.229905 0)
(1.52574 0.246085 0)
(1.53335 0.272801 0)
(1.45353 0.245463 0)
(1.47561 0.286118 0)
(1.38397 0.226643 0)
(1.41208 0.273655 0)
(1.32169 0.197707 0)
(1.34968 0.244798 0)
(1.26973 0.165319 0)
(1.29458 0.207578 0)
(1.22847 0.133844 0)
(1.24985 0.16926 0)
(1.19678 0.105754 0)
(1.21544 0.134124 0)
(1.17295 0.0821291 0)
(1.18981 0.104205 0)
(1.15524 0.0632002 0)
(1.17102 0.0799286 0)
(1.1422 0.048402 0)
(1.15738 0.0609126 0)
(1.13265 0.0368183 0)
(1.1476 0.0461292 0)
(1.12565 0.0278603 0)
(1.14046 0.0347412 0)
(1.12043 0.021065 0)
(1.13527 0.0262465 0)
(1.11651 0.015919 0)
(1.13156 0.0198934 0)
(1.11359 0.0120218 0)
(1.12874 0.0150025 0)
(1.1114 0.00909417 0)
(1.12665 0.0113424 0)
(1.10974 0.00688345 0)
(1.12507 0.00859635 0)
(1.10848 0.00520111 0)
(1.12387 0.0064928 0)
(1.10754 0.0039232 0)
(1.12296 0.00488621 0)
(1.10683 0.00295784 0)
(1.12228 0.00367791 0)
(1.10629 0.00222959 0)
(1.12177 0.0027722 0)
(1.10588 0.00167926 0)
(1.12138 0.00208994 0)
(1.10557 0.00126312 0)
(1.12109 0.00157417 0)
(1.10534 0.00094857 0)
(1.12086 0.00118402 0)
(1.10516 0.000711149 0)
(1.12069 0.000888799 0)
(1.10502 0.000532488 0)
(1.12056 0.000666278 0)
(1.10492 0.000398309 0)
(1.12047 0.000499266 0)
(1.10484 0.000297518 0)
(1.12039 0.000373761 0)
(1.10479 0.000221796 0)
(1.12034 0.000279302 0)
(1.10474 0.000164998 0)
(1.12029 0.000208244 0)
(1.10471 0.000122499 0)
(1.12026 0.000154983 0)
(1.10468 9.08633e-05 0)
(1.12024 0.000115119 0)
(1.10466 6.71981e-05 0)
(1.12022 8.55284e-05 0)
(1.10465 5.00978e-05 0)
(1.12021 6.3052e-05 0)
(1.10464 3.64328e-05 0)
(1.1202 4.7783e-05 0)
(1.12019 3.26011e-05 0)
(1.00592 0.0304926 0)
(1.00138 0.0129757 0)
(1.02214 0.0571618 0)
(1.00939 0.0385467 0)
(1.04453 0.0773964 0)
(1.02619 0.0597489 0)
(1.06919 0.0908316 0)
(1.04781 0.075146 0)
(1.09323 0.098083 0)
(1.07042 0.0850163 0)
(1.11446 0.0999254 0)
(1.09197 0.0899298 0)
(1.13201 0.0970087 0)
(1.11104 0.0904844 0)
(1.14515 0.090419 0)
(1.12722 0.0869843 0)
(1.15389 0.0811914 0)
(1.13937 0.0804948 0)
(1.15879 0.0696091 0)
(1.14835 0.0716445 0)
(1.16036 0.0565396 0)
(1.15365 0.0609146 0)
(1.1598 0.043537 0)
(1.15619 0.0490665 0)
(1.158 0.0314224 0)
(1.15686 0.0373833 0)
(1.15547 0.0202823 0)
(1.15613 0.0263251 0)
(1.15284 0.010295 0)
(1.15456 0.0159425 0)
(1.15051 0.00142905 0)
(1.15285 0.00654905 0)
(1.14871 -0.00680315 0)
(1.15119 -0.00200975 0)
(1.14765 -0.014935 0)
(1.1498 -0.0102887 0)
(1.14741 -0.0232677 0)
(1.14887 -0.0187279 0)
(1.14806 -0.0321213 0)
(1.1485 -0.0276002 0)
(1.14974 -0.0423359 0)
(1.14887 -0.0374698 0)
(1.15285 -0.0548138 0)
(1.15012 -0.0493825 0)
(1.15786 -0.0698033 0)
(1.15266 -0.0638069 0)
(1.16551 -0.0875326 0)
(1.15702 -0.0809439 0)
(1.1766 -0.108767 0)
(1.1639 -0.101681 0)
(1.19215 -0.134405 0)
(1.1743 -0.12712 0)
(1.21413 -0.165307 0)
(1.18958 -0.158356 0)
(1.24531 -0.202233 0)
(1.21189 -0.196667 0)
(1.28943 -0.244985 0)
(1.24425 -0.243124 0)
(1.35065 -0.28862 0)
(1.29097 -0.296721 0)
(1.42234 -0.316448 0)
(1.35117 -0.339721 0)
(1.48854 -0.31116 0)
(1.39651 -0.344476 0)
(1.54142 -0.273054 0)
(1.40842 -0.313195 -5.27587e-19)
(1.56554 -0.199282 0)
(1.37234 -0.235714 0)
(1.54522 -0.0934622 0)
(1.28305 -0.106715 -4.54324e-17)
(1.52956 0.0161987 0)
(1.22465 -0.0113129 -4.49994e-32)
(1.53432 0.120704 0)
(1.23748 0.0619483 2.50727e-17)
(1.53261 0.215875 0)
(1.27928 0.158319 0)
(1.51602 0.282294 0)
(1.31955 0.246493 0)
(1.48198 0.313558 0)
(1.37577 0.30685 0)
(1.43235 0.314384 0)
(1.37874 0.335746 0)
(1.37746 0.291881 0)
(1.35085 0.328539 0)
(1.32229 0.254533 0)
(1.31225 0.299973 0)
(1.27441 0.211376 0)
(1.27188 0.255457 0)
(1.23663 0.169408 0)
(1.23637 0.207037 0)
(1.20837 0.132448 0)
(1.20881 0.162391 0)
(1.18779 0.101904 0)
(1.18885 0.124785 0)
(1.17305 0.0776064 0)
(1.17474 0.0946598 0)
(1.16265 0.0586486 0)
(1.16491 0.0713135 0)
(1.1553 0.0440317 0)
(1.15815 0.0534792 0)
(1.15007 0.0330651 0)
(1.15345 0.0399795 0)
(1.14635 0.0250313 0)
(1.15015 0.029967 0)
(1.14371 0.0189961 0)
(1.14794 0.0225302 0)
(1.14178 0.0143724 0)
(1.14633 0.0169364 0)
(1.14031 0.0108767 0)
(1.1452 0.012806 0)
(1.13918 0.00821358 0)
(1.14437 0.0097291 0)
(1.13832 0.00617146 0)
(1.14371 0.00734699 0)
(1.13769 0.00462892 0)
(1.14323 0.00552071 0)
(1.13722 0.00348109 0)
(1.14287 0.00415121 0)
(1.13686 0.00262406 0)
(1.1426 0.00313207 0)
(1.13658 0.00197851 0)
(1.14238 0.00236474 0)
(1.13637 0.00149035 0)
(1.14221 0.0017835 0)
(1.13621 0.0011211 0)
(1.14209 0.00134308 0)
(1.13609 0.000842341 0)
(1.14199 0.00100845 0)
(1.136 0.000632509 0)
(1.14192 0.000756268 0)
(1.13594 0.000474589 0)
(1.14187 0.000567761 0)
(1.13588 0.000355595 0)
(1.14183 0.000426052 0)
(1.13584 0.000265927 0)
(1.1418 0.000319109 0)
(1.13581 0.000198465 0)
(1.14177 0.000238371 0)
(1.13579 0.000147828 0)
(1.14175 0.000177795 0)
(1.13577 0.000109969 0)
(1.14174 0.000132378 0)
(1.13576 8.15193e-05 0)
(1.14173 9.85199e-05 0)
(1.13575 6.08134e-05 0)
(1.14172 7.27391e-05 0)
(1.13574 4.39792e-05 0)
(1.14172 5.49756e-05 0)
(1.14171 3.71137e-05 0)
(1.00372 0.0217128 0)
(1.00091 0.0092599 0)
(1.01452 0.0414623 0)
(1.00626 0.0277472 0)
(1.03047 0.0574565 0)
(1.01796 0.043798 0)
(1.04934 0.0691456 0)
(1.03389 0.0562689 0)
(1.06924 0.0766593 0)
(1.05177 0.0651198 0)
(1.08861 0.0802783 0)
(1.07009 0.0705576 0)
(1.10635 0.0802585 0)
(1.08776 0.0727436 0)
(1.12151 0.0770095 0)
(1.10395 0.0718297 0)
(1.13377 0.0710473 0)
(1.11782 0.0682353 0)
(1.14312 0.06296 0)
(1.12933 0.0622886 0)
(1.14952 0.0533219 0)
(1.13816 0.0545196 0)
(1.15321 0.042824 0)
(1.14443 0.045373 0)
(1.15491 0.032275 0)
(1.14837 0.0356908 0)
(1.15519 0.0219833 0)
(1.15054 0.0260449 0)
(1.15456 0.0122006 0)
(1.15128 0.0165709 0)
(1.15348 0.00318716 0)
(1.15116 0.00762268 0)
(1.15223 -0.00535069 0)
(1.15036 -0.000752365 0)
(1.151 -0.0138981 0)
(1.14921 -0.00906136 0)
(1.14992 -0.0228223 0)
(1.14786 -0.0176475 0)
(1.14921 -0.0326493 0)
(1.14644 -0.0268875 0)
(1.14916 -0.044154 0)
(1.14518 -0.0374194 0)
(1.14985 -0.057959 0)
(1.14422 -0.050073 0)
(1.15155 -0.0745371 0)
(1.14362 -0.0655118 0)
(1.15504 -0.094702 0)
(1.14392 -0.0844287 0)
(1.16116 -0.119591 0)
(1.14575 -0.1078 1.03533e-32)
(1.17096 -0.150545 0)
(1.1499 -0.136925 -1.02789e-32)
(1.18616 -0.189181 0)
(1.15744 -0.17355 0)
(1.20911 -0.237225 0)
(1.16969 -0.219626 0)
(1.24306 -0.29508 0)
(1.18837 -0.277066 0)
(1.29001 -0.349189 0)
(1.21507 -0.343678 0)
(1.32662 -0.368951 0)
(1.23228 -0.376332 0)
(1.32408 -0.336464 -5.27587e-19)
(1.20508 -0.341935 -2.99336e-18)
(1.23028 -0.249341 -5.27587e-19)
(1.08945 -0.186882 -5.27587e-19)
(1.11026 -0.12188 -4.54324e-17)
(0.592093 0.565093 0)
(0.963769 -0.0232027 -4.54324e-17)
(0.505342 0.373749 -4.54324e-17)
(0.925837 0.0237411 2.50727e-17)
(0.457504 0.272397 -4.49994e-32)
(0.988182 0.0743739 2.50727e-17)
(0.473643 0.255509 2.50727e-17)
(1.06939 0.145439 0)
(0.511348 0.202515 0)
(1.1793 0.239354 0)
(0.945165 0.0967617 0)
(1.2699 0.320459 0)
(1.065 0.21625 1.83048e-19)
(1.29458 0.346422 0)
(1.17133 0.311072 0)
(1.28498 0.334722 0)
(1.20891 0.338131 0)
(1.262 0.299589 0)
(1.2115 0.322957 0)
(1.23365 0.250196 0)
(1.20271 0.283805 0)
(1.20847 0.199433 0)
(1.18825 0.232213 0)
(1.18937 0.154356 0)
(1.17493 0.181496 0)
(1.17582 0.117304 0)
(1.16531 0.138334 0)
(1.16655 0.0881962 0)
(1.15897 0.103934 0)
(1.16036 0.0659758 0)
(1.15497 0.0774983 0)
(1.15627 0.0492646 0)
(1.15256 0.0575736 0)
(1.15352 0.0367831 0)
(1.15116 0.0427322 0)
(1.15169 0.0274407 0)
(1.15037 0.0317878 0)
(1.15051 0.0204525 0)
(1.14996 0.0237143 0)
(1.14974 0.0153421 0)
(1.14978 0.0177035 0)
(1.14925 0.0116511 0)
(1.14971 0.0132997 0)
(1.14888 0.00888099 0)
(1.14972 0.010096 0)
(1.1486 0.0067262 0)
(1.14975 0.00762551 0)
(1.1484 0.00506783 0)
(1.14979 0.00572207 0)
(1.14825 0.00381408 0)
(1.1498 0.00430844 0)
(1.14811 0.00287637 0)
(1.1498 0.00326496 0)
(1.14801 0.00217086 0)
(1.1498 0.00247048 0)
(1.14793 0.00163606 0)
(1.14979 0.00186464 0)
(1.14787 0.00122936 0)
(1.14979 0.0014038 0)
(1.14782 0.000921114 0)
(1.14979 0.0010529 0)
(1.14779 0.000690379 0)
(1.14979 0.000790138 0)
(1.14776 0.000518274 0)
(1.14978 0.000594113 0)
(1.14774 0.000388802 0)
(1.14978 0.000446512 0)
(1.14772 0.000290934 0)
(1.14978 0.00033494 0)
(1.14771 0.000217224 0)
(1.14977 0.000250466 0)
(1.1477 0.00016201 0)
(1.14977 0.000187007 0)
(1.1477 0.0001207 0)
(1.14977 0.000139407 0)
(1.14769 8.95789e-05 0)
(1.14977 0.000103817 0)
(1.14769 6.67756e-05 0)
(1.14977 7.66842e-05 0)
(1.14768 4.80173e-05 0)
(1.14977 5.77837e-05 0)
(1.14977 3.86485e-05 0)
(1.00258 0.0156979 0)
(1.00066 0.00668045 0)
(1.01027 0.0303094 0)
(1.00454 0.0200555 0)
(1.02205 0.0426252 0)
(1.0132 0.0320165 0)
(1.03661 0.052142 0)
(1.02535 0.0417122 0)
(1.05273 0.0588631 0)
(1.0396 0.0489973 0)
(1.06933 0.0628532 0)
(1.05489 0.0539593 0)
(1.08545 0.064151 0)
(1.07044 0.0566256 0)
(1.10029 0.0628824 0)
(1.08545 0.0569862 0)
(1.11338 0.059298 0)
(1.09925 0.0551509 0)
(1.12436 0.0537304 0)
(1.11145 0.0513045 0)
(1.1331 0.0465587 0)
(1.12172 0.0457786 0)
(1.13955 0.0382969 0)
(1.12993 0.0389294 0)
(1.14395 0.0295487 0)
(1.13606 0.03129 0)
(1.14666 0.0207559 0)
(1.14031 0.0233365 0)
(1.14788 0.0121444 0)
(1.14291 0.0153463 0)
(1.14799 0.00382854 0)
(1.14409 0.00751685 0)
(1.14733 -0.00432253 0)
(1.14412 -9.65471e-05 0)
(1.14608 -0.0126501 0)
(1.14322 -0.00781498 0)
(1.14437 -0.021532 0)
(1.14152 -0.0159355 0)
(1.14237 -0.0314754 0)
(1.13912 -0.0248815 0)
(1.1402 -0.0431558 0)
(1.13611 -0.0352529 0)
(1.13794 -0.0573739 0)
(1.13252 -0.0478141 0)
(1.13583 -0.0749842 0)
(1.12841 -0.0634015 0)
(1.13435 -0.0969243 1.03533e-32)
(1.12399 -0.0829503 0)
(1.13407 -0.124382 7.99322e-35)
(1.11957 -0.10752 1.03533e-32)
(1.13564 -0.159025 -1.02789e-32)
(1.1155 -0.138487 -1.02789e-32)
(1.1398 -0.202894 0)
(1.11203 -0.177712 0)
(1.14705 -0.257975 0)
(1.10889 -0.226874 0)
(1.15684 -0.322876 0)
(1.1049 -0.286853 0)
(1.15842 -0.365809 0)
(1.09114 -0.345265 0)
(1.1125 -0.332946 -2.99336e-18)
(1.04018 -0.330414 -1.29792e-17)
(1.00568 -0.19652 -2.99336e-18)
(0.907561 -0.198254 -2.99336e-18)
(1.11106 -0.0507815 0)
(0.442725 0.329433 0)
(0.47744 0 0)
(0 -0.0151989 0)
(0.274373 0 0)
(0 -0.00665805 0)
(0.278149 0 0)
(0 0.00655011 0)
(0.327996 0 0)
(0 0.01025 0)
(0.477122 0.017232 0)
(0 0.0236699 0)
(0.860641 0.0782818 1.83048e-19)
(0.390934 0.0951068 0)
(0.95952 0.195562 1.83048e-19)
(0.803305 0.0659233 1.91899e-19)
(1.08151 0.297425 0)
(0.928542 0.18908 7.43923e-18)
(1.13291 0.323837 0)
(1.03328 0.286731 0)
(1.15309 0.305882 0)
(1.07768 0.302776 0)
(1.15738 0.264822 0)
(1.10343 0.279517 0)
(1.15473 0.213642 0)
(1.11753 0.234862 0)
(1.15112 0.165064 0)
(1.12464 0.18511 0)
(1.14865 0.124639 0)
(1.12935 0.1408 0)
(1.14746 0.0929581 0)
(1.13337 0.105121 0)
(1.1472 0.0689001 0)
(1.13691 0.0777615 0)
(1.14747 0.0509416 0)
(1.13995 0.0573009 0)
(1.148 0.0376789 0)
(1.14252 0.0422076 0)
(1.14862 0.0279778 0)
(1.14466 0.0311614 0)
(1.14923 0.0208656 0)
(1.1464 0.0231094 0)
(1.14974 0.0155862 0)
(1.1478 0.0171949 0)
(1.15018 0.0116968 0)
(1.14886 0.0128598 0)
(1.15059 0.00880467 0)
(1.14974 0.0096862 0)
(1.15093 0.00659548 0)
(1.15043 0.00728582 0)
(1.15118 0.00495341 0)
(1.15097 0.00546908 0)
(1.15135 0.00376376 0)
(1.15135 0.00413442 0)
(1.15148 0.00286746 0)
(1.15164 0.00313942 0)
(1.15157 0.00217311 0)
(1.15187 0.00237596 0)
(1.15165 0.0016421 0)
(1.15204 0.00179147 0)
(1.15171 0.00123522 0)
(1.15217 0.00134442 0)
(1.15175 0.000925972 0)
(1.15226 0.00100836 0)
(1.15178 0.000695602 0)
(1.15233 0.000760847 0)
(1.1518 0.000523346 0)
(1.15238 0.000573848 0)
(1.15181 0.000393185 0)
(1.15242 0.000431774 0)
(1.15183 0.000294679 0)
(1.15245 0.000324163 0)
(1.15183 0.00022036 0)
(1.15247 0.000242395 0)
(1.15184 0.0001645 0)
(1.15249 0.000181039 0)
(1.15184 0.0001226 0)
(1.1525 0.000135055 0)
(1.15185 9.09886e-05 0)
(1.15251 0.00010059 0)
(1.15185 6.7772e-05 0)
(1.15251 7.43387e-05 0)
(1.15185 4.8508e-05 0)
(1.15252 5.58633e-05 0)
(1.15252 3.70406e-05 0)
(1.00195 0.0112829 0)
(1.00051 0.00473492 0)
(1.00779 0.0219273 0)
(1.00353 0.0142161 0)
(1.01695 0.0311493 0)
(1.01034 0.0228559 0)
(1.02858 0.0385362 0)
(1.02009 0.030074 0)
(1.04188 0.0440244 0)
(1.03184 0.0356983 0)
(1.0561 0.0476394 0)
(1.04485 0.0397379 0)
(1.07052 0.0493568 0)
(1.05855 0.0422068 0)
(1.08445 0.0491504 0)
(1.07231 0.0430552 0)
(1.09736 0.0470774 0)
(1.08552 0.0422462 0)
(1.10882 0.0433081 0)
(1.09771 0.0398423 0)
(1.11857 0.0381203 0)
(1.1085 0.0360265 0)
(1.12644 0.0318939 0)
(1.11763 0.0310656 0)
(1.13241 0.025053 0)
(1.12494 0.0253216 0)
(1.13659 0.0179313 0)
(1.13042 0.0191507 0)
(1.13914 0.0107593 0)
(1.13416 0.0128016 0)
(1.14021 0.00365081 0)
(1.13626 0.00644531 0)
(1.14001 -0.00351073 0)
(1.13687 0.000100849 0)
(1.13868 -0.0109938 0)
(1.13608 -0.0064823 0)
(1.13629 -0.0191445 0)
(1.13397 -0.0135424 0)
(1.13288 -0.0284599 0)
(1.13054 -0.0214752 0)
(1.12846 -0.0396109 0)
(1.12574 -0.0308333 0)
(1.123 -0.0534237 0)
(1.11944 -0.0423496 0)
(1.11651 -0.0708323 0)
(1.11149 -0.0569169 0)
(1.10908 -0.0928593 0)
(1.10171 -0.0755167 0)
(1.10073 -0.120707 0)
(1.08991 -0.0991736 1.36019e-33)
(1.09134 -0.155887 0)
(1.07577 -0.129097 -1.35765e-33)
(1.08015 -0.199784 0)
(1.05866 -0.166523 0)
(1.06457 -0.252332 0)
(1.03649 -0.211291 0)
(1.03826 -0.303994 0)
(1.00217 -0.260541 0)
(0.988161 -0.296069 -1.29792e-17)
(0.940735 -0.295165 -5.05952e-17)
(0.899131 -0.155695 -1.29792e-17)
(0.821834 -0.228909 -1.29792e-17)
(0.979697 -0.0233101 0)
(0.371441 0.314462 0)
(0.155154 0 0)
(0 -0.00744935 0)
(0.00592148 0 0)
(0 0.000169524 0)
(0.0128849 0 0)
(0 0.000488343 0)
(0.0273737 0 0)
(0 0.000738951 0)
(0.0756205 0 0)
(0 0.000389678 0)
(0.220852 0 0)
(0 0.00471973 0)
(0.434851 0.00651055 8.85107e-21)
(0 0.00517891 0)
(0.76748 0.0613928 7.44808e-18)
(0.361843 0.0357863 8.85107e-21)
(0.874867 0.178097 7.43923e-18)
(0.770124 0.0800057 7.43923e-18)
(0.972034 0.264261 0)
(0.872718 0.189564 1.85118e-19)
(1.02847 0.275195 0)
(0.947649 0.246344 0)
(1.06435 0.248695 0)
(0.998401 0.24363 0)
(1.08761 0.205496 0)
(1.03937 0.211602 0)
(1.10322 0.160214 0)
(1.06827 0.169506 0)
(1.11444 0.12088 0)
(1.08898 0.129573 0)
(1.12302 0.0896656 0)
(1.10455 0.0965427 0)
(1.12975 0.065978 0)
(1.11637 0.0710298 0)
(1.13506 0.0484215 0)
(1.12532 0.051998 0)
(1.13921 0.035573 0)
(1.13209 0.0380498 0)
(1.14246 0.0262212 0)
(1.13723 0.0279196 0)
(1.14498 0.0194097 0)
(1.14114 0.0205836 0)
(1.14693 0.0144447 0)
(1.14411 0.0152493 0)
(1.14842 0.0108156 0)
(1.14636 0.0113658 0)
(1.14959 0.00812915 0)
(1.14807 0.00851853 0)
(1.15048 0.00611703 0)
(1.14938 0.00639636 0)
(1.15114 0.00460911 0)
(1.15037 0.0048067 0)
(1.15165 0.00348116 0)
(1.15111 0.00362883 0)
(1.15204 0.00263181 0)
(1.15168 0.00274878 0)
(1.15233 0.00198328 0)
(1.15211 0.00208087 0)
(1.15256 0.00148501 0)
(1.15244 0.0015667 0)
(1.15273 0.00111397 0)
(1.15269 0.00117558 0)
(1.15285 0.000844055 0)
(1.15287 0.000888308 0)
(1.15293 0.000640679 0)
(1.153 0.000672856 0)
(1.153 0.000483728 0)
(1.1531 0.000506925 0)
(1.15305 0.000364367 0)
(1.15318 0.000380445 0)
(1.15309 0.000273229 0)
(1.15324 0.000284934 0)
(1.15312 0.000203951 0)
(1.15328 0.000212967 0)
(1.15314 0.000152186 0)
(1.15331 0.000159484 0)
(1.15316 0.00011346 0)
(1.15334 0.00011917 0)
(1.15317 8.42114e-05 0)
(1.15335 8.87924e-05 0)
(1.15318 6.2604e-05 0)
(1.15337 6.56336e-05 0)
(1.15319 4.45107e-05 0)
(1.15338 4.89676e-05 0)
(1.15339 3.21266e-05 0)
(1.00157 0.00782266 0)
(1.00043 0.00316624 0)
(1.00628 0.0152626 0)
(1.00293 0.00950322 0)
(1.01379 0.0218303 0)
(1.0086 0.0153466 0)
(1.02354 0.027229 0)
(1.01685 0.0203298 0)
(1.03492 0.0313736 0)
(1.02698 0.0243109 0)
(1.04739 0.0342521 0)
(1.03845 0.0272672 0)
(1.06042 0.0358411 0)
(1.05079 0.0291851 0)
(1.07344 0.0360873 0)
(1.06352 0.0300354 0)
(1.08592 0.0349577 0)
(1.07614 0.0297601 0)
(1.09743 0.0325163 0)
(1.08811 0.0283379 0)
(1.10759 0.0289365 0)
(1.09905 0.0258601 0)
(1.11615 0.0244753 0)
(1.1086 0.0225047 0)
(1.12297 0.0194256 0)
(1.11652 0.0185086 0)
(1.12801 0.0140433 0)
(1.12267 0.0141112 0)
(1.13131 0.00851919 0)
(1.12705 0.00949683 0)
(1.13295 0.00294244 0)
(1.12966 0.0048048 0)
(1.13297 -0.00279606 0)
(1.13056 8.24265e-05 0)
(1.13142 -0.0089196 0)
(1.12976 -0.00493613 0)
(1.12829 -0.0157187 0)
(1.12718 -0.0104076 0)
(1.12348 -0.0236379 0)
(1.12276 -0.0166619 0)
(1.11681 -0.0332911 0)
(1.11627 -0.0241658 0)
(1.10802 -0.0454716 0)
(1.10737 -0.0335613 0)
(1.09677 -0.0611014 0)
(1.09557 -0.0456618 0)
(1.08259 -0.0811477 1.36019e-33)
(1.08019 -0.061342 0)
(1.0649 -0.106626 2.40052e-36)
(1.06041 -0.0814838 1.36019e-33)
(1.0428 -0.138407 -1.35765e-33)
(1.03518 -0.106993 -1.35765e-33)
(1.01427 -0.17591 0)
(1.00316 -0.137989 0)
(0.974152 -0.216204 0)
(0.960295 -0.171175 0)
(0.915438 -0.242823 -5.05952e-17)
(0.895114 -0.201827 0)
(0.839512 -0.169651 -5.05952e-17)
(0.792475 -0.204355 -1.50894e-16)
(1.13469 -0.0451015 0)
(0.356222 0.392133 0)
(0.130945 0 0)
(0 -0.00896063 0)
(0.00149761 0 0)
(0 7.01372e-05 0)
(0.00332045 0 0)
(0 9.53201e-05 0)
(0.00582037 0 0)
(0 0.000219127 0)
(0.0121726 0 0)
(0 0.000163724 0)
(0.0296293 0 0)
(0 0.000484003 0)
(0.0686236 0 0)
(0 0.00144972 0)
(0.206504 0 0)
(0 0.00361574 0)
(0.466803 0.011779 0)
(0 0.0102052 0)
(0.750927 0.077258 1.85118e-19)
(0.364606 0.0137026 0)
(0.841034 0.170394 1.85118e-19)
(0.767657 0.0994548 1.85118e-19)
(0.916208 0.213837 0)
(0.844364 0.17117 0)
(0.975018 0.20555 0)
(0.908155 0.18482 0)
(1.02047 0.174873 0)
(0.968655 0.166152 0)
(1.05447 0.138314 0)
(1.01584 0.135502 0)
(1.0796 0.104825 0)
(1.05117 0.104442 0)
(1.09824 0.0776154 0)
(1.07764 0.0779022 0)
(1.11211 0.0568417 0)
(1.09729 0.0571577 0)
(1.12246 0.0414746 0)
(1.11175 0.0416529 0)
(1.13018 0.0302869 0)
(1.12241 0.0303252 0)
(1.13596 0.0221996 0)
(1.13029 0.0221398 0)
(1.1403 0.0163579 0)
(1.13613 0.0162455 0)
(1.14356 0.0121248 0)
(1.14048 0.0119913 0)
(1.14602 0.00904021 0)
(1.14373 0.008908 0)
(1.14788 0.00677049 0)
(1.14618 0.00665516 0)
(1.14929 0.00508343 0)
(1.14802 0.00498957 0)
(1.15034 0.00382712 0)
(1.14941 0.00374986 0)
(1.15115 0.00289116 0)
(1.15045 0.00282797 0)
(1.15176 0.00218799 0)
(1.15124 0.00213844 0)
(1.15222 0.00165458 0)
(1.15184 0.00161736 0)
(1.15257 0.0012476 0)
(1.1523 0.00122006 0)
(1.15282 0.000939635 0)
(1.15264 0.000917554 0)
(1.15302 0.000709019 0)
(1.15289 0.000692781 0)
(1.15317 0.000534592 0)
(1.15308 0.00052428 0)
(1.15328 0.000400863 0)
(1.15323 0.000395485 0)
(1.15336 0.000299165 0)
(1.15334 0.000296189 0)
(1.15343 0.000224119 0)
(1.15342 0.000221895 0)
(1.15347 0.000168606 0)
(1.15348 0.000167047 0)
(1.15351 0.000126543 0)
(1.15353 0.000125236 0)
(1.15353 9.45949e-05 0)
(1.15357 9.32843e-05 0)
(1.15355 7.03752e-05 0)
(1.15359 6.92608e-05 0)
(1.15357 5.21223e-05 0)
(1.15361 5.09063e-05 0)
(1.15358 3.66191e-05 0)
(1.15362 3.7493e-05 0)
(1.15364 2.43922e-05 0)
(1.00134 0.00494151 0)
(1.00038 0.00182142 0)
(1.00538 0.00966398 0)
(1.00258 0.00546351 0)
(1.01188 0.0138846 0)
(1.0076 0.008847 0)
(1.02044 0.0174148 0)
(1.01496 0.0117698 0)
(1.03061 0.0201838 0)
(1.02413 0.0141417 0)
(1.04194 0.0221678 0)
(1.03465 0.0159381 0)
(1.05398 0.023342 0)
(1.04614 0.017143 0)
(1.06629 0.0236673 0)
(1.05817 0.017732 0)
(1.07838 0.0231013 0)
(1.07033 0.0176728 0)
(1.08978 0.0216502 0)
(1.08209 0.0169344 0)
(1.10009 0.019406 0)
(1.09303 0.0155447 0)
(1.10899 0.0165275 0)
(1.10277 0.0136051 0)
(1.11625 0.0131988 0)
(1.111 0.0112518 0)
(1.12175 0.0095855 0)
(1.11751 0.00861805 0)
(1.12543 0.00581751 0)
(1.12221 0.00580965 0)
(1.12734 0.0019866 0)
(1.12506 0.00289542 0)
(1.12741 -0.00200183 0)
(1.12602 1.79844e-05 0)
(1.12559 -0.00633893 0)
(1.12514 -0.00311573 0)
(1.12175 -0.0112295 0)
(1.12218 -0.00657641 0)
(1.11568 -0.0170208 0)
(1.11694 -0.0105903 0)
(1.10699 -0.024201 0)
(1.10909 -0.0154723 0)
(1.0951 -0.0334193 0)
(1.09805 -0.021673 0)
(1.07921 -0.0454253 0)
(1.08297 -0.0297701 0)
(1.05824 -0.0609933 0)
(1.06265 -0.0403711 0)
(1.03086 -0.0808714 0)
(1.03563 -0.0541037 5.69101e-33)
(0.995363 -0.105152 0)
(1.00003 -0.0714931 -5.73221e-33)
(0.949168 -0.131382 0)
(0.953682 -0.091793 0)
(0.888903 -0.154718 0)
(0.891067 -0.110909 0)
(0.81435 -0.152513 -1.00299e-16)
(0.802891 -0.127274 0)
(1.79319 -0.0700135 -1.00299e-16)
(0.715569 -0.108982 9.19188e-18)
(0.331018 0 0)
(0 -0.0274026 0)
(0.000461023 0 0)
(0 -8.54297e-06 0)
(0.000989733 0 0)
(0 -4.20739e-06 0)
(0.00207035 0 0)
(0 8.66287e-05 0)
(0.003604 0 0)
(0 -6.53319e-06 0)
(0.00831764 0 0)
(0 -2.08021e-07 0)
(0.0182911 0 0)
(0 0.000319956 0)
(0.0409375 0 0)
(0 0.000523228 0)
(0.106831 0 0)
(0 0.000908146 0)
(0.302853 0 0)
(0 0.000899699 0)
(0.634386 0.0300295 0)
(0 0.00485161 0)
(0.758857 0.0957909 0)
(0.726108 0.0430539 2.60437e-18)
(0.833025 0.141124 0)
(0.777825 0.0970007 0)
(0.904163 0.144622 0)
(0.843365 0.113682 0)
(0.964945 0.126352 0)
(0.915827 0.105371 0)
(1.01314 0.10131 0)
(0.975992 0.0873057 0)
(1.04983 0.0772348 0)
(1.02208 0.0677556 0)
(1.07711 0.0572191 0)
(1.05691 0.0506173 0)
(1.09717 0.041804 0)
(1.08264 0.0371006 0)
(1.11186 0.0303839 0)
(1.10141 0.0269658 0)
(1.12262 0.0220904 0)
(1.11507 0.0195664 0)
(1.13052 0.0161217 0)
(1.12504 0.0142348 0)
(1.13636 0.0118331 0)
(1.13234 0.0104106 0)
(1.14068 0.00874162 0)
(1.13772 0.00766326 0)
(1.14391 0.00649907 0)
(1.14171 0.00567918 0)
(1.14633 0.00485689 0)
(1.14469 0.00423432 0)
(1.14815 0.00364291 0)
(1.14692 0.003171 0)
(1.14952 0.0027411 0)
(1.1486 0.00238242 0)
(1.15055 0.00206882 0)
(1.14986 0.00179564 0)
(1.15133 0.00156392 0)
(1.15081 0.00135666 0)
(1.15192 0.0011815 0)
(1.15154 0.00102557 0)
(1.15237 0.000891019 0)
(1.15208 0.000774202 0)
(1.1527 0.00067202 0)
(1.15249 0.000583374 0)
(1.15296 0.000507806 0)
(1.1528 0.000440307 0)
(1.15315 0.000383706 0)
(1.15303 0.000332779 0)
(1.15329 0.000289164 0)
(1.15321 0.000251 0)
(1.1534 0.000217063 0)
(1.15334 0.000188441 0)
(1.15348 0.000162689 0)
(1.15344 0.00014107 0)
(1.15354 0.000121966 0)
(1.15352 0.000105943 0)
(1.15359 9.09794e-05 0)
(1.15357 7.94193e-05 0)
(1.15362 6.73204e-05 0)
(1.15361 5.90198e-05 0)
(1.15365 4.93932e-05 0)
(1.15365 4.34874e-05 0)
(1.15367 3.61797e-05 0)
(1.15367 3.16508e-05 0)
(1.15368 2.53828e-05 0)
(1.15369 2.31777e-05 0)
(1.1537 1.48385e-05 0)
(1.00122 0.002395 0)
(1.00035 0.000598167 0)
(1.0049 0.00468888 0)
(1.00241 0.00178556 0)
(1.01085 0.00675519 0)
(1.00712 0.00289548 0)
(1.01876 0.00850112 0)
(1.01408 0.0038622 0)
(1.02825 0.00988673 0)
(1.02279 0.00464992 0)
(1.03894 0.0108959 0)
(1.03287 0.00525139 0)
(1.05042 0.0115127 0)
(1.04396 0.00566048 0)
(1.06229 0.0117169 0)
(1.05565 0.00586754 0)
(1.0741 0.0114848 0)
(1.06756 0.0058624 0)
(1.0854 0.0108099 0)
(1.0792 0.00563282 0)
(1.09576 0.00972927 0)
(1.09012 0.00518398 0)
(1.10482 0.00831882 0)
(1.09993 0.00454844 0)
(1.1123 0.00666564 0)
(1.10829 0.00377164 0)
(1.11802 0.00484658 0)
(1.11497 0.00289589 0)
(1.12187 0.00290677 0)
(1.1198 0.00195742 0)
(1.12382 0.000962916 0)
(1.12278 0.000944313 0)
(1.12386 -0.00104872 0)
(1.12362 -1.99815e-05 0)
(1.12182 -0.00329611 0)
(1.12269 -0.00107105 0)
(1.11749 -0.00585722 0)
(1.11951 -0.00224938 0)
(1.11053 -0.00892436 0)
(1.11383 -0.00363294 0)
(1.10039 -0.0127707 0)
(1.10522 -0.00532702 0)
(1.08621 -0.0177623 0)
(1.09296 -0.00749239 0)
(1.06677 -0.0243122 0)
(1.07597 -0.0103356 0)
(1.04047 -0.0328357 5.69101e-33)
(1.05273 -0.0140639 0)
(1.00525 -0.0436691 -4.58592e-35)
(1.02141 -0.0188839 5.69101e-33)
(0.958693 -0.0564796 -5.73221e-33)
(0.979584 -0.0249376 -5.73221e-33)
(0.898764 -0.0690114 0)
(0.924953 -0.0318622 0)
(0.825234 -0.0785315 0)
(0.851034 -0.0373784 0)
(0.73708 -0.0768291 1.09491e-16)
(0.758598 -0.0391196 0)
(1.39014 -0.0356773 1.09491e-16)
(0.644136 -0.0476631 1.09491e-16)
(0.249606 0 0)
(0 -0.00402192 0)
(0.000372147 0 0)
(0 -1.43269e-06 0)
(0.000888525 0 0)
(0 5.43489e-05 0)
(0.00154784 0 0)
(0 -2.69395e-06 0)
(0.00307574 0 0)
(0 -4.74696e-07 0)
(0.00684124 0 0)
(0 0.000178492 0)
(0.0124608 0 0)
(0 2.18679e-05 0)
(0.0276968 0 0)
(0 6.67036e-05 0)
(0.0703713 0 0)
(0 0.000228473 0)
(0.212348 0 0)
(0 0.000802392 0)
(0.51264 0.00762026 2.60437e-18)
(0 -0.00029411 0)
(0.717049 0.0372161 2.60437e-18)
(0.717621 0.00962477 2.60437e-18)
(0.783233 0.0674795 0)
(0.748526 0.0308163 0)
(0.85895 0.07375 0)
(0.809754 0.0379643 0)
(0.928429 0.0658934 0)
(0.887416 0.0358914 0)
(0.985601 0.0534541 0)
(0.954604 0.0301337 0)
(1.02987 0.0409519 0)
(1.00631 0.0234833 0)
(1.06294 0.0303659 0)
(1.04564 0.0175526 0)
(1.08718 0.0221624 0)
(1.0747 0.0128594 0)
(1.10481 0.0160735 0)
(1.09583 0.00933459 0)
(1.11762 0.0116555 0)
(1.11113 0.00676185 0)
(1.12694 0.00848296 0)
(1.12222 0.00490999 0)
(1.13377 0.0062108 0)
(1.13032 0.00358487 0)
(1.13879 0.00457858 0)
(1.13625 0.00263509 0)
(1.14252 0.00339817 0)
(1.14064 0.00195066 0)
(1.1453 0.00253645 0)
(1.14389 0.00145321 0)
(1.14739 0.00190139 0)
(1.14633 0.00108791 0)
(1.14895 0.00143028 0)
(1.14816 0.000817409 0)
(1.15013 0.00107897 0)
(1.14953 0.000616099 0)
(1.15102 0.000815243 0)
(1.15057 0.000465473 0)
(1.1517 0.000615902 0)
(1.15136 0.000351938 0)
(1.1522 0.00046476 0)
(1.15195 0.000265863 0)
(1.15259 0.000350621 0)
(1.1524 0.000200561 0)
(1.15288 0.000264781 0)
(1.15273 0.000151388 0)
(1.15309 0.000199885 0)
(1.15299 0.000114319 0)
(1.15326 0.000150469 0)
(1.15318 8.61363e-05 0)
(1.15338 0.000112927 0)
(1.15332 6.46113e-05 0)
(1.15348 8.47007e-05 0)
(1.15343 4.8257e-05 0)
(1.15355 6.34767e-05 0)
(1.15351 3.60207e-05 0)
(1.1536 4.73391e-05 0)
(1.15357 2.67522e-05 0)
(1.15364 3.49906e-05 0)
(1.15362 1.96064e-05 0)
(1.15367 2.54755e-05 0)
(1.15365 1.40938e-05 0)
(1.15369 1.82511e-05 0)
(1.15368 9.7948e-06 0)
(1.15371 1.22475e-05 0)
(1.1537 6.62281e-06 0)
(1.15372 3.50228e-06 0)
(1.00118 6.96828e-06 0)
(1.00035 -0.000584858 0)
(1.00474 8.24251e-06 0)
(1.00241 -0.00177064 0)
(1.01051 9.65909e-06 0)
(1.00712 -0.00287698 0)
(1.01822 1.04678e-05 0)
(1.01408 -0.00384187 0)
(1.02749 1.07148e-05 0)
(1.02279 -0.00462839 0)
(1.03798 1.01419e-05 0)
(1.03287 -0.00523021 0)
(1.04928 8.70965e-06 0)
(1.04396 -0.00564135 0)
(1.061 6.48925e-06 0)
(1.05565 -0.00585214 0)
(1.07271 3.6977e-06 0)
(1.06756 -0.00585212 0)
(1.08397 6.75878e-07 0)
(1.0792 -0.00562849 0)
(1.09434 -2.1905e-06 0)
(1.09012 -0.00518568 0)
(1.10345 -4.59433e-06 0)
(1.09993 -0.00455547 0)
(1.111 -6.32605e-06 0)
(1.10829 -0.00378287 0)
(1.11681 -7.28968e-06 0)
(1.11497 -0.00290982 0)
(1.12074 -7.42115e-06 0)
(1.1198 -0.00197254 0)
(1.12264 -6.88251e-06 0)
(1.12278 -0.000959073 0)
(1.12261 -5.82585e-06 0)
(1.12362 6.5507e-06 0)
(1.12048 -4.11115e-06 0)
(1.1227 0.00106064 0)
(1.11599 -1.58688e-06 0)
(1.11952 0.002243 0)
(1.10873 1.87427e-06 0)
(1.11383 0.00363229 0)
(1.09807 6.37043e-06 0)
(1.10523 0.00533393 0)
(1.08306 1.17192e-05 0)
(1.09297 0.00750902 0)
(1.06237 1.76526e-05 0)
(1.07598 0.0103633 0)
(1.0342 2.27089e-05 0)
(1.05274 0.0141043 0)
(0.996385 2.01535e-05 0)
(1.02142 0.0189323 0)
(0.94648 -3.29031e-08 0)
(0.979603 0.0249677 0)
(0.882788 -3.79111e-05 0)
(0.924976 0.0318302 0)
(0.808149 -6.97439e-05 0)
(0.851053 0.0372617 0)
(0.73007 -5.7019e-05 0)
(0.758601 0.0389593 0)
(1.21655 -1.73307e-05 0)
(0.64413 0.0475787 -1.09495e-16)
(0.133062 0 0)
(0 0.00398338 0)
(0.000418664 0 0)
(0 1.43591e-06 0)
(0.000664918 0 0)
(0 -5.43286e-05 0)
(0.00136093 0 0)
(0 2.7229e-06 0)
(0.003151 0 0)
(0 1.25696e-06 0)
(0.00549377 0 0)
(0 -0.000222885 0)
(0.0115934 0 0)
(0 -2.31958e-05 0)
(0.0259916 0 0)
(0 -6.70213e-05 0)
(0.0584979 0 0)
(0 -0.000228373 0)
(0.175608 0 0)
(0 -0.000802069 0)
(0.47012 2.41534e-06 0)
(0 0.000297498 0)
(0.706472 7.71386e-06 0)
(0.717629 -0.00960841 -2.58368e-18)
(0.768077 1.48252e-05 0)
(0.748521 -0.0307896 0)
(0.843966 2.06462e-05 0)
(0.809742 -0.0379251 0)
(0.915703 2.26047e-05 0)
(0.887404 -0.0358456 0)
(0.975926 1.99357e-05 0)
(0.954595 -0.030089 0)
(1.02286 1.20898e-05 0)
(1.0063 -0.0234535 0)
(1.05796 4.42533e-06 0)
(1.04564 -0.0175398 0)
(1.08367 2.83409e-07 0)
(1.07471 -0.0128573 0)
(1.10234 -1.41864e-06 0)
(1.09583 -0.00933699 0)
(1.11587 -1.79219e-06 0)
(1.11113 -0.00676562 0)
(1.12569 -1.54109e-06 0)
(1.12223 -0.00491348 0)
(1.13287 -1.04226e-06 0)
(1.13032 -0.00358745 0)
(1.13814 -4.49468e-07 0)
(1.13625 -0.00263648 0)
(1.14204 1.22331e-07 0)
(1.14064 -0.00195085 0)
(1.14495 5.79987e-07 0)
(1.14389 -0.00145234 0)
(1.14712 8.79564e-07 0)
(1.14633 -0.00108631 0)
(1.14875 1.0293e-06 0)
(1.14816 -0.000815385 0)
(1.14998 1.07388e-06 0)
(1.14953 -0.000613926 0)
(1.15091 1.06095e-06 0)
(1.15057 -0.000463281 0)
(1.15161 1.00976e-06 0)
(1.15136 -0.000349824 0)
(1.15214 9.15044e-07 0)
(1.15195 -0.000263889 0)
(1.15254 7.66102e-07 0)
(1.15239 -0.000198842 0)
(1.15284 5.6609e-07 0)
(1.15273 -0.000150025 0)
(1.15307 3.34757e-07 0)
(1.15299 -0.000113403 0)
(1.15324 9.6046e-08 0)
(1.15318 -8.5701e-05 0)
(1.15337 -1.3785e-07 0)
(1.15332 -6.46456e-05 0)
(1.15347 -3.6801e-07 0)
(1.15343 -4.87593e-05 0)
(1.15354 -6.05588e-07 0)
(1.15351 -3.69785e-05 0)
(1.1536 -8.63073e-07 0)
(1.15357 -2.82058e-05 0)
(1.15364 -1.14718e-06 0)
(1.15362 -2.15945e-05 0)
(1.15367 -1.45882e-06 0)
(1.15365 -1.66775e-05 0)
(1.15369 -1.77247e-06 0)
(1.15368 -1.30243e-05 0)
(1.15371 -2.13376e-06 0)
(1.1537 -1.04737e-05 0)
(1.15372 -8.1824e-06 0)
(1.00122 -0.00238091 0)
(1.00038 -0.00180811 0)
(1.0049 -0.00467217 0)
(1.00258 -0.00544862 0)
(1.01085 -0.00673577 0)
(1.0076 -0.0088284 0)
(1.01876 -0.00848027 0)
(1.01496 -0.0117496 0)
(1.02825 -0.00986551 0)
(1.02413 -0.0141206 0)
(1.03894 -0.0108759 0)
(1.03465 -0.0159175 0)
(1.05042 -0.0114957 0)
(1.04614 -0.0171245 0)
(1.06229 -0.0117043 0)
(1.05817 -0.0177172 0)
(1.0741 -0.0114777 0)
(1.07033 -0.0176631 0)
(1.0854 -0.0108087 0)
(1.0821 -0.0169304 0)
(1.09576 -0.00973368 0)
(1.09304 -0.0155464 0)
(1.10482 -0.00832797 0)
(1.10278 -0.0136121 0)
(1.1123 -0.00667823 0)
(1.111 -0.0112629 0)
(1.11802 -0.00486111 0)
(1.11752 -0.00863187 0)
(1.12187 -0.00292186 0)
(1.12221 -0.0058247 0)
(1.12382 -0.000977086 0)
(1.12506 -0.00291052 0)
(1.12386 0.0010368 0)
(1.12603 -3.15713e-05 0)
(1.12182 0.00328755 0)
(1.12515 0.00310473 0)
(1.11749 0.00585339 0)
(1.12218 0.00656914 0)
(1.11054 0.00892694 0)
(1.11695 0.010588 0)
(1.1004 0.0127816 0)
(1.1091 0.0154766 0)
(1.08622 0.0177835 0)
(1.09807 0.0216851 0)
(1.06679 0.0243457 0)
(1.083 0.029792 0)
(1.04049 0.0328802 0)
(1.06269 0.0404046 0)
(1.00528 0.0437097 0)
(1.03568 0.0541441 0)
(0.958736 0.0564819 0)
(1.0001 0.0715154 0)
(0.898806 0.068943 0)
(0.953769 0.0917613 0)
(0.825258 0.078402 0)
(0.891147 0.11081 0)
(0.73707 0.0767103 -1.09495e-16)
(0.802926 0.127148 0)
(1.39017 0.0356334 -1.09495e-16)
(0.715571 0.108905 -9.19308e-18)
(0.249618 0 0)
(0 0.0273764 0)
(0.000372138 0 0)
(0 8.54642e-06 0)
(0.000887699 0 0)
(0 4.2135e-06 0)
(0.00153944 0 0)
(0 -8.64744e-05 0)
(0.00303426 0 0)
(0 7.16369e-06 0)
(0.00682831 0 0)
(0 1.94132e-06 0)
(0.0124608 0 0)
(0 -0.000320043 0)
(0.0276974 0 0)
(0 -0.000522846 0)
(0.0703755 0 0)
(0 -0.00090743 0)
(0.212362 0 0)
(0 -0.000897706 0)
(0.512661 -0.00761224 -2.58368e-18)
(0 -0.00484064 0)
(0.717045 -0.0371925 -2.58368e-18)
(0.726112 -0.0430334 -2.58368e-18)
(0.783216 -0.0674436 0)
(0.777808 -0.0969614 0)
(0.858927 -0.0737067 0)
(0.843341 -0.113636 0)
(0.928407 -0.0658488 0)
(0.915802 -0.105326 0)
(0.985589 -0.0534195 0)
(0.975978 -0.0872703 0)
(1.02987 -0.040933 0)
(1.02207 -0.0677356 0)
(1.06294 -0.0303594 0)
(1.05691 -0.0506091 0)
(1.08718 -0.0221629 0)
(1.08265 -0.0370997 0)
(1.10481 -0.0160766 0)
(1.10142 -0.026968 0)
(1.11762 -0.0116591 0)
(1.11508 -0.0195695 0)
(1.12694 -0.00848593 0)
(1.12504 -0.0142376 0)
(1.13377 -0.00621273 0)
(1.13234 -0.0104126 0)
(1.13879 -0.00457933 0)
(1.13772 -0.00766414 0)
(1.14252 -0.00339782 0)
(1.14171 -0.00567901 0)
(1.1453 -0.00253523 0)
(1.14469 -0.00423324 0)
(1.14739 -0.0018996 0)
(1.14692 -0.00316929 0)
(1.14895 -0.0014282 0)
(1.1486 -0.00238034 0)
(1.15013 -0.00107682 0)
(1.14986 -0.00179343 0)
(1.15102 -0.000813122 0)
(1.15081 -0.00135445 0)
(1.1517 -0.000613892 0)
(1.15153 -0.00102346 0)
(1.1522 -0.000462946 0)
(1.15208 -0.000772254 0)
(1.15259 -0.00034911 0)
(1.15249 -0.000581693 0)
(1.15288 -0.000263667 0)
(1.1528 -0.000438984 0)
(1.15309 -0.000199233 0)
(1.15303 -0.000331901 0)
(1.15326 -0.000150291 0)
(1.15321 -0.00025059 0)
(1.15338 -0.000113216 0)
(1.15334 -0.000188506 0)
(1.15348 -8.54492e-05 0)
(1.15344 -0.000141596 0)
(1.15355 -6.46962e-05 0)
(1.15352 -0.000106926 0)
(1.1536 -4.90698e-05 0)
(1.15357 -8.08845e-05 0)
(1.15364 -3.72794e-05 0)
(1.15361 -6.1006e-05 0)
(1.15367 -2.83775e-05 0)
(1.15365 -4.60604e-05 0)
(1.15369 -2.17879e-05 0)
(1.15367 -3.48506e-05 0)
(1.1537 -1.65086e-05 0)
(1.15369 -2.69811e-05 0)
(1.1537 -1.94259e-05 0)
(1.00135 -0.00492746 0)
(1.00043 -0.00315321 0)
(1.00539 -0.00964727 0)
(1.00293 -0.00948852 0)
(1.01188 -0.0138653 0)
(1.0086 -0.0153282 0)
(1.02045 -0.0173943 0)
(1.01685 -0.02031 0)
(1.03062 -0.0201633 0)
(1.02699 -0.0242904 0)
(1.04195 -0.0221488 0)
(1.03846 -0.0272475 0)
(1.05399 -0.0233259 0)
(1.05079 -0.0291677 0)
(1.06629 -0.0236555 0)
(1.06353 -0.0300217 0)
(1.07838 -0.0230947 0)
(1.07614 -0.0297511 0)
(1.08979 -0.0216493 0)
(1.08812 -0.0283343 0)
(1.1001 -0.0194104 0)
(1.09906 -0.0258621 0)
(1.109 -0.0165366 0)
(1.10861 -0.0225116 0)
(1.11626 -0.0132112 0)
(1.11652 -0.0185196 0)
(1.12175 -0.00959995 0)
(1.12268 -0.0141248 0)
(1.12544 -0.00583268 0)
(1.12705 -0.00951183 0)
(1.12735 -0.00200108 0)
(1.12966 -0.00482002 0)
(1.12741 0.00198928 0)
(1.13057 -9.6302e-05 0)
(1.12559 0.00632926 0)
(1.12976 0.0049244 0)
(1.12176 0.0112238 0)
(1.12719 0.0103988 0)
(1.11569 0.0170201 0)
(1.12277 0.0166569 0)
(1.10701 0.0242064 0)
(1.11628 0.0241654 0)
(1.09513 0.0334318 0)
(1.10739 0.0335655 0)
(1.07925 0.0454464 0)
(1.0956 0.0456707 0)
(1.0583 0.0610209 0)
(1.08024 0.0613559 0)
(1.03095 0.0808915 0)
(1.06048 0.081496 0)
(0.995478 0.10514 0)
(1.03529 0.106986 0)
(0.949291 0.131322 0)
(1.00329 0.137949 0)
(0.888994 0.154626 0)
(0.960422 0.171108 0)
(0.814372 0.152433 1.00301e-16)
(0.895192 0.20177 0)
(1.79327 0.0699833 1.00301e-16)
(0.792501 0.204339 1.5004e-16)
(0.331055 0 0)
(0.356227 -0.39213 0)
(0.000461065 0 0)
(0 0.00895946 0)
(0.000989586 0 0)
(0 -7.01211e-05 0)
(0.00206975 0 0)
(0 -9.53108e-05 0)
(0.00360423 0 0)
(0 -0.000219033 0)
(0.00831752 0 0)
(0 -0.000162937 0)
(0.0182918 0 0)
(0 -0.000483568 0)
(0.0409395 0 0)
(0 -0.00144867 0)
(0.106838 0 0)
(0 -0.0036132 0)
(0.302876 0 0)
(0 -0.0102 0)
(0.634409 -0.0300167 0)
(0.364606 -0.0136791 0)
(0.758842 -0.0957542 0)
(0.767646 -0.0994245 -1.8427e-19)
(0.833002 -0.141075 0)
(0.844342 -0.171121 0)
(0.904139 -0.144575 0)
(0.908138 -0.184773 0)
(0.964927 -0.126316 0)
(0.968645 -0.166114 0)
(1.01314 -0.101289 0)
(1.01584 -0.135481 0)
(1.04983 -0.0772256 0)
(1.05118 -0.104432 0)
(1.07712 -0.0572169 0)
(1.07765 -0.0778977 0)
(1.09718 -0.0418053 0)
(1.0973 -0.0571569 0)
(1.11186 -0.0303865 0)
(1.11177 -0.0416537 0)
(1.12262 -0.022093 0)
(1.12242 -0.0303264 0)
(1.13052 -0.0161237 0)
(1.13029 -0.0221408 0)
(1.13636 -0.0118341 0)
(1.13613 -0.0162459 0)
(1.14068 -0.00874171 0)
(1.14048 -0.011991 0)
(1.14391 -0.00649828 0)
(1.14373 -0.00890702 0)
(1.14633 -0.00485541 0)
(1.14618 -0.00665359 0)
(1.14815 -0.00364097 0)
(1.14802 -0.00498757 0)
(1.14952 -0.00273895 0)
(1.14941 -0.00374763 0)
(1.15055 -0.00206662 0)
(1.15045 -0.00282565 0)
(1.15133 -0.00156178 0)
(1.15124 -0.00213619 0)
(1.15192 -0.0011795 0)
(1.15184 -0.00161524 0)
(1.15237 -0.000889251 0)
(1.1523 -0.00121816 0)
(1.1527 -0.000670567 0)
(1.15264 -0.000915945 0)
(1.15296 -0.00050675 0)
(1.15289 -0.000691533 0)
(1.15315 -0.000383099 0)
(1.15308 -0.000523468 0)
(1.15329 -0.000289023 0)
(1.15323 -0.000395125 0)
(1.1534 -0.000217385 0)
(1.15334 -0.000296297 0)
(1.15348 -0.000163467 0)
(1.15342 -0.000222464 0)
(1.15354 -0.00012321 0)
(1.15348 -0.00016807 0)
(1.15359 -9.27113e-05 0)
(1.15353 -0.000126722 0)
(1.15362 -6.95974e-05 0)
(1.15356 -9.52727e-05 0)
(1.15365 -5.22703e-05 0)
(1.15359 -7.17985e-05 0)
(1.15367 -3.96603e-05 0)
(1.15361 -5.40306e-05 0)
(1.15368 -2.95311e-05 0)
(1.15362 -4.12085e-05 0)
(1.15364 -2.88334e-05 0)
(1.00157 -0.00780906 0)
(1.00051 -0.00472258 0)
(1.00628 -0.0152464 0)
(1.00353 -0.0142021 0)
(1.01379 -0.0218116 0)
(1.01034 -0.0228385 0)
(1.02354 -0.0272093 0)
(1.0201 -0.0300552 0)
(1.03493 -0.031354 0)
(1.03185 -0.0356789 0)
(1.0474 -0.0342342 0)
(1.04486 -0.0397194 0)
(1.06042 -0.0358262 0)
(1.05855 -0.0421907 0)
(1.07344 -0.0360765 0)
(1.07232 -0.0430426 0)
(1.08593 -0.0349518 0)
(1.08553 -0.0422381 0)
(1.09743 -0.0325157 0)
(1.09772 -0.0398392 0)
(1.1076 -0.028941 0)
(1.10852 -0.0360286 0)
(1.11616 -0.0244842 0)
(1.11764 -0.0310724 0)
(1.12297 -0.0194378 0)
(1.12495 -0.0253323 0)
(1.12801 -0.0140575 0)
(1.13043 -0.0191639 0)
(1.13132 -0.00853429 0)
(1.13416 -0.0128163 0)
(1.13296 -0.00295707 0)
(1.13627 -0.00646032 0)
(1.13298 0.00278298 0)
(1.13687 -0.000114847 0)
(1.13143 0.00890875 0)
(1.13609 0.00647002 0)
(1.1283 0.0157107 0)
(1.13398 0.0135322 0)
(1.12349 0.0236332 0)
(1.13055 0.0214676 0)
(1.11683 0.0332894 0)
(1.12575 0.0308281 0)
(1.10805 0.0454721 0)
(1.11946 0.0423459 0)
(1.09681 0.0611032 0)
(1.11151 0.0569126 0)
(1.08265 0.0811466 0)
(1.10175 0.0755097 0)
(1.06499 0.106612 0)
(1.08997 0.0991572 0)
(1.04292 0.138371 0)
(1.07585 0.129061 0)
(1.0144 0.175858 0)
(1.05876 0.166468 0)
(0.974265 0.216164 0)
(1.03658 0.211242 0)
(0.915506 0.242818 4.97381e-17)
(1.00224 0.26053 0)
(0.839535 0.169665 4.97381e-17)
(0.940771 0.295207 4.97381e-17)
(1.13471 0.0451077 0)
(0.821852 0.228947 1.29784e-17)
(0.130959 0 0)
(0.371446 -0.314428 0)
(0.00149888 0 0)
(0 0.00745502 0)
(0.00332605 0 0)
(0 -0.000169852 0)
(0.00582314 0 0)
(0 -0.000488175 0)
(0.012174 0 0)
(0 -0.000738484 0)
(0.0296312 0 0)
(0 -0.000388906 0)
(0.0686319 0 0)
(0 -0.00471543 0)
(0.206545 0 0)
(0 -0.00517312 0)
(0.466841 -0.0117751 0)
(0.361845 -0.035742 -3.56928e-18)
(0.750919 -0.077236 -1.8427e-19)
(0.77012 -0.0799924 -1.3371e-17)
(0.841016 -0.170352 -1.8427e-19)
(0.872702 -0.189527 -1.8427e-19)
(0.916195 -0.213791 0)
(0.947637 -0.2463 0)
(0.975015 -0.205512 0)
(0.998401 -0.243593 0)
(1.02048 -0.174849 0)
(1.03939 -0.211576 0)
(1.05449 -0.138303 0)
(1.06829 -0.169493 0)
(1.07962 -0.10482 0)
(1.08901 -0.129566 0)
(1.09826 -0.0776129 0)
(1.10458 -0.0965372 0)
(1.11213 -0.0568407 0)
(1.1164 -0.0710257 0)
(1.12247 -0.0414743 0)
(1.12533 -0.0519951 0)
(1.13019 -0.0302868 0)
(1.1321 -0.0380475 0)
(1.13597 -0.0221992 0)
(1.13724 -0.0279176 0)
(1.14031 -0.0163571 0)
(1.14115 -0.0205817 0)
(1.14356 -0.0121235 0)
(1.14411 -0.0152472 0)
(1.14602 -0.00903854 0)
(1.14636 -0.0113636 0)
(1.14788 -0.00676848 0)
(1.14807 -0.00851618 0)
(1.14929 -0.0050812 0)
(1.14938 -0.00639391 0)
(1.15034 -0.00382478 0)
(1.15037 -0.00480422 0)
(1.15114 -0.00288884 0)
(1.15111 -0.00362635 0)
(1.15175 -0.0021858 0)
(1.15168 -0.00274644 0)
(1.15222 -0.00165259 0)
(1.15211 -0.00207872 0)
(1.15256 -0.00124589 0)
(1.15244 -0.00156484 0)
(1.15282 -0.000938269 0)
(1.15269 -0.00117407 0)
(1.15302 -0.00070805 0)
(1.15286 -0.00088716 0)
(1.15317 -0.000534053 0)
(1.153 -0.000672127 0)
(1.15328 -0.000400772 0)
(1.1531 -0.00050663 0)
(1.15336 -0.000299537 0)
(1.15318 -0.000380591 0)
(1.15343 -0.00022495 0)
(1.15324 -0.000285549 0)
(1.15347 -0.000169886 0)
(1.15328 -0.000214031 0)
(1.15351 -0.000128298 0)
(1.15331 -0.000161001 0)
(1.15353 -9.68597e-05 0)
(1.15334 -0.000121162 0)
(1.15355 -7.31763e-05 0)
(1.15335 -9.12884e-05 0)
(1.15357 -5.54843e-05 0)
(1.15337 -6.86504e-05 0)
(1.15358 -4.06187e-05 0)
(1.15338 -5.25195e-05 0)
(1.15339 -3.63437e-05 0)
(1.00195 -0.0112702 0)
(1.00066 -0.00666914 0)
(1.00779 -0.0219122 0)
(1.00454 -0.0200427 0)
(1.01695 -0.0311319 0)
(1.0132 -0.0320006 0)
(1.02859 -0.0385178 0)
(1.02536 -0.041695 0)
(1.04189 -0.0440061 0)
(1.0396 -0.0489794 0)
(1.05611 -0.0476228 0)
(1.0549 -0.0539423 0)
(1.07053 -0.0493431 0)
(1.07045 -0.0566109 0)
(1.08447 -0.0491406 0)
(1.08546 -0.0569749 0)
(1.09737 -0.0470723 0)
(1.09926 -0.0551437 0)
(1.10883 -0.0433078 0)
(1.11146 -0.0513019 0)
(1.11859 -0.0381248 0)
(1.12174 -0.0457808 0)
(1.12645 -0.0319025 0)
(1.12995 -0.038936 0)
(1.13242 -0.0250648 0)
(1.13607 -0.0313002 0)
(1.1366 -0.017945 0)
(1.14032 -0.0233492 0)
(1.13915 -0.0107739 0)
(1.14292 -0.0153603 0)
(1.14022 -0.00366523 0)
(1.1441 -0.00753122 0)
(1.14002 0.00349748 0)
(1.14413 8.29239e-05 0)
(1.13869 0.0109822 0)
(1.14322 0.00780261 0)
(1.13629 0.0191347 0)
(1.14153 0.0159246 0)
(1.13289 0.0284518 0)
(1.13913 0.0248722 0)
(1.12847 0.0396037 0)
(1.13612 0.0352446 0)
(1.12302 0.0534153 0)
(1.13253 0.0478054 0)
(1.11654 0.0708198 0)
(1.12843 0.0633898 0)
(1.10912 0.0928381 0)
(1.12401 0.0829326 0)
(1.10078 0.12067 0)
(1.1196 0.107491 0)
(1.0914 0.155834 0)
(1.11553 0.138441 0)
(1.08022 0.199731 0)
(1.11206 0.177656 0)
(1.06463 0.252309 0)
(1.10891 0.226831 0)
(1.0383 0.304021 0)
(1.10492 0.286852 0)
(0.988202 0.296119 1.29784e-17)
(1.09116 0.345309 0)
(0.899151 0.155718 1.29784e-17)
(1.0402 0.330465 1.29784e-17)
(0.979742 0.0233111 0)
(0.907578 0.198273 -3.77854e-17)
(0.155206 0 0)
(0.442726 -0.329405 -6.43465e-17)
(0.00592348 0 0)
(0 0.0152242 0)
(0.0128881 0 0)
(0 0.00665659 0)
(0.027378 0 0)
(0 -0.00655063 0)
(0.0756327 0 0)
(0 -0.0102497 0)
(0.220895 0 0)
(0 -0.0236628 0)
(0.434861 -0.00650923 -3.56928e-18)
(0.390932 -0.0950642 2.35885e-18)
(0.767493 -0.0613806 -1.69403e-17)
(0.803301 -0.0659361 -1.04961e-17)
(0.874854 -0.178066 -1.3371e-17)
(0.928545 -0.189061 -1.3371e-17)
(0.972024 -0.264222 0)
(1.03327 -0.286698 0)
(1.02847 -0.275161 0)
(1.07768 -0.302745 0)
(1.06437 -0.248672 0)
(1.10345 -0.279494 0)
(1.08764 -0.205482 0)
(1.11756 -0.234849 0)
(1.10325 -0.160204 0)
(1.12467 -0.185099 0)
(1.11447 -0.120872 0)
(1.12938 -0.14079 0)
(1.12305 -0.0896584 0)
(1.13339 -0.105111 0)
(1.12977 -0.065972 0)
(1.13692 -0.0777524 0)
(1.13507 -0.0484166 0)
(1.13996 -0.0572932 0)
(1.13923 -0.0355689 0)
(1.14253 -0.0422012 0)
(1.14246 -0.0262177 0)
(1.14467 -0.0311561 0)
(1.14499 -0.0194065 0)
(1.1464 -0.0231049 0)
(1.14693 -0.0144418 0)
(1.1478 -0.0171909 0)
(1.14842 -0.0108127 0)
(1.14886 -0.0128562 0)
(1.14959 -0.00812643 0)
(1.14974 -0.00968297 0)
(1.15048 -0.0061144 0)
(1.15043 -0.00728289 0)
(1.15114 -0.00460653 0)
(1.15097 -0.00546633 0)
(1.15165 -0.00347869 0)
(1.15135 -0.00413175 0)
(1.15204 -0.00262954 0)
(1.15164 -0.00313696 0)
(1.15233 -0.00198128 0)
(1.15187 -0.00237378 0)
(1.15256 -0.00148336 0)
(1.15204 -0.00178965 0)
(1.15273 -0.0011127 0)
(1.15217 -0.001343 0)
(1.15285 -0.000843175 0)
(1.15226 -0.00100734 0)
(1.15293 -0.000640223 0)
(1.15233 -0.000760214 0)
(1.153 -0.000483698 0)
(1.15238 -0.000573619 0)
(1.15305 -0.000364777 0)
(1.15242 -0.000431962 0)
(1.15309 -0.000274093 0)
(1.15245 -0.00032481 0)
(1.15312 -0.000205262 0)
(1.15247 -0.000243486 0)
(1.15314 -0.000153949 0)
(1.15248 -0.000182576 0)
(1.15316 -0.000115689 0)
(1.1525 -0.000137027 0)
(1.15317 -8.69259e-05 0)
(1.1525 -0.000103019 0)
(1.15318 -6.58136e-05 0)
(1.15251 -7.72122e-05 0)
(1.15318 -4.82843e-05 0)
(1.15252 -5.91937e-05 0)
(1.15252 -4.09525e-05 0)
(1.00258 -0.0156865 0)
(1.00091 -0.00924999 0)
(1.01027 -0.0302959 0)
(1.00626 -0.0277359 0)
(1.02206 -0.0426096 0)
(1.01797 -0.0437841 0)
(1.03662 -0.0521254 0)
(1.03389 -0.0562536 0)
(1.05274 -0.0588465 0)
(1.05178 -0.065104 0)
(1.06934 -0.0628381 0)
(1.0701 -0.0705426 0)
(1.08546 -0.0641387 0)
(1.08777 -0.0727306 0)
(1.10031 -0.0628737 0)
(1.10396 -0.0718197 0)
(1.11339 -0.0592935 0)
(1.11783 -0.068229 0)
(1.12438 -0.0537304 0)
(1.12934 -0.0622866 0)
(1.13312 -0.0465631 0)
(1.13818 -0.0545219 0)
(1.13956 -0.0383051 0)
(1.14444 -0.0453794 0)
(1.14396 -0.0295598 0)
(1.14839 -0.0357002 0)
(1.14667 -0.0207689 0)
(1.15055 -0.0260565 0)
(1.14789 -0.0121582 0)
(1.15129 -0.0165837 0)
(1.148 -0.00384212 0)
(1.15117 -0.00763586 0)
(1.14734 0.0043098 0)
(1.15037 0.000739688 0)
(1.14609 0.0126384 0)
(1.14922 0.00904971 0)
(1.14438 0.0215216 0)
(1.14787 0.0176369 0)
(1.14237 0.0314658 0)
(1.14645 0.0268778 0)
(1.14021 0.0431461 0)
(1.14518 0.0374101 0)
(1.13795 0.0573619 0)
(1.14422 0.0500627 0)
(1.13584 0.074967 0)
(1.14363 0.0654982 0)
(1.13437 0.0968984 0)
(1.14393 0.0844094 0)
(1.13409 0.124344 0)
(1.14575 0.107771 0)
(1.13564 0.158976 0)
(1.1499 0.136885 0)
(1.13979 0.202847 0)
(1.15743 0.173505 0)
(1.14704 0.257954 0)
(1.16966 0.219588 0)
(1.15683 0.322897 0)
(1.18834 0.277059 0)
(1.15843 0.365855 0)
(1.21506 0.34371 0)
(1.11252 0.332993 -3.77854e-17)
(1.23228 0.376373 0)
(1.00566 0.196551 -1.02132e-16)
(1.2051 0.341961 -3.77854e-17)
(1.11119 0.0507897 -6.43465e-17)
(1.08945 0.186871 -8.24612e-17)
(0.477596 0 0)
(0.592087 -0.56501 0)
(0.274449 0 0)
(0.50533 -0.373677 4.54232e-17)
(0.278232 0 0)
(0.457497 -0.272345 4.49877e-32)
(0.328082 0 0)
(0.473635 -0.25547 -2.50658e-17)
(0.477187 -0.017227 2.35885e-18)
(0.511339 -0.202465 1.56707e-17)
(0.860635 -0.0782648 -4.56797e-18)
(0.945153 -0.0967583 1.09621e-17)
(0.959507 -0.195544 -6.92682e-18)
(1.065 -0.21624 -6.92682e-18)
(1.08151 -0.297406 0)
(1.17133 -0.311064 0)
(1.13292 -0.323813 0)
(1.20891 -0.338106 0)
(1.15311 -0.305862 0)
(1.21152 -0.322941 0)
(1.15741 -0.264808 0)
(1.20274 -0.28379 0)
(1.15476 -0.21363 0)
(1.18827 -0.232199 0)
(1.15114 -0.165052 0)
(1.17495 -0.181482 0)
(1.14867 -0.124626 0)
(1.16533 -0.13832 0)
(1.14748 -0.0929461 0)
(1.15898 -0.10392 0)
(1.14721 -0.0688894 0)
(1.15498 -0.0774856 0)
(1.14748 -0.0509324 0)
(1.15257 -0.0575623 0)
(1.148 -0.0376713 0)
(1.15116 -0.0427227 0)
(1.14863 -0.0279715 0)
(1.15037 -0.03178 0)
(1.14923 -0.0208603 0)
(1.14997 -0.0237078 0)
(1.14974 -0.0155817 0)
(1.14978 -0.0176981 0)
(1.15018 -0.0116929 0)
(1.14971 -0.0132951 0)
(1.15059 -0.00880125 0)
(1.14972 -0.0100921 0)
(1.15093 -0.00659245 0)
(1.14975 -0.00762213 0)
(1.15118 -0.0049506 0)
(1.14979 -0.00571908 0)
(1.15135 -0.00376115 0)
(1.1498 -0.00430568 0)
(1.15148 -0.00286514 0)
(1.1498 -0.00326244 0)
(1.15157 -0.00217114 0)
(1.14979 -0.00246831 0)
(1.15165 -0.00164054 0)
(1.14979 -0.00186287 0)
(1.1517 -0.00123407 0)
(1.14979 -0.00140247 0)
(1.15175 -0.00092521 0)
(1.14979 -0.00105198 0)
(1.15178 -0.000695212 0)
(1.14978 -0.000789607 0)
(1.1518 -0.000523353 0)
(1.14978 -0.00059394 0)
(1.15181 -0.000393621 0)
(1.14978 -0.000446741 0)
(1.15182 -0.000295561 0)
(1.14978 -0.000335598 0)
(1.15183 -0.000221685 0)
(1.14977 -0.000251566 0)
(1.15184 -0.000166254 0)
(1.14977 -0.000188527 0)
(1.15184 -0.00012478 0)
(1.14977 -0.000141329 0)
(1.15185 -9.35863e-05 0)
(1.14977 -0.000106147 0)
(1.15185 -7.07805e-05 0)
(1.14977 -7.93789e-05 0)
(1.15185 -5.19936e-05 0)
(1.14977 -6.08701e-05 0)
(1.14977 -4.22263e-05 0)
(1.00372 -0.021703 0)
(1.00138 -0.0129679 0)
(1.01452 -0.0414508 0)
(1.00939 -0.0385365 0)
(1.03047 -0.0574431 0)
(1.0262 -0.059737 0)
(1.04935 -0.0691312 0)
(1.04782 -0.0751329 0)
(1.06925 -0.076645 0)
(1.07043 -0.0850029 0)
(1.08862 -0.0802653 0)
(1.09198 -0.0899171 0)
(1.10637 -0.0802479 0)
(1.11106 -0.0904734 0)
(1.12152 -0.077002 0)
(1.12724 -0.086976 0)
(1.13378 -0.0710435 0)
(1.13939 -0.0804895 0)
(1.14314 -0.0629602 0)
(1.14837 -0.071643 0)
(1.14954 -0.0533261 0)
(1.15367 -0.060917 0)
(1.15323 -0.0428316 0)
(1.15621 -0.0490725 0)
(1.15492 -0.0322848 0)
(1.15687 -0.0373918 0)
(1.1552 -0.0219946 0)
(1.15615 -0.0263352 0)
(1.15457 -0.0122128 0)
(1.15457 -0.0159538 0)
(1.15349 -0.00319948 0)
(1.15286 -0.00656038 0)
(1.15223 0.005339 0)
(1.1512 0.00199896 0)
(1.15101 0.0138874 0)
(1.14981 0.0102785 0)
(1.14992 0.0228124 0)
(1.14887 0.0187185 0)
(1.14921 0.0326397 0)
(1.1485 0.0275915 0)
(1.14916 0.0441439 0)
(1.14887 0.0374612 0)
(1.14985 0.057947 0)
(1.15012 0.0493727 0)
(1.15155 0.0745211 0)
(1.15266 0.0637945 0)
(1.15503 0.0946798 0)
(1.15702 0.0809275 0)
(1.16115 0.119561 0)
(1.16389 0.101658 -4.98098e-33)
(1.17094 0.150509 0)
(1.17428 0.127091 4.93872e-33)
(1.18612 0.189146 0)
(1.18955 0.158324 0)
(1.20907 0.237203 0)
(1.21185 0.196642 0)
(1.24301 0.295084 0)
(1.24419 0.243111 0)
(1.28999 0.349216 0)
(1.29093 0.296733 0)
(1.32662 0.368986 0)
(1.35114 0.339741 0)
(1.32409 0.336508 -1.81147e-17)
(1.3965 0.344489 0)
(1.23026 0.249353 -1.81147e-17)
(1.40843 0.313214 -1.81147e-17)
(1.11025 0.121861 4.54232e-17)
(1.37232 0.235702 0)
(0.963748 0.0231978 4.54232e-17)
(1.28302 0.106717 4.54232e-17)
(0.925818 -0.0237415 -2.50658e-17)
(1.22462 0.0113122 4.49877e-32)
(0.988167 -0.0743712 -9.39514e-18)
(1.23744 -0.0619471 -2.50658e-17)
(1.06938 -0.14543 2.42739e-17)
(1.27925 -0.158314 1.56707e-17)
(1.17929 -0.239343 8.60323e-18)
(1.31953 -0.246493 8.60323e-18)
(1.2699 -0.320448 0)
(1.37576 -0.306848 0)
(1.29458 -0.346405 0)
(1.37873 -0.335741 0)
(1.285 -0.334706 0)
(1.35086 -0.328527 0)
(1.26202 -0.299578 0)
(1.31226 -0.299963 0)
(1.23367 -0.250182 0)
(1.27189 -0.255442 0)
(1.20849 -0.199417 0)
(1.23638 -0.207019 0)
(1.18938 -0.154341 0)
(1.20882 -0.162374 0)
(1.17583 -0.117289 0)
(1.18886 -0.124769 0)
(1.16656 -0.0881817 0)
(1.17474 -0.0946443 0)
(1.16037 -0.0659626 0)
(1.16492 -0.0712989 0)
(1.15627 -0.0492531 0)
(1.15815 -0.0534661 0)
(1.15352 -0.0367735 0)
(1.15345 -0.0399687 0)
(1.1517 -0.0274328 0)
(1.15015 -0.0299582 0)
(1.15051 -0.0204459 0)
(1.14794 -0.0225228 0)
(1.14974 -0.0153367 0)
(1.14633 -0.0169303 0)
(1.14925 -0.0116466 0)
(1.1452 -0.0128009 0)
(1.14888 -0.00887715 0)
(1.14437 -0.00972486 0)
(1.1486 -0.0067229 0)
(1.14371 -0.00734342 0)
(1.1484 -0.0050649 0)
(1.14323 -0.00551765 0)
(1.14825 -0.00381141 0)
(1.14287 -0.00414845 0)
(1.14811 -0.002874 0)
(1.14259 -0.00312959 0)
(1.14801 -0.00216889 0)
(1.14238 -0.00236262 0)
(1.14793 -0.00163455 0)
(1.14221 -0.0017818 0)
(1.14786 -0.00122828 0)
(1.14209 -0.00134182 0)
(1.14782 -0.000920448 0)
(1.14199 -0.00100761 0)
(1.14779 -0.000690075 0)
(1.14192 -0.000755814 0)
(1.14776 -0.000518329 0)
(1.14187 -0.000567651 0)
(1.14774 -0.00038926 0)
(1.14183 -0.000426319 0)
(1.14772 -0.000291818 0)
(1.1418 -0.000319774 0)
(1.14771 -0.000218527 0)
(1.14177 -0.000239445 0)
(1.1477 -0.000163705 0)
(1.14175 -0.000179257 0)
(1.1477 -0.000122779 0)
(1.14174 -0.000134193 0)
(1.14769 -9.20094e-05 0)
(1.14173 -0.000100697 0)
(1.14769 -6.9545e-05 0)
(1.14172 -7.51945e-05 0)
(1.14768 -5.11828e-05 0)
(1.14171 -5.77435e-05 0)
(1.14171 -4.0269e-05 0)
(1.00593 -0.0304845 0)
(1.00231 -0.0188941 0)
(1.02215 -0.0571513 0)
(1.0154 -0.0547563 0)
(1.04453 -0.0773849 0)
(1.04065 -0.0821227 0)
(1.0692 -0.0908196 0)
(1.06978 -0.099802 0)
(1.09324 -0.0980712 0)
(1.09632 -0.109042 0)
(1.11447 -0.0999148 0)
(1.11881 -0.111152 0)
(1.13203 -0.0970001 0)
(1.1356 -0.108025 0)
(1.14517 -0.0904129 0)
(1.14793 -0.100117 0)
(1.1539 -0.0811885 0)
(1.15525 -0.0892254 0)
(1.15881 -0.0696098 0)
(1.15804 -0.0765462 0)
(1.16038 -0.0565437 0)
(1.15755 -0.062487 0)
(1.15982 -0.0435439 0)
(1.15489 -0.0485139 0)
(1.15801 -0.0314311 0)
(1.15114 -0.0355881 0)
(1.15549 -0.0202922 0)
(1.14685 -0.0238079 0)
(1.15285 -0.0103053 0)
(1.14277 -0.0133179 0)
(1.15052 -0.001439 0)
(1.13942 -0.00422933 0)
(1.14872 0.00679375 0)
(1.13703 0.00379815 0)
(1.14766 0.0149261 0)
(1.13564 0.0113417 0)
(1.14741 0.0232594 0)
(1.13537 0.0189613 0)
(1.14806 0.0321134 0)
(1.13628 0.0269452 0)
(1.14973 0.0423274 0)
(1.13843 0.0357877 0)
(1.15285 0.0548034 0)
(1.1419 0.0462548 0)
(1.15786 0.0697901 0)
(1.14737 0.0587897 0)
(1.1655 0.0875156 -4.98098e-33)
(1.15537 0.0732845 0)
(1.17658 0.108746 -4.53374e-35)
(1.16602 0.0905733 -4.98098e-33)
(1.19212 0.134381 4.93872e-33)
(1.18113 0.111558 4.93872e-33)
(1.21409 0.165285 0)
(1.20155 0.136351 0)
(1.24526 0.202216 0)
(1.22933 0.165471 0)
(1.28937 0.24498 0)
(1.26739 0.198996 0)
(1.35061 0.288626 0)
(1.31944 0.235494 0)
(1.42231 0.316452 0)
(1.38861 0.268037 0)
(1.48853 0.311163 0)
(1.46162 0.278276 0)
(1.54141 0.273067 0)
(1.53572 0.260329 0)
(1.56551 0.199291 0)
(1.58898 0.211606 0)
(1.54518 0.0934632 0)
(1.61139 0.127047 0)
(1.52951 -0.0161988 0)
(1.61418 0.0269762 0)
(1.53428 -0.120703 0)
(1.60844 -0.0667106 0)
(1.53257 -0.215879 0)
(1.60289 -0.15661 0)
(1.516 -0.282302 0)
(1.57785 -0.229917 0)
(1.48196 -0.31356 0)
(1.53333 -0.272811 0)
(1.43234 -0.314382 0)
(1.47559 -0.286122 0)
(1.37747 -0.291874 0)
(1.41207 -0.273652 0)
(1.32229 -0.25452 0)
(1.34967 -0.244787 0)
(1.27441 -0.211359 0)
(1.29457 -0.207562 0)
(1.23663 -0.169389 0)
(1.24984 -0.169242 0)
(1.20837 -0.13243 0)
(1.21544 -0.134107 0)
(1.18779 -0.101888 0)
(1.18981 -0.104188 0)
(1.17305 -0.077591 0)
(1.17102 -0.079913 0)
(1.16265 -0.0586344 0)
(1.15738 -0.060898 0)
(1.1553 -0.0440196 0)
(1.14759 -0.0461162 0)
(1.15007 -0.0330553 0)
(1.14046 -0.0347305 0)
(1.14634 -0.0250232 0)
(1.13527 -0.0262379 0)
(1.14371 -0.0189892 0)
(1.13155 -0.0198862 0)
(1.14177 -0.0143666 0)
(1.12874 -0.0149966 0)
(1.14031 -0.010872 0)
(1.12665 -0.0113375 0)
(1.13918 -0.00820962 0)
(1.12507 -0.00859226 0)
(1.13832 -0.00616812 0)
(1.12386 -0.00648939 0)
(1.13769 -0.00462603 0)
(1.12296 -0.00488329 0)
(1.13722 -0.00347852 0)
(1.12228 -0.00367533 0)
(1.13686 -0.00262181 0)
(1.12177 -0.00276989 0)
(1.13658 -0.00197665 0)
(1.12138 -0.00208797 0)
(1.13637 -0.00148891 0)
(1.12109 -0.00157258 0)
(1.13621 -0.00112009 0)
(1.12086 -0.00118284 0)
(1.13609 -0.000841724 0)
(1.12069 -0.000888025 0)
(1.136 -0.000632258 0)
(1.12056 -0.000665885 0)
(1.13594 -0.000474697 0)
(1.12047 -0.000499223 0)
(1.13588 -0.000356074 0)
(1.12039 -0.000374064 0)
(1.13584 -0.000266788 0)
(1.12034 -0.00027996 0)
(1.13581 -0.000199702 0)
(1.12029 -0.000209249 0)
(1.13579 -0.000149413 0)
(1.12026 -0.000156327 0)
(1.13577 -0.000111884 0)
(1.12024 -0.000116752 0)
(1.13576 -8.37192e-05 0)
(1.12022 -8.74695e-05 0)
(1.13575 -6.32593e-05 0)
(1.1202 -6.51887e-05 0)
(1.13574 -4.67296e-05 0)
(1.1202 -5.01409e-05 0)
(1.12018 -3.52545e-05 0)
(1.01041 -0.0440138 0)
(1.0042 -0.029303 0)
(1.03607 -0.0799159 0)
(1.02711 -0.0804202 0)
(1.06725 -0.104401 0)
(1.06403 -0.1133 0)
(1.09708 -0.117898 0)
(1.09745 -0.129637 0)
(1.12188 -0.121952 0)
(1.12068 -0.133833 0)
(1.13996 -0.119102 0)
(1.13799 -0.129232 0)
(1.15167 -0.111027 0)
(1.14544 -0.119736 0)
(1.15797 -0.0986876 0)
(1.14741 -0.106415 0)
(1.15924 -0.0842586 0)
(1.14439 -0.090499 0)
(1.15673 -0.0693733 0)
(1.13712 -0.0740318 0)
(1.15204 -0.0546922 0)
(1.12812 -0.0578021 0)
(1.14614 -0.0407964 0)
(1.11861 -0.0426182 0)
(1.13986 -0.0281193 0)
(1.10967 -0.0293084 0)
(1.13404 -0.0169536 0)
(1.10194 -0.0179867 0)
(1.1293 -0.00734936 0)
(1.09591 -0.00857543 0)
(1.12591 0.000898655 0)
(1.09174 -0.000836241 0)
(1.12387 0.00820777 0)
(1.08937 0.00583284 0)
(1.1233 0.0152086 0)
(1.08867 0.0119182 0)
(1.12419 0.0224361 0)
(1.08959 0.0180709 0)
(1.12655 0.0303207 0)
(1.09216 0.0245772 0)
(1.13047 0.0393416 0)
(1.09642 0.031876 0)
(1.13628 0.0498804 0)
(1.10255 0.0404376 0)
(1.1445 0.0619833 0)
(1.11099 0.0505715 0)
(1.15553 0.0760288 0)
(1.12236 0.0622593 0)
(1.1702 0.0929825 0)
(1.13652 0.075895 0)
(1.18983 0.113138 0)
(1.15526 0.0919335 0)
(1.21579 0.136339 0)
(1.17924 0.110387 0)
(1.25017 0.162437 0)
(1.20998 0.131084 0)
(1.29577 0.19044 0)
(1.24946 0.153398 0)
(1.35559 0.217095 0)
(1.29995 0.175671 0)
(1.42972 0.234615 0)
(1.36358 0.193906 0)
(1.50872 0.233742 0)
(1.43633 0.199277 0)
(1.58377 0.209325 0)
(1.51122 0.185284 0)
(1.64489 0.153974 0)
(1.57833 0.150481 0)
(1.68146 0.0711914 0)
(1.62864 0.090474 0)
(1.69187 -0.0178531 0)
(1.65532 0.0165712 0)
(1.68074 -0.101463 0)
(1.65327 -0.0555789 0)
(1.64733 -0.173259 0)
(1.63178 -0.123203 0)
(1.59294 -0.22274 0)
(1.58638 -0.175523 0)
(1.52572 -0.246097 0)
(1.52404 -0.205593 0)
(1.45351 -0.245466 0)
(1.45344 -0.21391 0)
(1.38395 -0.226637 0)
(1.38236 -0.204091 0)
(1.32167 -0.197694 0)
(1.31703 -0.182515 0)
(1.26972 -0.165302 0)
(1.26089 -0.155605 0)
(1.22845 -0.133827 0)
(1.21505 -0.127978 0)
(1.19677 -0.105737 0)
(1.17901 -0.102426 0)
(1.17294 -0.0821131 0)
(1.15137 -0.0803541 0)
(1.15523 -0.0631854 0)
(1.13049 -0.0622057 0)
(1.14219 -0.0483885 0)
(1.11485 -0.0478601 0)
(1.13264 -0.0368068 0)
(1.10321 -0.0365653 0)
(1.12564 -0.0278508 0)
(1.09452 -0.0277332 0)
(1.12043 -0.0210573 0)
(1.08808 -0.021025 0)
(1.11651 -0.0159128 0)
(1.08324 -0.0159617 0)
(1.11359 -0.0120166 0)
(1.07958 -0.012084 0)
(1.1114 -0.0090899 0)
(1.07684 -0.00914671 0)
(1.10974 -0.0068799 0)
(1.07476 -0.00692582 0)
(1.10848 -0.0051981 0)
(1.07318 -0.00523265 0)
(1.10754 -0.00392059 0)
(1.07199 -0.00394228 0)
(1.10683 -0.00295553 0)
(1.07109 -0.00296707 0)
(1.10629 -0.00222755 0)
(1.07042 -0.00223302 0)
(1.10588 -0.00167755 0)
(1.0699 -0.00167977 0)
(1.10557 -0.00126178 0)
(1.06951 -0.00126227 0)
(1.10534 -0.000947631 0)
(1.06922 -0.00094728 0)
(1.10516 -0.000710597 0)
(1.06899 -0.000709791 0)
(1.10502 -0.000532301 0)
(1.06883 -0.000531155 0)
(1.10492 -0.00039846 0)
(1.0687 -0.000397158 0)
(1.10485 -0.000297999 0)
(1.0686 -0.00029669 0)
(1.10479 -0.000222597 0)
(1.06853 -0.000221374 0)
(1.10474 -0.000166109 0)
(1.06847 -0.000164956 0)
(1.10471 -0.00012389 0)
(1.06843 -0.000122846 0)
(1.10468 -9.25203e-05 0)
(1.0684 -9.14367e-05 0)
(1.10466 -6.9073e-05 0)
(1.06838 -6.8336e-05 0)
(1.10465 -5.21482e-05 0)
(1.06836 -5.08028e-05 0)
(1.10464 -3.86995e-05 0)
(1.06835 -3.91001e-05 0)
(1.06833 -2.78145e-05 0)
(1.0197 -0.0664324 0)
(1.00908 -0.0490031 0)
(1.05941 -0.112956 0)
(1.04738 -0.120129 0)
(1.09557 -0.137693 0)
(1.0875 -0.149465 0)
(1.12093 -0.144849 0)
(1.11057 -0.154993 0)
(1.1367 -0.140423 0)
(1.11681 -0.1496 0)
(1.14339 -0.129215 0)
(1.11479 -0.135926 0)
(1.14148 -0.114884 0)
(1.10261 -0.117823 0)
(1.13362 -0.0985733 0)
(1.08513 -0.0985559 0)
(1.12201 -0.0808544 0)
(1.06477 -0.0788902 0)
(1.10844 -0.0629106 0)
(1.04457 -0.060461 0)
(1.09461 -0.04605 0)
(1.0261 -0.0439684 0)
(1.08203 -0.0315031 0)
(1.01046 -0.0300403 0)
(1.07161 -0.0196117 0)
(0.998221 -0.0188891 0)
(1.06369 -0.0100479 0)
(0.98924 -0.0100654 0)
(1.05827 -0.00238953 0)
(0.983302 -0.00316109 0)
(1.05514 0.0038517 0)
(0.980045 0.00229307 0)
(1.05411 0.00928502 0)
(0.979038 0.00686743 0)
(1.05489 0.0145344 0)
(0.979984 0.0111382 0)
(1.05749 0.0199884 0)
(0.982773 0.0154708 0)
(1.06192 0.0259593 0)
(0.9874 0.0201409 0)
(1.06834 0.0328207 0)
(0.99396 0.0254633 0)
(1.07705 0.0409031 0)
(1.00269 0.0317244 0)
(1.0885 0.0504285 0)
(1.01398 0.0391195 0)
(1.10303 0.0615689 0)
(1.02829 0.0477294 0)
(1.1212 0.0743923 0)
(1.04596 0.0577225 0)
(1.14403 0.0889109 0)
(1.06779 0.0690999 0)
(1.17266 0.105023 0)
(1.09462 0.0817623 0)
(1.20837 0.122176 0)
(1.1274 0.095365 0)
(1.25266 0.139103 0)
(1.16714 0.109112 0)
(1.30682 0.153327 0)
(1.21476 0.121505 0)
(1.3708 0.160248 0)
(1.27066 0.129932 0)
(1.44002 0.154592 0)
(1.33282 0.130051 0)
(1.50733 0.132652 0)
(1.39623 0.117977 0)
(1.56573 0.0923887 0)
(1.45419 0.0920759 0)
(1.60447 0.0378624 0)
(1.49877 0.0517388 0)
(1.61732 -0.0211088 0)
(1.52142 0.00371746 0)
(1.60588 -0.0779181 0)
(1.52049 -0.0441402 0)
(1.57072 -0.126452 0)
(1.49674 -0.0880359 0)
(1.5165 -0.159463 0)
(1.45261 -0.121309 0)
(1.45093 -0.174485 0)
(1.39407 -0.140025 0)
(1.38156 -0.173355 0)
(1.32868 -0.144532 0)
(1.31506 -0.160402 0)
(1.26306 -0.137593 0)
(1.25585 -0.140698 0)
(1.2029 -0.123309 0)
(1.20588 -0.118487 0)
(1.1507 -0.10563 0)
(1.16532 -0.0967248 0)
(1.10737 -0.0874216 0)
(1.13337 -0.0771382 0)
(1.07256 -0.070473 0)
(1.10872 -0.0604937 0)
(1.04526 -0.0557094 0)
(1.08996 -0.0468996 0)
(1.02419 -0.0434457 0)
(1.0757 -0.0360759 0)
(1.00806 -0.0335967 0)
(1.06494 -0.0275774 0)
(0.99576 -0.0258005 0)
(1.05688 -0.0209964 0)
(0.986444 -0.0196823 0)
(1.05083 -0.0159687 0)
(0.979424 -0.0149707 0)
(1.04624 -0.0121282 0)
(0.974107 -0.0113752 0)
(1.04278 -0.00919406 0)
(0.970072 -0.00862365 0)
(1.04016 -0.00696401 0)
(0.967018 -0.00652837 0)
(1.03818 -0.00526775 0)
(0.964702 -0.00493722 0)
(1.03667 -0.00397462 0)
(0.962944 -0.00372595 0)
(1.03553 -0.00299229 0)
(0.961614 -0.00280458 0)
(1.03467 -0.00225024 0)
(0.96061 -0.00210753 0)
(1.03402 -0.00169106 0)
(0.959852 -0.00158232 0)
(1.03353 -0.00126962 0)
(0.959279 -0.00118684 0)
(1.03315 -0.000952022 0)
(0.958846 -0.00088907 0)
(1.03287 -0.000712853 0)
(0.958519 -0.000665041 0)
(1.03266 -0.000533005 0)
(0.958272 -0.00049668 0)
(1.0325 -0.000398059 0)
(0.958087 -0.000370414 0)
(1.03238 -0.000296973 0)
(0.957947 -0.000275911 0)
(1.03229 -0.000221294 0)
(0.957842 -0.000205264 0)
(1.03222 -0.000164679 0)
(0.957763 -0.000152482 0)
(1.03216 -0.000122412 0)
(0.957704 -0.000113109 0)
(1.03213 -9.09358e-05 0)
(0.95766 -8.38324e-05 0)
(1.0321 -6.76592e-05 0)
(0.957626 -6.21133e-05 0)
(1.03207 -5.03605e-05 0)
(0.957602 -4.62316e-05 0)
(1.03206 -3.79598e-05 0)
(0.957582 -3.42903e-05 0)
(1.03205 -2.83453e-05 0)
(0.957569 -2.63952e-05 0)
(0.957555 -1.91487e-05 0)
(1.0395 -0.111064 0)
(1.01328 -0.0885001 0)
(1.08195 -0.157143 0)
(1.05547 -0.162579 0)
(1.10297 -0.16436 0)
(1.06748 -0.170485 0)
(1.10582 -0.157692 0)
(1.04938 -0.157842 0)
(1.09499 -0.144348 0)
(1.01464 -0.138776 0)
(1.07384 -0.124852 0)
(0.97318 -0.114777 0)
(1.04626 -0.101999 0)
(0.931596 -0.0902378 0)
(1.016 -0.0792532 0)
(0.892152 -0.0682952 0)
(0.987068 -0.0589974 0)
(0.857392 -0.0499601 0)
(0.961985 -0.0421149 0)
(0.829183 -0.0353783 0)
(0.941791 -0.0284387 0)
(0.807372 -0.0237737 0)
(0.926537 -0.017715 0)
(0.791483 -0.014787 0)
(0.915713 -0.00950993 0)
(0.780648 -0.00806508 0)
(0.908729 -0.00329268 0)
(0.773874 -0.00308125 0)
(0.904988 0.00142394 0)
(0.770417 0.000580244 0)
(0.903862 0.00517264 0)
(0.769506 0.0034183 0)
(0.904864 0.00852974 0)
(0.77066 0.00586509 0)
(0.907782 0.0118528 0)
(0.77361 0.00822093 0)
(0.912581 0.0153603 0)
(0.778265 0.0106711 0)
(0.919305 0.0193179 0)
(0.784668 0.0134163 0)
(0.928137 0.0239631 0)
(0.792982 0.0166311 0)
(0.939397 0.0294769 0)
(0.803488 0.0204637 0)
(0.953499 0.0359673 0)
(0.816571 0.025017 0)
(0.970882 0.0434854 0)
(0.832676 0.030345 0)
(0.992121 0.0520353 0)
(0.852283 0.0364824 0)
(1.01785 0.0615403 0)
(0.875938 0.0433671 0)
(1.04876 0.0717397 0)
(0.904203 0.0508497 0)
(1.08552 0.0820499 0)
(0.937592 0.0586026 0)
(1.12863 0.0914219 0)
(0.976472 0.066001 0)
(1.17812 0.0981553 0)
(1.02085 0.0720148 0)
(1.23296 0.0996586 0)
(1.07001 0.0750979 0)
(1.28998 0.0930427 0)
(1.12195 0.0730241 0)
(1.34411 0.0764667 0)
(1.17276 0.0638509 0)
(1.3893 0.0497995 0)
(1.21712 0.0468863 0)
(1.41808 0.016043 0)
(1.24882 0.0229561 0)
(1.42552 -0.0201941 0)
(1.26255 -0.0037209 0)
(1.41219 -0.054919 0)
(1.2573 -0.0308146 0)
(1.37894 -0.0835978 0)
(1.23279 -0.0547868 0)
(1.3299 -0.102435 0)
(1.19194 -0.0722622 0)
(1.27138 -0.110386 0)
(1.13998 -0.0815118 0)
(1.20979 -0.108806 0)
(1.08294 -0.0829406 0)
(1.15056 -0.10038 0)
(1.02614 -0.0783593 0)
(1.09733 -0.0880859 0)
(0.97401 -0.0700831 0)
(1.05179 -0.0743916 0)
(0.928435 -0.0600909 0)
(1.01424 -0.061001 0)
(0.890187 -0.0498647 0)
(0.984112 -0.0489074 0)
(0.859065 -0.0403486 0)
(0.960435 -0.0385649 0)
(0.834311 -0.0320325 0)
(0.942072 -0.0300602 0)
(0.814936 -0.0250826 0)
(0.927929 -0.0232349 0)
(0.799923 -0.0194541 0)
(0.917103 -0.0178296 0)
(0.788364 -0.0149745 0)
(0.908871 -0.0136081 0)
(0.779525 -0.0114499 0)
(0.902618 -0.0103551 0)
(0.772797 -0.00871775 0)
(0.897863 -0.00786146 0)
(0.76768 -0.00662076 0)
(0.894255 -0.00595457 0)
(0.763792 -0.00501506 0)
(0.891517 -0.00450233 0)
(0.760843 -0.00379053 0)
(0.889439 -0.00339776 0)
(0.758608 -0.00285967 0)
(0.887865 -0.00255782 0)
(0.756916 -0.00215226 0)
(0.886676 -0.00192111 0)
(0.755638 -0.00161545 0)
(0.885779 -0.00144062 0)
(0.754675 -0.00121 0)
(0.885101 -0.00107898 0)
(0.75395 -0.000904953 0)
(0.88459 -0.000807039 0)
(0.753404 -0.000675902 0)
(0.884205 -0.000602718 0)
(0.752994 -0.000504012 0)
(0.883915 -0.000449396 0)
(0.752686 -0.000375222 0)
(0.883697 -0.000334533 0)
(0.752455 -0.000278821 0)
(0.883534 -0.000248658 0)
(0.752283 -0.000206855 0)
(0.883411 -0.000184557 0)
(0.752153 -0.000153192 0)
(0.883319 -0.000136764 0)
(0.752057 -0.000113278 0)
(0.88325 -0.000101175 0)
(0.751985 -8.35855e-05 0)
(0.883198 -7.47435e-05 0)
(0.751931 -6.15857e-05 0)
(0.88316 -5.51797e-05 0)
(0.751891 -4.53094e-05 0)
(0.883131 -4.08142e-05 0)
(0.751861 -3.33588e-05 0)
(0.88311 -3.02503e-05 0)
(0.751839 -2.4667e-05 0)
(0.883094 -2.2776e-05 0)
(0.751822 -1.82823e-05 0)
(0.883081 -1.72124e-05 0)
(0.751811 -1.40782e-05 0)
(0.751798 -1.06815e-05 0)
(1.05169 -0.154836 0)
(0.903242 -0.140191 0)
(1.04739 -0.182933 0)
(0.900317 -0.158276 0)
(1.01073 -0.16782 0)
(0.843313 -0.13383 0)
(0.956081 -0.14261 0)
(0.752607 -0.103192 0)
(0.892865 -0.111654 0)
(0.673012 -0.0755607 0)
(0.830875 -0.0816387 0)
(0.608858 -0.0527867 0)
(0.776886 -0.0576325 0)
(0.558556 -0.0362498 0)
(0.733036 -0.0396828 0)
(0.519318 -0.0244451 0)
(0.699229 -0.0265714 0)
(0.489988 -0.0161528 0)
(0.674269 -0.0170358 0)
(0.468977 -0.0104185 0)
(0.65683 -0.0100915 0)
(0.454502 -0.00633426 0)
(0.645437 -0.00510397 0)
(0.445136 -0.00339444 0)
(0.638675 -0.00158398 0)
(0.439649 -0.0013033 0)
(0.635434 0.000855608 0)
(0.437035 0.000160129 0)
(0.634837 0.00264058 0)
(0.436546 0.00117639 0)
(0.636246 0.00417806 0)
(0.437582 0.00200948 0)
(0.63933 0.00564357 0)
(0.439939 0.00278079 0)
(0.643988 0.00715373 0)
(0.443476 0.00356265 0)
(0.650228 0.00886126 0)
(0.448183 0.00443117 0)
(0.658191 0.0108868 0)
(0.454171 0.0054529 0)
(0.668135 0.0133267 0)
(0.461635 0.00668682 0)
(0.680414 0.0162532 0)
(0.47085 0.00818362 0)
(0.695451 0.0197084 0)
(0.482154 0.00997923 0)
(0.713704 0.0237095 0)
(0.495926 0.012091 0)
(0.735666 0.0282321 0)
(0.512565 0.0145203 0)
(0.7618 0.0331752 0)
(0.532466 0.0172317 0)
(0.792506 0.0383224 0)
(0.555976 0.0201416 0)
(0.828023 0.0432812 0)
(0.583333 0.023084 0)
(0.868254 0.047416 0)
(0.614545 0.0257689 0)
(0.912523 0.0497898 0)
(0.649217 0.0277451 0)
(0.959253 0.0491281 0)
(0.686305 0.028367 0)
(1.00544 0.0441417 0)
(0.723926 0.026839 0)
(1.04673 0.034141 0)
(0.758883 0.0225616 0)
(1.07822 0.0194923 0)
(0.787467 0.0153975 0)
(1.0953 0.00234138 0)
(0.805263 0.00587496 0)
(1.09552 -0.0154472 0)
(0.810099 -0.00394619 0)
(1.07874 -0.0320373 0)
(0.801777 -0.0140365 0)
(1.04633 -0.0448616 0)
(0.779882 -0.0223786 0)
(1.00214 -0.0525887 0)
(0.747298 -0.028068 0)
(0.951343 -0.0550832 0)
(0.708022 -0.0307149 0)
(0.899028 -0.0532775 0)
(0.666151 -0.0306256 0)
(0.849272 -0.0486135 0)
(0.625261 -0.0286036 0)
(0.804651 -0.0424402 0)
(0.587935 -0.0254622 0)
(0.76635 -0.0357772 0)
(0.555317 -0.0217903 0)
(0.734564 -0.0293389 0)
(0.527868 -0.0180786 0)
(0.708857 -0.0235486 0)
(0.505425 -0.014641 0)
(0.688462 -0.0185968 0)
(0.487466 -0.0116379 0)
(0.672502 -0.0145123 0)
(0.473324 -0.00912245 0)
(0.660126 -0.0112231 0)
(0.462311 -0.00707781 0)
(0.650597 -0.00861371 0)
(0.453805 -0.00544602 0)
(0.643307 -0.00657129 0)
(0.447282 -0.00416021 0)
(0.637751 -0.00499281 0)
(0.442306 -0.00316153 0)
(0.633524 -0.00378163 0)
(0.438524 -0.00239419 0)
(0.630317 -0.00285606 0)
(0.435656 -0.00180734 0)
(0.627887 -0.00215169 0)
(0.433485 -0.00136049 0)
(0.626048 -0.00161696 0)
(0.431847 -0.00102157 0)
(0.624661 -0.00121166 0)
(0.430612 -0.000764853 0)
(0.623616 -0.000905512 0)
(0.429684 -0.000570882 0)
(0.622831 -0.000675292 0)
(0.428988 -0.00042497 0)
(0.622242 -0.000502717 0)
(0.428468 -0.000315742 0)
(0.6218 -0.000373573 0)
(0.428079 -0.000234135 0)
(0.621469 -0.000277068 0)
(0.427789 -0.000173287 0)
(0.621222 -0.000205076 0)
(0.427573 -0.00012795 0)
(0.621037 -0.000151479 0)
(0.427412 -9.42705e-05 0)
(0.6209 -0.000111661 0)
(0.427292 -6.92752e-05 0)
(0.620797 -8.21354e-05 0)
(0.427204 -5.08025e-05 0)
(0.620721 -6.02784e-05 0)
(0.427138 -3.71479e-05 0)
(0.620665 -4.41338e-05 0)
(0.42709 -2.71064e-05 0)
(0.620623 -3.22532e-05 0)
(0.427054 -1.97194e-05 0)
(0.620592 -2.35591e-05 0)
(0.427028 -1.4341e-05 0)
(0.620569 -1.72566e-05 0)
(0.427009 -1.04353e-05 0)
(0.620552 -1.27182e-05 0)
(0.426995 -7.64652e-06 0)
(0.620539 -9.58749e-06 0)
(0.426984 -5.66891e-06 0)
(0.620529 -7.52014e-06 0)
(0.426976 -4.35302e-06 0)
(0.426968 -3.76191e-06 0)
(0.859809 -0.0532043 0)
(0.701533 -0.0845465 0)
(0.567704 -0.0660493 0)
(0.464512 -0.0366214 0)
(0.388952 -0.0188405 0)
(0.336165 -0.0100523 0)
(0.299915 -0.00526126 0)
(0.27547 -0.00258419 0)
(0.259317 -0.00113453 0)
(0.248898 -0.000353524 0)
(0.242564 9.80314e-05 0)
(0.23917 0.00037724 0)
(0.237866 0.000555814 0)
(0.238026 0.000697045 0)
(0.239203 0.000839674 0)
(0.241212 0.000984372 0)
(0.243993 0.00115032 0)
(0.247555 0.00136445 0)
(0.251986 0.00164019 0)
(0.257439 0.00198825 0)
(0.264126 0.00242087 0)
(0.272309 0.00294844 0)
(0.282288 0.00357663 0)
(0.294378 0.004306 0)
(0.308898 0.00512528 0)
(0.326129 0.00600326 0)
(0.34627 0.00688232 0)
(0.369353 0.00766604 0)
(0.395121 0.00820797 0)
(0.422866 0.00830623 0)
(0.451233 0.00772729 0)
(0.478072 0.00630949 0)
(0.500633 0.00407861 0)
(0.516031 0.00127684 0)
(0.521906 -0.00176962 0)
(0.517959 -0.00480419 0)
(0.503923 -0.00728334 0)
(0.481544 -0.00880087 0)
(0.453476 -0.00941801 0)
(0.422761 -0.00925933 0)
(0.392135 -0.0085701 0)
(0.363531 -0.00760099 0)
(0.338069 -0.00650905 0)
(0.316279 -0.00540492 0)
(0.2982 -0.00437856 0)
(0.283559 -0.0034786 0)
(0.271921 -0.00272166 0)
(0.262799 -0.00210449 0)
(0.255721 -0.00161179 0)
(0.250275 -0.0012238 0)
(0.246115 -0.00092255 0)
(0.242953 -0.000692008 0)
(0.240559 -0.000516991 0)
(0.238751 -0.000384683 0)
(0.237391 -0.00028517 0)
(0.236369 -0.000210559 0)
(0.235604 -0.000154763 0)
(0.235034 -0.000113258 0)
(0.234609 -8.25855e-05 0)
(0.234293 -6.00188e-05 0)
(0.234059 -4.34502e-05 0)
(0.233885 -3.13119e-05 0)
(0.233757 -2.24418e-05 0)
(0.233663 -1.59867e-05 0)
(0.233594 -1.13094e-05 0)
(0.233543 -7.94072e-06 0)
(0.233506 -5.52794e-06 0)
(0.233479 -3.81829e-06 0)
(0.233459 -2.622e-06 0)
(0.233445 -1.80694e-06 0)
(0.233434 -1.25587e-06 0)
(0.233426 -9.13067e-07 0)
(0.233421 -6.67747e-07 0)
(0.233416 -6.97114e-07 0)
)
;

boundaryField
{
    ibCylinder
    {
        type            immersedBoundary;
        value           nonuniform List<vector> 
48
(
(0.701387 0 0)
(0.701387 -2.62372e-17 0)
(0.701387 -1.37051e-17 -2.40764e-33)
(0.701387 0 0)
(0.701387 0 0)
(0.701387 0 0)
(0.701387 -4.97088e-17 0)
(0.701387 0 0)
(0.701387 0 0)
(0.701387 0 0)
(0.701387 4.34345e-17 -4.34934e-34)
(0.701387 0 0)
(0.701387 -3.92017e-17 6.73418e-33)
(0.701387 -3.93028e-17 1.3501e-34)
(0.701387 0 0)
(0.701387 -4.9411e-17 -3.0567e-32)
(0.701387 0 0)
(0.701387 -5.8448e-17 8.10991e-32)
(0.701387 0 0)
(0.701387 0 0)
(0.701387 0 0)
(0.701387 0 0)
(0.701387 0 0)
(0.701387 0 0)
(0.701387 0 0)
(0.701387 0 0)
(0.701387 0 0)
(0.701387 0 0)
(0.701387 0 0)
(0.701387 4.9411e-17 3.00498e-32)
(0.701387 5.73585e-17 3.20034e-32)
(0.701387 5.8448e-17 -8.10991e-32)
(0.701387 0 0)
(0.701387 0 0)
(0.701387 0 0)
(0.701387 0 0)
(0.701387 0 0)
(0.701387 -4.3313e-17 5.73906e-33)
(0.701387 0 0)
(0.701387 0 0)
(0.701387 0 0)
(0.701387 0 0)
(0.701387 -2.62372e-17 0)
(0.701387 0 0)
(0.701387 0 0)
(0.701387 0 0)
(0.701387 0 0)
(0.701387 0 0)
)
;
        value           nonuniform List<vector> 0();
    }
    in
    {
        type            calculated;
        value           uniform (1 0 0);
    }
    out
    {
        type            calculated;
        value           nonuniform List<vector> 
25
(
(0.233418 7.22833e-07 0)
(0.620529 6.07731e-06 0)
(0.883077 1.3417e-05 0)
(1.03204 2.18448e-05 0)
(1.10463 2.96594e-05 0)
(1.13574 3.55589e-05 0)
(1.14768 3.86016e-05 0)
(1.15185 3.87888e-05 0)
(1.15319 3.53809e-05 0)
(1.15359 2.88691e-05 0)
(1.15369 2.00737e-05 0)
(1.15372 9.31003e-06 0)
(1.15372 -2.34328e-06 0)
(1.15372 -1.39815e-05 0)
(1.15369 -2.45926e-05 0)
(1.15358 -3.32216e-05 0)
(1.15319 -3.94678e-05 0)
(1.15185 -4.25415e-05 0)
(1.14768 -4.19869e-05 0)
(1.13574 -3.84798e-05 0)
(1.10463 -3.20532e-05 0)
(1.03204 -2.3667e-05 0)
(0.883073 -1.46245e-05 0)
(0.620523 -6.68825e-06 0)
(0.233413 -8.33876e-07 0)
)
;
    }
    top
    {
        type            calculated;
        value           uniform (0 0 0);
    }
    bottom
    {
        type            calculated;
        value           uniform (0 0 0);
    }
    frontAndBack
    {
        type            empty;
        value           nonuniform List<vector> 0();
    }
}


// ************************************************************************* //
