/*--------------------------------*- C++ -*----------------------------------*\
| =========                 |                                                 |
| \\      /  F ield         | OpenFOAM: The Open Source CFD Toolbox           |
|  \\    /   O peration     | Version:  2206                                  |
|   \\  /    A nd           | Website:  www.openfoam.com                      |
|    \\/     M anipulation  |                                                 |
\*---------------------------------------------------------------------------*/
FoamFile
{
    version     2.0;
    format      ascii;
    arch        "LSB;label=32;scalar=64";
    class       surfaceScalarField;
    location    "0.1";
    object      phi;
}
// * * * * * * * * * * * * * * * * * * * * * * * * * * * * * * * * * * * * * //

dimensions      [0 3 -1 0 0 0 0];

oriented        oriented;

internalField   nonuniform List<scalar> 
3650
(
0.00276749
0.000432507
0.00234537
0.000422123
0.00202302
0.000322348
0.00181289
0.000210131
0.0016916
0.000121295
0.00162414
6.74596e-05
0.00158621
3.79284e-05
0.00156408
2.2126e-05
0.00155026
1.3826e-05
0.00154065
9.60546e-06
0.00153309
7.56939e-06
0.00152634
6.74145e-06
0.00151969
6.65188e-06
0.00151262
7.07787e-06
0.00150466
7.96051e-06
0.00149535
9.30936e-06
0.0014842
1.11519e-05
0.00147068
1.35208e-05
0.00145429
1.639e-05
0.00143462
1.96671e-05
0.00141142
2.3202e-05
0.0013849
2.65231e-05
0.00135589
2.90076e-05
0.00132604
2.98493e-05
0.00129776
2.82786e-05
0.00127388
2.3879e-05
0.00125754
1.63444e-05
0.00125041
7.12682e-06
0.00125258
-2.17112e-06
0.00126464
-1.20595e-05
0.00128529
-2.06439e-05
0.00131198
-2.66955e-05
0.00134169
-2.97034e-05
0.00137166
-2.99731e-05
0.00139986
-2.82003e-05
0.00142503
-2.51671e-05
0.0014466
-2.15714e-05
0.00146452
-1.79174e-05
0.00147904
-1.45221e-05
0.00149059
-1.15496e-05
0.00149964
-9.05492e-06
0.00150666
-7.01794e-06
0.00151205
-5.39157e-06
0.00151617
-4.11234e-06
0.00151928
-3.11795e-06
0.00152164
-2.3531e-06
0.00152341
-1.76971e-06
0.00152473
-1.32753e-06
0.00152573
-9.94489e-07
0.00152647
-7.44305e-07
0.00152703
-5.56437e-07
0.00152744
-4.15336e-07
0.00152775
-3.09496e-07
0.00152798
-2.30159e-07
0.00152816
-1.70914e-07
0.00152828
-1.2668e-07
0.00152838
-9.38388e-08
0.00152844
-6.93946e-08
0.0015285
-5.13848e-08
0.00152853
-3.80163e-08
0.00152856
-2.8255e-08
0.00152858
-2.09544e-08
0.0015286
-1.56794e-08
0.00152861
-1.17009e-08
0.00152862
-8.95002e-09
0.00152863
-6.87828e-09
0.00152863
-5.38969e-09
0.00152863
-4.1329e-09
0.00152864
-3.31469e-09
0.00152864
-2.55908e-09
0.00152864
-2.24521e-09
0.00152864
-1.87648e-09
0.00152865
-1.80961e-09
0.00152865
-1.68511e-09
-1.62999e-09
0.00335403
0.000278478
0.00335155
0.000424607
0.00327992
0.000393979
0.00319027
0.000299774
0.00310607
0.000205504
0.00304012
0.000133408
0.00299245
8.55928e-05
0.00295878
5.58035e-05
0.00293459
3.80137e-05
0.00291633
2.78671e-05
0.00290143
2.24681e-05
0.00288811
2.00635e-05
0.00287512
1.9641e-05
0.00286143
2.07675e-05
0.00284611
2.32834e-05
0.00282824
2.71821e-05
0.00280687
3.25244e-05
0.00278097
3.9417e-05
0.00274953
4.78345e-05
0.00271163
5.75642e-05
0.00266669
6.81434e-05
0.00261486
7.83521e-05
0.00255736
8.65114e-05
0.00249724
8.99647e-05
0.002439
8.65198e-05
0.00238827
7.46037e-05
0.00235191
5.27048e-05
0.00233375
2.52937e-05
0.00233486
-3.28882e-06
0.0023553
-3.24936e-05
0.00239293
-5.82705e-05
0.00244305
-7.68173e-05
0.0025
-8.66539e-05
0.0025585
-8.84708e-05
0.00261451
-8.42137e-05
0.00266535
-7.60017e-05
0.00270967
-6.58992e-05
0.00274716
-5.54069e-05
0.00277812
-4.54805e-05
0.00280321
-3.66357e-05
0.00282324
-2.90844e-05
0.00283906
-2.28423e-05
0.00285146
-1.77896e-05
0.0028611
-1.37534e-05
0.00286856
-1.05706e-05
0.00287429
-8.08815e-06
0.00287869
-6.16788e-06
0.00288205
-4.6913e-06
0.00288462
-3.5632e-06
0.00288658
-2.70374e-06
0.00288807
-2.04963e-06
0.00288921
-1.55215e-06
0.00289007
-1.174e-06
0.00289073
-8.86782e-07
0.00289123
-6.6906e-07
0.00289161
-5.04473e-07
0.00289189
-3.80178e-07
0.00289211
-2.86435e-07
0.00289227
-2.15703e-07
0.0028924
-1.62456e-07
0.00289249
-1.22354e-07
0.00289256
-9.22812e-08
0.00289262
-6.96825e-08
0.00289266
-5.27703e-08
0.00289269
-4.00491e-08
0.00289271
-3.05297e-08
0.00289273
-2.32779e-08
0.00289274
-1.78604e-08
0.00289276
-1.375e-08
0.00289276
-1.07154e-08
0.00289277
-8.5252e-09
0.00289277
-6.85363e-09
0.00289278
-5.70035e-09
0.00289278
-4.69917e-09
-3.84349e-09
0.00331668
0.000161803
0.00341489
0.000326397
0.00346342
0.000345445
0.00346672
0.000296477
0.00344314
0.000229078
0.00341232
0.000164228
0.003382
0.000115912
0.00335566
8.21498e-05
0.00333382
5.98512e-05
0.00331578
4.59058e-05
0.00330046
3.77961e-05
0.00328656
3.3958e-05
0.00327309
3.31151e-05
0.00325902
3.48344e-05
0.00324336
3.895e-05
0.00322507
4.54691e-05
0.0032031
5.44924e-05
0.00317624
6.62877e-05
0.00314302
8.1053e-05
0.00310197
9.86154e-05
0.00305177
0.000118338
0.00299165
0.000138469
0.00292241
0.000155759
0.00284747
0.000164907
0.00277229
0.000161697
0.00270449
0.000142397
0.0026535
0.000103697
0.00262566
5.31332e-05
0.00262365
-1.27303e-06
0.0026464
-5.52503e-05
0.0026913
-0.000103171
0.00275222
-0.000137732
0.00282152
-0.000155955
0.00289226
-0.000159204
0.00295941
-0.00015137
0.00301994
-0.000136526
0.00307246
-0.000118418
0.00311669
-9.96396e-05
0.00315307
-8.18603e-05
0.00318246
-6.60284e-05
0.0032059
-5.25213e-05
0.00322443
-4.1374e-05
0.003239
-3.23601e-05
0.00325038
-2.51265e-05
0.0032592
-1.93995e-05
0.00326603
-1.49118e-05
0.00327128
-1.14244e-05
0.00327532
-8.7293e-06
0.00327842
-6.66202e-06
0.0032808
-5.07913e-06
0.00328261
-3.86827e-06
0.00328401
-2.943e-06
0.00328507
-2.2364e-06
0.00328588
-1.69724e-06
0.0032865
-1.28696e-06
0.00328697
-9.75362e-07
0.00328733
-7.38878e-07
0.0032876
-5.59438e-07
0.00328781
-4.23363e-07
0.00328796
-3.20328e-07
0.00328808
-2.42413e-07
0.00328818
-1.83548e-07
0.00328824
-1.39114e-07
0.0032883
-1.05552e-07
0.00328834
-8.01603e-08
0.00328837
-6.0931e-08
0.00328839
-4.63713e-08
0.00328841
-3.5392e-08
0.00328842
-2.71484e-08
0.00328843
-2.09994e-08
0.00328844
-1.64099e-08
0.00328845
-1.28855e-08
0.00328845
-1.0336e-08
0.00328845
-8.21478e-09
-6.35133e-09
0.00325955
0.000102253
0.00335041
0.000235542
0.00341895
0.000276897
0.00345397
0.000261464
0.00346325
0.000219797
0.00345648
0.000171002
0.00344354
0.000128845
0.00342898
9.67167e-05
0.00341484
7.39866e-05
0.00340185
5.88943e-05
0.00339
4.96465e-05
0.00337889
4.50686e-05
0.00336787
4.41424e-05
0.00335617
4.65328e-05
0.00334295
5.21669e-05
0.00332728
6.11411e-05
0.00330804
7.37376e-05
0.00328389
9.04362e-05
0.00325318
0.000111762
0.00321381
0.000137993
0.00316327
0.000168873
0.00309923
0.000202507
0.00302134
0.000233653
0.00293432
0.000251921
0.00284518
0.00025084
0.00276371
0.000223873
0.00270291
0.000164492
0.00267196
8.40841e-05
0.0026709
-2.12763e-07
0.00269789
-8.22422e-05
0.0027502
-0.000155481
0.00281978
-0.000207306
0.00289744
-0.000233622
0.00297565
-0.000237411
0.00304885
-0.000224565
0.00311366
-0.000201336
0.00316863
-0.00017339
0.00321385
-0.00014486
0.00325027
-0.000118277
0.00327917
-9.49335e-05
0.00330189
-7.52403e-05
0.00331964
-5.91181e-05
0.00333344
-4.61629e-05
0.00334413
-3.58205e-05
0.00335239
-2.7658e-05
0.00335875
-2.12726e-05
0.00336364
-1.63137e-05
0.00336739
-1.24821e-05
0.00337028
-9.54374e-06
0.00337249
-7.29156e-06
0.00337418
-5.56412e-06
0.00337548
-4.24092e-06
0.00337647
-3.22852e-06
0.00337723
-2.45474e-06
0.00337781
-1.86584e-06
0.00337825
-1.41783e-06
0.00337859
-1.07678e-06
0.00337885
-8.17141e-07
0.00337904
-6.19694e-07
0.00337919
-4.69987e-07
0.00337931
-3.56491e-07
0.00337939
-2.70516e-07
0.00337946
-2.05359e-07
0.00337951
-1.56013e-07
0.00337955
-1.18507e-07
0.00337958
-9.00839e-08
0.0033796
-6.85088e-08
0.00337962
-5.22747e-08
0.00337963
-4.00242e-08
0.00337964
-3.0877e-08
0.00337965
-2.39485e-08
0.00337965
-1.86298e-08
0.00337966
-1.47357e-08
0.00337966
-1.15108e-08
-8.66944e-09
0.00323303
6.92226e-05
0.00329544
0.000173133
0.00335417
0.00021817
0.00339623
0.000219405
0.00342038
0.000195643
0.0034295
0.000161885
0.00342967
0.000128675
0.00342525
0.00010113
0.00341883
8.04084e-05
0.00341173
6.60005e-05
0.00340439
5.6982e-05
0.00339694
5.25245e-05
0.00338919
5.18918e-05
0.00338076
5.49655e-05
0.00337104
6.18872e-05
0.00335925
7.29304e-05
0.00334436
8.86348e-05
0.00332495
0.000109845
0.00329908
0.000137633
0.00326397
0.000173104
0.00321547
0.00021737
0.00314883
0.000269148
0.00306196
0.00032052
0.00296518
0.000348703
0.0028716
0.000344416
0.00279188
0.000303599
0.00274229
0.000214076
0.00273011
9.62636e-05
0.00273691
-7.01141e-06
0.0027607
-0.000106033
0.00280709
-0.000201869
0.00287107
-0.000271284
0.00294502
-0.000307571
0.00302169
-0.000314082
0.00309467
-0.000297544
0.00315923
-0.000265899
0.00321291
-0.000227068
0.00325579
-0.000187739
0.0032892
-0.000151684
0.00331491
-0.000120641
0.00333458
-9.4917e-05
0.00334958
-7.41151e-05
0.00336098
-5.75623e-05
0.00336967
-4.45086e-05
0.0033763
-3.4292e-05
0.00338137
-2.63437e-05
0.00338525
-2.0191e-05
0.00338822
-1.54508e-05
0.00339049
-1.1818e-05
0.00339223
-9.03116e-06
0.00339356
-6.89244e-06
0.00339457
-5.25441e-06
0.00339535
-4.00169e-06
0.00339594
-3.04442e-06
0.00339639
-2.31726e-06
0.00339673
-1.76411e-06
0.003397
-1.34167e-06
0.0033972
-1.01947e-06
0.00339736
-7.73991e-07
0.00339747
-5.87798e-07
0.00339756
-4.46476e-07
0.00339763
-3.39219e-07
0.00339768
-2.57744e-07
0.00339772
-1.95934e-07
0.00339775
-1.48922e-07
0.00339778
-1.13218e-07
0.0033978
-8.61514e-08
0.00339781
-6.57551e-08
0.00339782
-5.0361e-08
0.00339783
-3.8767e-08
0.00339783
-2.99889e-08
0.00339784
-2.32045e-08
0.00339784
-1.82167e-08
0.00339784
-1.41475e-08
-1.05136e-08
0.0032198
4.94227e-05
0.00326309
0.000129848
0.00330991
0.000171347
0.00334928
0.000180033
0.0033774
0.00016752
0.00339466
0.000144635
0.00340358
0.000119749
0.00340705
9.76612e-05
0.00340727
8.01874e-05
0.0034057
6.7574e-05
0.00340314
5.9538e-05
0.00339993
5.57376e-05
0.00339606
5.5765e-05
0.0033915
5.95285e-05
0.00338597
6.74187e-05
0.00337895
7.99489e-05
0.00336964
9.79459e-05
0.00335681
0.000122677
0.00333846
0.000155987
0.00331129
0.000200269
0.00326914
0.000259527
0.00320476
0.000333529
0.00311741
0.000407868
0.0030357
0.00043041
0.00298417
0.000395949
0.00298391
0.000303856
0.00303425
0.000163741
0.00308238
4.81291e-05
0.00308642
-1.10469e-05
0.00305723
-7.68507e-05
0.00303795
-0.000182586
0.00303492
-0.000268256
0.00305997
-0.000332617
0.003107
-0.00036111
0.00316093
-0.000351476
0.00321469
-0.000319658
0.00326085
-0.000273224
0.003297
-0.00022389
0.00332409
-0.000178772
0.00334405
-0.00014061
0.0033587
-0.000109566
0.00336945
-8.48628e-05
0.00337736
-6.54683e-05
0.00338321
-5.03609e-05
0.00338757
-3.86539e-05
0.00339084
-2.96159e-05
0.00339331
-2.266e-05
0.00339518
-1.73207e-05
0.0033966
-1.32321e-05
0.00339767
-1.01029e-05
0.00339848
-7.70832e-06
0.00339911
-5.87689e-06
0.00339958
-4.47718e-06
0.00339994
-3.40839e-06
0.00340022
-2.596e-06
0.00340044
-1.97746e-06
0.0034006
-1.50461e-06
0.00340072
-1.14397e-06
0.00340082
-8.69104e-07
0.00340089
-6.60347e-07
0.00340095
-5.02071e-07
0.00340099
-3.81882e-07
0.00340102
-2.9036e-07
0.00340105
-2.20817e-07
0.00340107
-1.67967e-07
0.00340108
-1.27715e-07
0.00340109
-9.73043e-08
0.0034011
-7.43042e-08
0.00340111
-5.69662e-08
0.00340111
-4.37879e-08
0.00340112
-3.38447e-08
0.00340112
-2.61445e-08
0.00340112
-2.04047e-08
0.00340112
-1.58579e-08
-1.16802e-08
0.00321304
3.63865e-05
0.00324471
9.81794e-05
0.00328236
0.000133692
0.00331742
0.00014497
0.00334583
0.000139114
0.0033666
0.000123871
0.00338061
0.000105738
0.00338952
8.87494e-05
0.00339492
7.47901e-05
0.00339802
6.44712e-05
0.00339966
5.78943e-05
0.00340041
5.49959e-05
0.00340058
5.5592e-05
0.00340031
5.97986e-05
0.00339956
6.81766e-05
0.00339816
8.13455e-05
0.00339578
0.000100332
0.00339169
0.000126771
0.00338449
0.000163182
0.0033714
0.000213364
0.0033445
0.000286431
0.00329491
0.000383115
0.00324189
0.000460891
0.00324111
0.000431191
0.0033469
0.00029016
0.00218552
1.50595e-18
0.00131354
1.01945e-18
0.000962197
7.65951e-19
0.00120707
7.12653e-19
0.00206454
7.88048e-19
0.00359214
5.02589e-19
0.00342002
-9.61418e-05
0.003312
-0.000224595
0.00327668
-0.000325791
0.00327954
-0.000354334
0.00330009
-0.000340203
0.00332675
-0.000299885
0.00334946
-0.000246604
0.00336588
-0.00019519
0.0033772
-0.000151925
0.00338485
-0.000117216
0.00338999
-9.00045e-05
0.00339345
-6.89291e-05
0.0033958
-5.27114e-05
0.00339742
-4.02731e-05
0.00339855
-3.07506e-05
0.00339936
-2.34692e-05
0.00339995
-1.79064e-05
0.00340037
-1.36594e-05
0.00340069
-1.04175e-05
0.00340092
-7.94263e-06
0.0034011
-6.05332e-06
0.00340123
-4.61144e-06
0.00340134
-3.51178e-06
0.00340142
-2.67449e-06
0.00340147
-2.03674e-06
0.00340152
-1.55025e-06
0.00340156
-1.17923e-06
0.00340158
-8.96545e-07
0.0034016
-6.81563e-07
0.00340162
-5.18528e-07
0.00340163
-3.94662e-07
0.00340164
-3.00162e-07
0.00340165
-2.28346e-07
0.00340166
-1.73741e-07
0.00340166
-1.32216e-07
0.00340166
-1.00833e-07
0.00340167
-7.71343e-08
0.00340167
-5.916e-08
0.00340167
-4.54865e-08
0.00340167
-3.51354e-08
0.00340167
-2.71756e-08
0.00340167
-2.1134e-08
0.00340167
-1.6513e-08
-1.21247e-08
0.00320948
2.69086e-05
0.003234
7.36623e-05
0.00326508
0.000102608
0.00329621
0.000113842
0.00332365
0.000111674
0.00334583
0.000101688
0.00336277
8.88004e-05
0.00337531
7.62079e-05
0.00338453
6.55716e-05
0.0033914
5.76026e-05
0.00339672
5.25682e-05
0.0034012
5.05236e-05
0.00340529
5.14971e-05
0.00340926
5.58304e-05
0.00341344
6.40069e-05
0.0034181
7.66855e-05
0.00342352
9.49146e-05
0.00342996
0.000120335
0.00343777
0.000155376
0.00344662
0.000204508
0.00344893
0.000284121
0.00344094
0.000391103
0.00344512
0.00045671
0.00280553
0.000267705
4.45305e-18
1.14608e-18
2.44275e-18
1.0401e-19
1.26422e-18
1.22573e-20
1.25733e-18
-1.12598e-21
1.42609e-18
2.08127e-20
1.65206e-18
1.21003e-19
2.84652e-18
2.32263e-19
0.00237005
2.88723e-19
0.00362599
-4.79561e-05
0.00350397
-0.000203771
0.00344584
-0.000296202
0.00342078
-0.000315145
0.00341402
-0.00029312
0.00341431
-0.000246899
0.00341513
-0.000196009
0.00341489
-0.000151681
0.00341373
-0.00011606
0.00341212
-8.83966e-05
0.00341041
-6.72172e-05
0.0034088
-5.1098e-05
0.00340738
-3.88555e-05
0.00340619
-2.95594e-05
0.00340522
-2.24974e-05
0.00340444
-1.7129e-05
0.00340382
-1.30454e-05
0.00340334
-9.93698e-06
0.00340297
-7.56948e-06
0.00340268
-5.76557e-06
0.00340246
-4.39098e-06
0.00340229
-3.34373e-06
0.00340217
-2.54621e-06
0.00340207
-1.93872e-06
0.00340199
-1.47567e-06
0.00340194
-1.12277e-06
0.00340189
-8.54022e-07
0.00340186
-6.49663e-07
0.00340184
-4.94343e-07
0.00340182
-3.76226e-07
0.0034018
-2.8622e-07
0.00340179
-2.17823e-07
0.00340179
-1.65811e-07
0.00340178
-1.26362e-07
0.00340178
-9.64713e-08
0.00340177
-7.39091e-08
0.00340177
-5.67326e-08
0.00340177
-4.36943e-08
0.00340177
-3.37555e-08
0.00340177
-2.62008e-08
0.00340177
-2.03803e-08
0.00340177
-1.60586e-08
-1.18454e-08
0.00320747
1.94368e-05
0.00322749
5.3644e-05
0.00325404
7.60593e-05
0.00328209
8.57897e-05
0.00330831
8.54518e-05
0.00333095
7.9056e-05
0.00334955
7.01953e-05
0.0033645
6.12595e-05
0.00337651
5.3565e-05
0.00338636
4.77522e-05
0.00339481
4.41173e-05
0.00340254
4.27984e-05
0.00341007
4.39649e-05
0.00341795
4.79535e-05
0.00342679
5.51727e-05
0.00343729
6.61894e-05
0.00345039
8.18164e-05
0.00346753
0.000103193
0.00349172
0.000131191
0.00352745
0.000168772
0.00356575
0.000245826
0.00359328
0.000363569
0.00363106
0.000418928
4.31249e-18
1.11341e-18
1.92804e-18
9.82566e-20
2.76964e-19
4.10078e-99
2.75203e-19
0
2.78121e-19
0
3.80873e-19
-6.9998e-22
5.95152e-19
-3.8066e-21
1.40538e-18
6.18946e-20
2.90783e-18
2.05767e-19
0.00243585
2.64275e-19
0.00371401
-6.69672e-05
0.00361437
-0.000196564
0.00355237
-0.000253146
0.00351226
-0.000253004
0.00348647
-0.000221112
0.00346844
-0.00017798
0.00345466
-0.0001379
0.00344356
-0.000104958
0.00343456
-7.94011e-05
0.00342734
-5.99926e-05
0.0034216
-4.53579e-05
0.00341708
-3.43378e-05
0.00341355
-2.60319e-05
0.00341081
-1.97596e-05
0.0034087
-1.50139e-05
0.00340707
-1.14165e-05
0.00340582
-8.68579e-06
0.00340486
-6.61035e-06
0.00340412
-5.03189e-06
0.00340356
-3.83072e-06
0.00340314
-2.91653e-06
0.00340281
-2.22047e-06
0.00340256
-1.69042e-06
0.00340237
-1.28655e-06
0.00340223
-9.79014e-07
0.00340212
-7.449e-07
0.00340204
-5.66883e-07
0.00340197
-4.31426e-07
0.00340193
-3.28337e-07
0.00340189
-2.49859e-07
0.00340186
-1.90223e-07
0.00340184
-1.44956e-07
0.00340183
-1.10629e-07
0.00340181
-8.4612e-08
0.0034018
-6.48757e-08
0.0034018
-4.99192e-08
0.00340179
-3.85253e-08
0.00340179
-2.98494e-08
0.00340179
-2.32952e-08
0.00340178
-1.81935e-08
0.00340178
-1.44552e-08
-1.08231e-08
0.00320628
1.31613e-05
0.00322338
3.65438e-05
0.00324693
5.25051e-05
0.00327283
5.98934e-05
0.00329799
6.02904e-05
0.00332066
5.63851e-05
0.00334021
5.06466e-05
0.00335674
4.47295e-05
0.00337073
3.95694e-05
0.00338283
3.56525e-05
0.00339372
3.32348e-05
0.00340404
3.24785e-05
0.00341443
3.35707e-05
0.00342561
3.6774e-05
0.00343839
4.23991e-05
0.00345373
5.08511e-05
0.00347295
6.26027e-05
0.00349794
7.82047e-05
0.00353202
9.71158e-05
0.00357314
0.000127654
0.00358679
0.000232179
0.00361437
0.000335985
4.57327e-18
0.000134528
1.85222e-18
1.74988e-19
2.76682e-19
0
2.76632e-19
0
2.76964e-19
0
2.7551e-19
0
2.82144e-19
0
3.08068e-19
8.24708e-25
7.46931e-19
1.03626e-19
1.37547e-18
9.07701e-20
2.8641e-18
1.51052e-19
0.0038372
-5.39961e-06
0.00374578
-0.000105143
0.00366702
-0.000174384
0.00360457
-0.00019055
0.00355675
-0.000173296
0.00352041
-0.000141644
0.00349277
-0.000110258
0.00347162
-8.38038e-05
0.00345534
-6.31253e-05
0.0034428
-4.74527e-05
0.00343316
-3.57184e-05
0.00342577
-2.69405e-05
0.0034201
-2.03642e-05
0.00341576
-1.54226e-05
0.00341245
-1.16982e-05
0.00340991
-8.88323e-06
0.00340798
-6.75133e-06
0.0034065
-5.13401e-06
0.00340537
-3.90587e-06
0.00340452
-2.97237e-06
0.00340386
-2.26245e-06
0.00340336
-1.72211e-06
0.00340298
-1.31075e-06
0.00340269
-9.97493e-07
0.00340247
-7.59111e-07
0.00340231
-5.77726e-07
0.00340218
-4.39771e-07
0.00340208
-3.34745e-07
0.00340201
-2.54788e-07
0.00340195
-1.9397e-07
0.00340191
-1.47789e-07
0.00340188
-1.12795e-07
0.00340185
-8.62563e-08
0.00340184
-6.61391e-08
0.00340182
-5.08485e-08
0.00340181
-3.92812e-08
0.0034018
-3.04573e-08
0.0034018
-2.37557e-08
0.00340179
-1.87215e-08
0.00340179
-1.47881e-08
0.00340179
-1.18831e-08
-9.17048e-09
0.00320554
7.62183e-06
0.0032208
2.128e-05
0.00324248
3.08297e-05
0.00326697
3.54047e-05
0.00329138
3.58802e-05
0.00331397
3.37908e-05
0.00333405
3.05697e-05
0.00335158
2.72021e-05
0.0033669
2.42443e-05
0.00338056
2.19966e-05
0.00339317
2.06277e-05
0.00340539
2.02597e-05
0.00341793
2.10318e-05
0.00343159
2.31141e-05
0.00344728
2.67082e-05
0.00346603
3.21027e-05
0.00348901
3.96289e-05
0.00351728
4.99406e-05
0.00355025
6.41465e-05
0.00358814
8.976e-05
0.00367711
0.000143214
0.00376424
0.000248848
3.50778e-18
8.69525e-19
9.07571e-19
4.31875e-20
2.76664e-19
0
2.76664e-19
0
2.76615e-19
0
2.77941e-19
0
2.68247e-19
0
3.22843e-19
0
3.24583e-19
-1.04461e-21
8.22739e-19
-1.36704e-20
2.06746e-18
-8.1485e-21
0.00195027
2.26201e-19
0.00382825
-4.00282e-05
0.00375219
-9.83176e-05
0.00367803
-0.000116388
0.0036144
-0.000109667
0.00356372
-9.09628e-05
0.00352448
-7.10218e-05
0.00349474
-5.40654e-05
0.00347226
-4.06455e-05
0.00345527
-3.04605e-05
0.00344241
-2.28573e-05
0.00343266
-1.7194e-05
0.00342527
-1.29694e-05
0.00341965
-9.80632e-06
0.00341538
-7.42867e-06
0.00341213
-5.63551e-06
0.00340966
-4.27954e-06
0.00340778
-3.25235e-06
0.00340635
-2.47317e-06
0.00340525
-1.88151e-06
0.00340442
-1.43173e-06
0.00340379
-1.08954e-06
0.00340331
-8.29054e-07
0.00340294
-6.30877e-07
0.00340266
-4.80111e-07
0.00340245
-3.65518e-07
0.00340229
-2.78292e-07
0.00340217
-2.11915e-07
0.00340207
-1.61357e-07
0.003402
-1.22972e-07
0.00340195
-9.38596e-08
0.00340191
-7.18587e-08
0.00340188
-5.51859e-08
0.00340185
-4.25411e-08
0.00340183
-3.29511e-08
0.00340182
-2.56721e-08
0.00340181
-2.01576e-08
0.0034018
-1.59603e-08
0.0034018
-1.2852e-08
0.00340179
-1.03986e-08
0.00340179
-8.59174e-09
-7.03307e-09
0.0032051
2.52572e-06
0.00321937
7.00131e-06
0.00324002
1.01845e-05
0.00326369
1.17315e-05
0.00328766
1.19149e-05
0.0033102
1.12525e-05
0.00333055
1.02126e-05
0.00334864
9.1191e-06
0.00336473
8.15651e-06
0.0033793
7.42563e-06
0.00339294
6.98528e-06
0.00340632
6.88054e-06
0.00342019
7.16088e-06
0.00343542
7.88759e-06
0.003453
9.13373e-06
0.00347409
1.10155e-05
0.00350002
1.36978e-05
0.00353241
1.75555e-05
0.00357292
2.36393e-05
0.00362821
3.44705e-05
0.0037099
6.15205e-05
5.129e-18
5.99792e-05
1.6759e-18
8.03016e-20
2.76659e-19
0
2.76663e-19
0
2.76666e-19
0
2.76626e-19
0
2.77053e-19
0
2.74217e-19
0
2.91895e-19
0
2.84256e-19
-3.82315e-23
6.47178e-19
-2.27406e-21
1.71937e-18
9.9117e-20
2.80185e-18
-6.2886e-21
0.00386814
-9.40309e-06
0.00380107
-3.12389e-05
0.00372345
-3.877e-05
0.00365131
-3.75341e-05
0.00359176
-3.14091e-05
0.00354528
-2.45436e-05
0.00350991
-1.86973e-05
0.00348332
-1.40497e-05
0.00346337
-1.05079e-05
0.00344838
-7.87019e-06
0.0034371
-5.90979e-06
0.00342858
-4.45195e-06
0.00342213
-3.36306e-06
0.00341725
-2.5457e-06
0.00341354
-1.92986e-06
0.00341073
-1.46443e-06
0.00340859
-1.11222e-06
0.00340696
-8.45282e-07
0.00340572
-6.42844e-07
0.00340478
-4.88936e-07
0.00340406
-3.71873e-07
0.00340352
-2.82771e-07
0.0034031
-2.15105e-07
0.00340278
-1.63715e-07
0.00340254
-1.2477e-07
0.00340236
-9.51121e-08
0.00340222
-7.25555e-08
0.00340211
-5.53864e-08
0.00340203
-4.24176e-08
0.00340197
-3.26571e-08
0.00340193
-2.53631e-08
0.00340189
-1.98738e-08
0.00340186
-1.57205e-08
0.00340184
-1.25896e-08
0.00340183
-1.02034e-08
0.00340182
-8.43276e-09
0.00340181
-7.08737e-09
0.0034018
-6.12805e-09
0.0034018
-5.38758e-09
0.00340179
-4.8493e-09
-4.53083e-09
0.00320493
-2.40386e-06
0.00321888
-6.94459e-06
0.0032392
-1.01369e-05
0.00326264
-1.17081e-05
0.00328646
-1.19109e-05
0.00330898
-1.12633e-05
0.00332942
-1.02319e-05
0.00334769
-9.14216e-06
0.00336402
-8.17965e-06
0.00337889
-7.44678e-06
0.00339288
-7.00226e-06
0.00340665
-6.89108e-06
0.00342098
-7.16466e-06
0.00343675
-7.8837e-06
0.00345501
-9.12284e-06
0.00347703
-1.09973e-05
0.0035044
-1.36754e-05
0.0035395
-1.7534e-05
0.00358673
-2.35978e-05
0.00365569
-3.44817e-05
0.00377878
-6.15768e-05
4.95026e-18
-6.00053e-05
1.52613e-18
-8.03885e-20
2.76664e-19
0
2.76663e-19
0
2.76666e-19
0
2.7663e-19
0
2.77005e-19
0
2.74428e-19
0
2.91341e-19
0
2.60898e-19
3.82021e-23
6.98617e-19
2.27918e-21
1.16462e-18
-9.90902e-20
2.68729e-18
6.3603e-21
0.00387989
9.47601e-06
0.00381734
3.13128e-05
0.00373972
3.88515e-05
0.00366452
3.766e-05
0.00360166
3.14564e-05
0.00355259
2.452e-05
0.00351524
1.86532e-05
0.00348718
1.40149e-05
0.00346618
1.04906e-05
0.00345045
7.86539e-06
0.00343862
5.9109e-06
0.00342972
4.45503e-06
0.00342299
3.36609e-06
0.00341789
2.54884e-06
0.00341403
1.93343e-06
0.0034111
1.46875e-06
0.00340887
1.1167e-06
0.00340717
8.4958e-07
0.00340588
6.46524e-07
0.0034049
4.92238e-07
0.00340415
3.74916e-07
0.00340359
2.85607e-07
0.00340315
2.17488e-07
0.00340282
1.65451e-07
0.00340257
1.25742e-07
0.00340238
9.54581e-08
0.00340224
7.24368e-08
0.00340213
5.48488e-08
0.00340204
4.13992e-08
0.00340198
3.10146e-08
0.00340193
2.3038e-08
0.00340189
1.68755e-08
0.00340187
1.22091e-08
0.00340185
8.61822e-09
0.00340183
5.9062e-09
0.00340182
3.79379e-09
0.00340181
2.16704e-09
0.0034018
9.13882e-10
0.0034018
-1.63308e-10
0.00340179
-9.09824e-10
-1.81992e-09
0.00320512
-7.52515e-06
0.00321938
-2.12053e-05
0.00324002
-3.07797e-05
0.0032637
-3.53796e-05
0.00328766
-3.58762e-05
0.0033102
-3.38015e-05
0.00333056
-3.05888e-05
0.00334864
-2.72245e-05
0.00336473
-2.4267e-05
0.0033793
-2.2017e-05
0.00339294
-2.06438e-05
0.00340632
-2.02707e-05
0.00342019
-2.10356e-05
0.00343542
-2.31112e-05
0.003453
-2.66986e-05
0.00347409
-3.20876e-05
0.00350003
-3.96093e-05
0.00353242
-4.99228e-05
0.00357293
-6.4116e-05
0.00362825
-8.97981e-05
0.00370994
-0.000143259
5.12881e-18
-0.000248841
1.67612e-18
-8.69769e-19
2.76659e-19
-4.32731e-20
2.76663e-19
0
2.76666e-19
0
2.76626e-19
0
2.77053e-19
0
2.74218e-19
0
2.91898e-19
0
2.84277e-19
1.04529e-21
6.47233e-19
1.36762e-20
1.71961e-18
8.16162e-21
2.80201e-18
-2.26087e-19
0.00386813
4.0115e-05
0.00380103
9.84127e-05
0.00372342
0.000116462
0.00365133
0.000109753
0.00359177
9.10085e-05
0.00354531
7.09847e-05
0.00350993
5.4033e-05
0.00348333
4.06204e-05
0.00346337
3.0449e-05
0.00344838
2.28544e-05
0.00343709
1.71952e-05
0.00342858
1.2972e-05
0.00342213
9.80908e-06
0.00341725
7.43163e-06
0.00341354
5.63902e-06
0.00341073
4.28377e-06
0.00340859
3.25685e-06
0.00340696
2.4774e-06
0.00340572
1.88519e-06
0.00340478
1.43499e-06
0.00340406
1.09251e-06
0.00340351
8.31814e-07
0.0034031
6.33198e-07
0.00340278
4.81784e-07
0.00340254
3.66427e-07
0.00340236
2.78587e-07
0.00340222
2.11713e-07
0.00340211
1.60768e-07
0.00340203
1.21896e-07
0.00340197
9.21897e-08
0.00340193
6.94998e-08
0.00340189
5.21937e-08
0.00340186
3.90189e-08
0.00340184
2.90157e-08
0.00340183
2.13838e-08
0.00340182
1.55658e-08
0.00340181
1.10757e-08
0.0034018
7.71598e-09
0.0034018
4.903e-09
0.00340179
2.94333e-09
8.43185e-10
0.00320557
-1.30905e-05
0.00322081
-3.64504e-05
0.00324249
-5.24555e-05
0.00326698
-5.98683e-05
0.00329139
-6.02868e-05
0.00331398
-5.63954e-05
0.00333406
-5.06644e-05
0.00335158
-4.47504e-05
0.0033669
-3.95904e-05
0.00338056
-3.56717e-05
0.00339316
-3.32499e-05
0.00340538
-3.24888e-05
0.00341792
-3.35751e-05
0.00343158
-3.67725e-05
0.00344728
-4.2392e-05
0.00346603
-5.08395e-05
0.00348901
-6.25874e-05
0.00351728
-7.81884e-05
0.00355027
-9.7105e-05
0.00358814
-0.000127667
0.00367712
-0.000232246
0.00376428
-0.000335996
3.50826e-18
-0.000134493
9.07733e-19
-1.75203e-19
2.76664e-19
0
2.76664e-19
0
2.76615e-19
0
2.7794e-19
0
2.68251e-19
0
3.22877e-19
-8.81497e-25
3.24642e-19
-1.03641e-19
8.22866e-19
-9.07647e-20
2.06757e-18
-1.5102e-19
0.00195027
5.40031e-06
0.00382827
0.000105218
0.00375219
0.000174485
0.00367801
0.00019065
0.00361445
0.000173312
0.00356379
0.000141662
0.00352454
0.000110241
0.00349477
8.37953e-05
0.00347228
6.31203e-05
0.00345527
4.74508e-05
0.00344241
3.57187e-05
0.00343266
2.69427e-05
0.00342527
2.03669e-05
0.00341965
1.54257e-05
0.00341538
1.17012e-05
0.00341213
8.88696e-06
0.00340966
6.75545e-06
0.00340778
5.13849e-06
0.00340634
3.91002e-06
0.00340525
2.97611e-06
0.00340442
2.26565e-06
0.00340379
1.72501e-06
0.00340331
1.31331e-06
0.00340294
9.99657e-07
0.00340266
7.60638e-07
0.00340245
5.78563e-07
0.00340229
4.39967e-07
0.00340217
3.34435e-07
0.00340207
2.54066e-07
0.003402
1.92767e-07
0.00340195
1.46052e-07
0.00340191
1.10385e-07
0.00340188
8.32963e-08
0.00340185
6.2616e-08
0.00340183
4.69895e-08
0.00340182
3.50228e-08
0.00340181
2.59511e-08
0.0034018
1.89482e-08
0.0034018
1.37248e-08
0.00340179
9.4483e-09
0.00340179
6.44027e-09
3.25608e-09
0.00320628
-1.93745e-05
0.00322339
-5.35529e-05
0.00324694
-7.6011e-05
0.00327284
-8.57677e-05
0.003298
-8.54481e-05
0.00332067
-7.90648e-05
0.00334022
-7.02107e-05
0.00335675
-6.12777e-05
0.00337074
-5.35836e-05
0.00338283
-4.77691e-05
0.00339371
-4.4131e-05
0.00340403
-4.28073e-05
0.00341443
-4.39699e-05
0.00342561
-4.79532e-05
0.00343839
-5.51682e-05
0.00345373
-6.61811e-05
0.00347295
-8.18064e-05
0.00349794
-0.000103182
0.00353202
-0.000131186
0.00357314
-0.000168782
0.00358674
-0.000245846
0.0036143
-0.000363563
4.57403e-18
-0.000418965
1.8528e-18
-1.1136e-18
2.76682e-19
-9.83616e-20
2.76632e-19
0
2.76964e-19
0
2.7551e-19
0
2.82155e-19
7.00305e-22
3.08103e-19
3.80939e-21
7.47091e-19
-6.19111e-20
1.37573e-18
-2.05712e-19
2.86427e-18
-2.64247e-19
0.00383718
6.69912e-05
0.00374579
0.000196609
0.00366703
0.000253242
0.0036046
0.000253085
0.00355681
0.0002211
0.00352051
0.000177961
0.00349283
0.000137915
0.00347165
0.000104978
0.00345536
7.94147e-05
0.00344281
5.99989e-05
0.00343317
4.53615e-05
0.00342577
3.43414e-05
0.0034201
2.60355e-05
0.00341576
1.97636e-05
0.00341244
1.50179e-05
0.00340991
1.14207e-05
0.00340797
8.69005e-06
0.0034065
6.61468e-06
0.00340537
5.03596e-06
0.00340451
3.83451e-06
0.00340386
2.91977e-06
0.00340336
2.22328e-06
0.00340298
1.69273e-06
0.00340269
1.28842e-06
0.00340247
9.80308e-07
0.00340231
7.45647e-07
0.00340218
5.66982e-07
0.00340208
4.31009e-07
0.00340201
3.27422e-07
0.00340195
2.48484e-07
0.00340191
1.88334e-07
0.00340188
1.42538e-07
0.00340185
1.07686e-07
0.00340184
8.11869e-08
0.00340182
6.10914e-08
0.00340181
4.57746e-08
0.0034018
3.41134e-08
0.0034018
2.51862e-08
0.00340179
1.84668e-08
0.00340179
1.31153e-08
0.00340179
9.31283e-09
5.278e-09
0.00320748
-2.68524e-05
0.0032275
-7.35798e-05
0.00325406
-0.000102563
0.00328211
-0.000113823
0.00330833
-0.000111671
0.00333096
-0.000101695
0.00334957
-8.8813e-05
0.00336451
-7.62227e-05
0.00337651
-6.55873e-05
0.00338636
-5.76165e-05
0.00339481
-5.25802e-05
0.00340253
-5.05313e-05
0.00341006
-5.15012e-05
0.00341794
-5.5831e-05
0.00342678
-6.40046e-05
0.00343728
-7.6681e-05
0.00345038
-9.49075e-05
0.00346753
-0.000120329
0.00349172
-0.000155378
0.00352746
-0.000204524
0.00356576
-0.000284151
0.0035933
-0.00039111
0.00363106
-0.000456727
4.31306e-18
-0.000267707
1.9286e-18
-1.1461e-18
2.76965e-19
-1.04052e-19
2.75201e-19
-1.22695e-20
2.78158e-19
1.12414e-21
3.80968e-19
-2.08244e-20
5.95309e-19
-1.21011e-19
1.4056e-18
-2.32227e-19
2.90797e-18
-2.88626e-19
0.00243583
4.79812e-05
0.00371403
0.000203746
0.00361435
0.000296288
0.00355236
0.000315232
0.00351233
0.000293117
0.00348657
0.000246862
0.0034685
0.000196026
0.00345469
0.000151728
0.00344357
0.000116096
0.00343457
8.84151e-05
0.00342734
6.72272e-05
0.0034216
5.11044e-05
0.00341708
3.88607e-05
0.00341355
2.95647e-05
0.00341081
2.25027e-05
0.0034087
1.71343e-05
0.00340707
1.30502e-05
0.00340581
9.94145e-06
0.00340486
7.5736e-06
0.00340412
5.76956e-06
0.00340356
4.39475e-06
0.00340313
3.34707e-06
0.00340281
2.54891e-06
0.00340256
1.94075e-06
0.00340237
1.47715e-06
0.00340223
1.1238e-06
0.00340212
8.54614e-07
0.00340204
6.49697e-07
0.00340197
4.93818e-07
0.00340193
3.75099e-07
0.00340189
2.84644e-07
0.00340186
2.15761e-07
0.00340184
1.63397e-07
0.00340183
1.23478e-07
0.00340181
9.32178e-08
0.0034018
7.02398e-08
0.0034018
5.2773e-08
0.00340179
3.94235e-08
0.00340179
2.92938e-08
0.00340179
2.15834e-08
0.00340178
1.5624e-08
0.00340178
1.12966e-08
6.73644e-09
0.00320948
-3.63371e-05
0.00323401
-9.81071e-05
0.0032651
-0.00013365
0.00329623
-0.000144953
0.00332367
-0.00013911
0.00334585
-0.000123876
0.00336278
-0.000105748
0.00337532
-8.87611e-05
0.00338454
-7.48021e-05
0.0033914
-6.44824e-05
0.00339672
-5.79037e-05
0.00340119
-5.50025e-05
0.00340529
-5.55949e-05
0.00340925
-5.97995e-05
0.00341342
-6.81753e-05
0.00341809
-8.13429e-05
0.00342351
-0.00010033
0.00342995
-0.000126769
0.00343775
-0.000163185
0.00344661
-0.000213383
0.00344892
-0.000286463
0.00344094
-0.000383132
0.0034451
-0.000460897
0.00280553
-0.000431211
4.45396e-18
-0.000290163
2.44446e-18
-1.50585e-18
1.26541e-18
-1.01929e-18
1.25837e-18
-7.65839e-19
1.42704e-18
-7.12544e-19
1.65269e-18
-7.87928e-19
2.84681e-18
-5.02488e-19
0.00237003
9.61564e-05
0.00362599
0.000224607
0.00350397
0.000325769
0.00344583
0.000354427
0.00342087
0.000340186
0.0034141
0.000299885
0.00341436
0.00024661
0.00341514
0.000195237
0.0034149
0.000151974
0.00341374
0.000117251
0.00341213
9.00257e-05
0.00341042
6.8942e-05
0.0034088
5.27202e-05
0.00340738
4.02802e-05
0.00340619
3.07576e-05
0.00340522
2.34761e-05
0.00340444
1.7913e-05
0.00340382
1.3665e-05
0.00340334
1.04222e-05
0.00340297
7.94666e-06
0.00340268
6.05717e-06
0.00340246
4.61516e-06
0.00340229
3.51512e-06
0.00340216
2.67706e-06
0.00340207
2.03853e-06
0.00340199
1.55138e-06
0.00340194
1.18e-06
0.00340189
8.9692e-07
0.00340186
6.81508e-07
0.00340184
5.17871e-07
0.00340182
3.93396e-07
0.0034018
2.98387e-07
0.00340179
2.26202e-07
0.00340179
1.71298e-07
0.00340178
1.29472e-07
0.00340178
9.77388e-08
0.00340177
7.36933e-08
0.00340177
5.53998e-08
0.00340177
4.14638e-08
0.00340177
3.09144e-08
0.00340177
2.28362e-08
0.00340176
1.67387e-08
0.00340176
1.22436e-08
7.54887e-09
0.00321304
-4.93811e-05
0.00324472
-0.000129787
0.00328238
-0.000171311
0.00331745
-0.000180019
0.00334585
-0.000167516
0.00336662
-0.000144638
0.00338063
-0.000119756
0.00338953
-9.76698e-05
0.00339493
-8.01963e-05
0.00339803
-6.75821e-05
0.00339966
-5.95444e-05
0.0034004
-5.57422e-05
0.00340057
-5.57669e-05
0.0034003
-5.9529e-05
0.00339955
-6.74183e-05
0.00339815
-7.99482e-05
0.00339576
-9.79452e-05
0.00339167
-0.00012268
0.00338448
-0.000155995
0.00337138
-0.000200284
0.00334447
-0.000259555
0.00329489
-0.000333558
0.00324188
-0.000407882
0.0032411
-0.000430434
0.00334689
-0.000395949
0.00218551
-0.000303849
0.00131353
-0.000163743
0.00096219
-4.81368e-05
0.00120706
1.10485e-05
0.00206451
7.68667e-05
0.0035921
0.0001826
0.00341999
0.000268267
0.00331195
0.000332649
0.00327661
0.000361103
0.0032796
0.000351437
0.00330016
0.000319627
0.00332679
0.000273255
0.00334946
0.000223938
0.00336588
0.000178818
0.0033772
0.000140652
0.00338486
0.000109598
0.00339
8.48843e-05
0.00339346
6.5483e-05
0.0033958
5.03716e-05
0.00339742
3.86628e-05
0.00339855
2.96243e-05
0.00339936
2.26681e-05
0.00339995
1.73282e-05
0.00340037
1.32382e-05
0.00340069
1.01079e-05
0.00340092
7.71234e-06
0.0034011
5.88066e-06
0.00340123
4.48069e-06
0.00340134
3.41163e-06
0.00340141
2.59835e-06
0.00340147
1.97904e-06
0.00340152
1.50551e-06
0.00340156
1.14451e-06
0.00340158
8.69246e-07
0.0034016
6.60132e-07
0.00340162
5.01275e-07
0.00340163
3.80533e-07
0.00340164
2.88511e-07
0.00340165
2.18661e-07
0.00340166
1.65549e-07
0.00340166
1.25098e-07
0.00340166
9.43944e-08
0.00340167
7.11203e-08
0.00340167
5.34782e-08
0.00340167
4.00752e-08
0.00340167
2.99501e-08
0.00340167
2.21397e-08
0.00340167
1.63979e-08
0.00340167
1.21588e-08
7.7153e-09
0.00321981
-6.91891e-05
0.0032631
-0.000173083
0.00330993
-0.000218141
0.00334931
-0.000219393
0.00337743
-0.000195638
0.00339468
-0.000161887
0.0034036
-0.000128679
0.00340707
-0.000101135
0.00340728
-8.04144e-05
0.00340571
-6.60057e-05
0.00340315
-5.69856e-05
0.00339993
-5.25274e-05
0.00339605
-5.18931e-05
0.00339149
-5.49651e-05
0.00338596
-6.18861e-05
0.00337894
-7.29298e-05
0.00336963
-8.86375e-05
0.0033568
-0.00010985
0.00333844
-0.000137642
0.00331127
-0.000173121
0.00326911
-0.000217392
0.00320472
-0.000269173
0.00311738
-0.000320544
0.00303567
-0.000348722
0.00298414
-0.000344417
0.00298387
-0.000303584
0.00303419
-0.000214066
0.00308232
-9.62652e-05
0.00308635
7.01939e-06
0.00305717
0.000106045
0.00303791
0.000201867
0.00303489
0.00027128
0.00305996
0.000307577
0.00310701
0.000314054
0.00316094
0.000297506
0.00321467
0.000265894
0.00326082
0.000227105
0.00329698
0.000187779
0.00332408
0.000151723
0.00334405
0.000120676
0.00335871
9.49443e-05
0.00336946
7.41353e-05
0.00337736
5.75774e-05
0.00338321
4.45203e-05
0.00338757
3.43019e-05
0.00339084
2.6353e-05
0.00339331
2.01996e-05
0.00339518
1.54587e-05
0.0033966
1.18244e-05
0.00339767
9.03634e-06
0.00339848
6.89655e-06
0.0033991
5.25812e-06
0.00339958
4.00496e-06
0.00339994
3.04736e-06
0.00340022
2.31937e-06
0.00340044
1.76556e-06
0.0034006
1.34246e-06
0.00340072
1.01982e-06
0.00340082
7.73935e-07
0.00340089
5.87369e-07
0.00340095
4.45582e-07
0.00340099
3.37835e-07
0.00340102
2.55952e-07
0.00340105
1.93797e-07
0.00340107
1.46581e-07
0.00340108
1.10696e-07
0.00340109
8.34597e-08
0.0034011
6.28295e-08
0.00340111
4.7233e-08
0.00340111
3.54152e-08
0.00340112
2.65042e-08
0.00340112
1.95959e-08
0.00340112
1.46423e-08
0.00340112
1.10104e-08
7.19626e-09
0.00323304
-0.000102228
0.00329546
-0.000235503
0.00335419
-0.000276875
0.00339625
-0.000261452
0.0034204
-0.000219792
0.00342952
-0.000171002
0.00342969
-0.000128847
0.00342527
-9.67199e-05
0.00341885
-7.39899e-05
0.00341174
-5.88969e-05
0.0034044
-4.96484e-05
0.00339694
-4.50698e-05
0.00338919
-4.41416e-05
0.00338075
-4.65311e-05
0.00337103
-5.21649e-05
0.00335924
-6.1141e-05
0.00334434
-7.37395e-05
0.00332493
-9.04432e-05
0.00329906
-0.000111775
0.00326394
-0.000138008
0.00321544
-0.000168892
0.0031488
-0.000202529
0.00306192
-0.000233671
0.00296514
-0.000251937
0.00287156
-0.000250844
0.00279185
-0.000223868
0.00274226
-0.000164482
0.00273007
-8.4073e-05
0.00273686
2.25115e-07
0.00276067
8.22422e-05
0.00280706
0.00015547
0.00287105
0.000207292
0.00294502
0.000233608
0.00302168
0.000237392
0.00309463
0.000224553
0.00315919
0.000201342
0.00321288
0.000173413
0.00325577
0.00014489
0.00328918
0.000118306
0.0033149
9.49603e-05
0.00333458
7.52625e-05
0.00334958
5.9136e-05
0.00336098
4.61769e-05
0.00336967
3.58322e-05
0.0033763
2.7668e-05
0.00338137
2.12819e-05
0.00338525
1.63222e-05
0.00338822
1.24898e-05
0.00339049
9.55024e-06
0.00339223
7.29678e-06
0.00339356
5.56828e-06
0.00339457
4.24446e-06
0.00339535
3.23158e-06
0.00339594
2.45734e-06
0.00339639
1.86779e-06
0.00339673
1.41915e-06
0.003397
1.07748e-06
0.0033972
8.17314e-07
0.00339736
6.19475e-07
0.00339747
4.69409e-07
0.00339756
3.55544e-07
0.00339763
2.69185e-07
0.00339769
2.03624e-07
0.00339773
1.5394e-07
0.00339776
1.16216e-07
0.00339778
8.76869e-08
0.0033978
6.59997e-08
0.00339781
4.96818e-08
0.00339782
3.72843e-08
0.00339783
2.7978e-08
0.00339783
2.09197e-08
0.00339784
1.54753e-08
0.00339784
1.16445e-08
0.00339784
8.94998e-09
6.00433e-09
0.00325956
-0.000161788
0.00335043
-0.000326369
0.00341898
-0.000345429
0.003454
-0.000296468
0.00346328
-0.000229072
0.0034565
-0.000164225
0.00344356
-0.000115911
0.00342899
-8.21508e-05
0.00341486
-5.98524e-05
0.00340186
-4.59066e-05
0.00339001
-3.77961e-05
0.0033789
-3.39565e-05
0.00336786
-3.31127e-05
0.00335616
-3.48314e-05
0.00334294
-3.89469e-05
0.00332727
-4.54682e-05
0.00330802
-5.44955e-05
0.00328387
-6.62936e-05
0.00325316
-8.1065e-05
0.00321378
-9.86333e-05
0.00316324
-0.000118354
0.0030992
-0.000138487
0.0030213
-0.000155775
0.00293428
-0.000164918
0.00284514
-0.000161704
0.00276367
-0.000142399
0.00270288
-0.000103691
0.00267193
-5.31244e-05
0.00267088
1.27884e-06
0.00269787
5.52484e-05
0.00275018
0.00010316
0.00281976
0.000137716
0.00289742
0.000155942
0.00297562
0.000159198
0.0030488
0.000151368
0.00311361
0.000136532
0.00316859
0.000118432
0.00321382
9.96591e-05
0.00325025
8.18806e-05
0.00327916
6.60476e-05
0.00330188
5.25384e-05
0.00331963
4.13888e-05
0.00333344
3.23724e-05
0.00334413
2.51372e-05
0.00335239
1.94087e-05
0.00335875
1.49205e-05
0.00336364
1.14324e-05
0.00336739
8.7365e-06
0.00337028
6.66822e-06
0.00337249
5.08416e-06
0.00337418
3.87236e-06
0.00337548
2.94638e-06
0.00337647
2.23925e-06
0.00337723
1.69958e-06
0.00337781
1.28876e-06
0.00337825
9.76556e-07
0.00337859
7.39504e-07
0.00337885
5.59544e-07
0.00337905
4.23069e-07
0.0033792
3.19691e-07
0.00337931
2.41438e-07
0.0033794
1.8222e-07
0.00337946
1.37413e-07
0.00337951
1.03538e-07
0.00337955
7.7962e-08
0.00337958
5.86568e-08
0.0033796
4.40943e-08
0.00337962
3.31151e-08
0.00337963
2.48423e-08
0.00337964
1.85853e-08
0.00337965
1.39238e-08
0.00337965
1.02492e-08
0.00337966
7.84915e-09
0.00337966
6.17651e-09
4.30324e-09
0.00331668
-0.000278472
0.0034149
-0.000424588
0.00346344
-0.000393968
0.00346674
-0.000299768
0.00344317
-0.000205499
0.00341234
-0.000133404
0.00338202
-8.55908e-05
0.00335568
-5.58035e-05
0.00333384
-3.80138e-05
0.0033158
-2.78662e-05
0.00330046
-2.24656e-05
0.00328657
-2.00601e-05
0.00327309
-1.9637e-05
0.00325902
-2.07634e-05
0.00324335
-2.328e-05
0.00322506
-2.71803e-05
0.00320309
-3.25266e-05
0.00317622
-3.94231e-05
0.003143
-4.78471e-05
0.00310194
-5.75786e-05
0.00305174
-6.81571e-05
0.00299162
-7.83679e-05
0.00292237
-8.65235e-05
0.00284742
-8.99752e-05
0.00277225
-8.65295e-05
0.00270446
-7.46071e-05
0.00265347
-5.27055e-05
0.00262564
-2.52913e-05
0.00262363
3.29014e-06
0.00264638
3.24904e-05
0.00269128
5.82627e-05
0.00275219
7.68071e-05
0.00282149
8.66458e-05
0.00289222
8.84684e-05
0.00295937
8.42148e-05
0.00301989
7.60066e-05
0.00307242
6.59088e-05
0.00311666
5.54188e-05
0.00315304
4.54927e-05
0.00318244
3.66476e-05
0.00320589
2.9096e-05
0.00322442
2.2853e-05
0.003239
1.77992e-05
0.00325037
1.37621e-05
0.0032592
1.05785e-05
0.00326603
8.09549e-06
0.00327128
6.17461e-06
0.00327532
4.69742e-06
0.00327842
3.56849e-06
0.0032808
2.70819e-06
0.00328262
2.05332e-06
0.00328401
1.55523e-06
0.00328507
1.17655e-06
0.00328588
8.88814e-07
0.0032865
6.70619e-07
0.00328697
5.05505e-07
0.00328733
3.80735e-07
0.0032876
2.86531e-07
0.00328781
2.15418e-07
0.00328797
1.61785e-07
0.00328809
1.21375e-07
0.00328818
9.09295e-08
0.00328825
6.8046e-08
0.0032883
5.08792e-08
0.00328834
3.80713e-08
0.00328837
2.84715e-08
0.00328839
2.13457e-08
0.00328841
1.595e-08
0.00328842
1.19651e-08
0.00328843
8.86555e-09
0.00328844
6.6853e-09
0.00328845
4.81178e-09
0.00328845
3.87657e-09
0.00328845
3.25462e-09
2.42702e-09
0.00335403
-0.000432504
0.00335156
-0.000422115
0.00327993
-0.000322344
0.00319029
-0.000210128
0.00310609
-0.000121292
0.00304014
-6.74574e-05
0.00299248
-3.79277e-05
0.0029588
-2.21255e-05
0.00293461
-1.38246e-05
0.00291634
-9.60315e-06
0.00290144
-7.5659e-06
0.00288812
-6.73792e-06
0.00287513
-6.64865e-06
0.00286144
-7.07547e-06
0.00284612
-7.95825e-06
0.00282824
-9.3085e-06
0.00280687
-1.11534e-05
0.00278097
-1.35265e-05
0.00274952
-1.63959e-05
0.00271161
-1.9676e-05
0.00266667
-2.32127e-05
0.00261483
-2.65306e-05
0.00255732
-2.90165e-05
0.0024972
-2.98561e-05
0.00243895
-2.82841e-05
0.00238823
-2.3884e-05
0.00235187
-1.6347e-05
0.00233371
-7.12731e-06
0.00233483
2.17018e-06
0.00235526
1.2056e-05
0.00239288
2.06391e-05
0.002443
2.66909e-05
0.00249994
2.97011e-05
0.00255844
2.99732e-05
0.00261445
2.8202e-05
0.00266529
2.51697e-05
0.00270962
2.15759e-05
0.00274712
1.79225e-05
0.00277808
1.45271e-05
0.00280317
1.15547e-05
0.00282321
9.06033e-06
0.00283904
7.02354e-06
0.00285144
5.39698e-06
0.00286109
4.11742e-06
0.00286854
3.12272e-06
0.00287428
2.35752e-06
0.00287868
1.77371e-06
0.00288205
1.33112e-06
0.00288462
9.97578e-07
0.00288658
7.46979e-07
0.00288807
5.58725e-07
0.00288921
4.17351e-07
0.00289008
3.11167e-07
0.00289073
2.31473e-07
0.00289123
1.71756e-07
0.00289161
1.27199e-07
0.0028919
9.40461e-08
0.00289211
6.94573e-08
0.00289228
5.11374e-08
0.0028924
3.75455e-08
0.0028925
2.7371e-08
0.00289257
1.98877e-08
0.00289262
1.43581e-08
0.00289266
1.0434e-08
0.00289269
7.55816e-09
0.00289272
5.58031e-09
0.00289273
4.05769e-09
0.00289275
3.04102e-09
0.00289276
2.17854e-09
0.00289276
1.62191e-09
0.00289277
1.15116e-09
0.00289277
8.56809e-10
0.00289278
9.27045e-10
0.00289278
1.08448e-09
8.9433e-10
0.0027675
0.00234538
0.00202304
0.00181291
0.00169162
0.00162416
0.00158623
0.0015641
0.00155028
0.00154068
0.00153311
0.00152637
0.00151972
0.00151264
0.00150469
0.00149538
0.00148422
0.0014707
0.0014543
0.00143462
0.00141141
0.00138488
0.00135586
0.001326
0.00129772
0.00127383
0.00125749
0.00125036
0.00125253
0.00126459
0.00128522
0.00131191
0.00134162
0.00137159
0.00139979
0.00142496
0.00144654
0.00146446
0.00147899
0.00149054
0.0014996
0.00150662
0.00151202
0.00151614
0.00151926
0.00152162
0.00152339
0.00152472
0.00152572
0.00152647
0.00152703
0.00152744
0.00152775
0.00152799
0.00152816
0.00152828
0.00152838
0.00152845
0.0015285
0.00152854
0.00152856
0.00152858
0.0015286
0.00152861
0.00152862
0.00152862
0.00152863
0.00152863
0.00152863
0.00152863
0.00152864
0.00152864
0.00152864
0.00152864
)
;

boundaryField
{
    ibCylinder
    {
        type            immersedBoundary;
        value           nonuniform List<scalar> 
42
(
0.00146523
0.00103572
0.000399473
-0.000255922
-0.000934317
-0.00171019
0.000803081
0.00309569
-0.00246619
-0.00143258
0.00389877
-0.00248381
-0.00141496
0.00389877
-0.00389877
0.00389877
-0.00195567
-0.0019431
0.00389877
-0.00389877
0.00389877
-0.00389877
0.00389877
-0.00389877
0.00389877
-0.00195567
-0.0019431
0.00389877
-0.00389877
0.00389877
-0.00248381
-0.00141496
0.000803081
0.00309569
-0.00246619
-0.00143258
0.00146523
0.00103572
0.000399473
-0.000255922
-0.000934317
-0.00171019
)
;
        value           nonuniform List<scalar> 0();
    }
    in
    {
        type            calculated;
        value           nonuniform List<scalar> 
25
(
-0.0032
-0.0032
-0.0032
-0.0032
-0.0032
-0.0032
-0.0032
-0.0032
-0.0032
-0.0032
-0.0032
-0.0032
-0.0032
-0.0032
-0.0032
-0.0032
-0.0032
-0.0032
-0.0032
-0.0032
-0.0032
-0.0032
-0.0032
-0.0032
-0.0032
)
;
    }
    out
    {
        type            calculated;
        value           nonuniform List<scalar> 
25
(
0.00152865
0.00289278
0.00328846
0.00337966
0.00339785
0.00340112
0.00340168
0.00340177
0.00340178
0.00340179
0.00340179
0.00340179
0.00340179
0.00340179
0.00340179
0.00340178
0.00340178
0.00340176
0.00340167
0.00340112
0.00339784
0.00337966
0.00328846
0.00289278
0.00152864
)
;
    }
    top
    {
        type            calculated;
        value           uniform 0;
    }
    bottom
    {
        type            calculated;
        value           uniform 0;
    }
    frontAndBack
    {
        type            empty;
        value           nonuniform List<scalar> 0();
    }
}


// ************************************************************************* //
