/*--------------------------------*- C++ -*----------------------------------*\
| =========                 |                                                 |
| \\      /  F ield         | OpenFOAM: The Open Source CFD Toolbox           |
|  \\    /   O peration     | Version:  2206                                  |
|   \\  /    A nd           | Website:  www.openfoam.com                      |
|    \\/     M anipulation  |                                                 |
\*---------------------------------------------------------------------------*/
FoamFile
{
    version     2.0;
    format      ascii;
    arch        "LSB;label=32;scalar=64";
    class       volVectorField;
    location    "0.1";
    object      U;
}
// * * * * * * * * * * * * * * * * * * * * * * * * * * * * * * * * * * * * * //

dimensions      [0 1 -1 0 0 0 0];

internalField   nonuniform List<vector> 
1875
(
(0.792375 0.0170058 0)
(0.769195 0.0681225 0)
(0.691605 0.0662106 0)
(0.598472 0.040332 0)
(0.542247 0.0180147 0)
(0.515414 0.00777213 0)
(0.500421 0.00341037 0)
(0.491607 0.00161834 0)
(0.486284 0.000882854 0)
(0.482789 0.000582159 0)
(0.480205 0.000465069 0)
(0.478027 0.000431557 0)
(0.475976 0.000440749 0)
(0.473866 0.000478048 0)
(0.471551 0.000542906 0)
(0.468886 0.000639166 0)
(0.465726 0.000769693 0)
(0.461904 0.00093676 0)
(0.457258 0.00113721 0)
(0.451637 0.0013654 0)
(0.444927 0.00161264 0)
(0.437104 0.00183446 0)
(0.42832 0.00198233 0)
(0.418963 0.00199825 0)
(0.409677 0.00183804 0)
(0.401302 0.0014793 0)
(0.394837 0.00092208 0)
(0.391162 0.000280993 0)
(0.390447 -0.00038183 0)
(0.392683 -0.00110647 0)
(0.397971 -0.00164546 0)
(0.405574 -0.00197159 0)
(0.414571 -0.00207127 0)
(0.424053 -0.00198414 0)
(0.433244 -0.0017716 0)
(0.441629 -0.00149355 0)
(0.448948 -0.00120396 0)
(0.455106 -0.000937018 0)
(0.460152 -0.000709038 0)
(0.464194 -0.000524987 0)
(0.467383 -0.000381621 0)
(0.469864 -0.000273093 0)
(0.471778 -0.000192887 0)
(0.47324 -0.000134104 0)
(0.474354 -9.14311e-05 0)
(0.475193 -6.10031e-05 0)
(0.475827 -3.96455e-05 0)
(0.476301 -2.49752e-05 0)
(0.476658 -1.51012e-05 0)
(0.476923 -8.60286e-06 0)
(0.477123 -4.34141e-06 0)
(0.477271 -1.63928e-06 0)
(0.477383 5.19033e-08 0)
(0.477465 1.00999e-06 0)
(0.477526 1.51886e-06 0)
(0.477572 1.7121e-06 0)
(0.477605 1.72636e-06 0)
(0.47763 1.61437e-06 0)
(0.477648 1.42212e-06 0)
(0.477662 1.19353e-06 0)
(0.477672 9.61728e-07 0)
(0.47768 7.67636e-07 0)
(0.477685 5.89714e-07 0)
(0.477689 4.54426e-07 0)
(0.477692 3.01643e-07 0)
(0.477695 1.84581e-07 0)
(0.477696 9.91732e-08 0)
(0.477698 7.11671e-08 0)
(0.477699 -2.24152e-09 0)
(0.4777 3.8387e-09 0)
(0.4777 -7.48283e-08 0)
(0.477701 -8.01475e-08 0)
(0.477702 -1.45877e-07 0)
(0.477702 -1.1966e-07 0)
(0.477703 -1.79714e-07 0)
(1.01135 0.118894 0)
(1.04847 0.153698 0)
(1.04204 0.130461 0)
(1.01377 0.092634 0)
(0.982958 0.059143 0)
(0.958912 0.0356641 0)
(0.941598 0.0212169 0)
(0.929184 0.0128538 0)
(0.920354 0.00823429 0)
(0.913908 0.00579356 0)
(0.90888 0.00458388 0)
(0.904566 0.00407953 0)
(0.900542 0.00401851 0)
(0.896447 0.00428013 0)
(0.891982 0.00482123 0)
(0.886865 0.00564034 0)
(0.880808 0.0067496 0)
(0.873498 0.00816679 0)
(0.864613 0.00987584 0)
(0.853828 0.0118142 0)
(0.840893 0.0138802 0)
(0.825718 0.0157975 0)
(0.808444 0.0171789 0)
(0.789762 0.0175557 0)
(0.770842 0.016521 0)
(0.753367 0.0139058 0)
(0.739311 0.00956719 0)
(0.730624 0.0042168 0)
(0.728044 -0.00121523 0)
(0.731481 -0.00693349 0)
(0.740849 -0.0119097 0)
(0.754956 -0.0154225 0)
(0.772099 -0.0172103 0)
(0.790478 -0.0174699 0)
(0.808607 -0.0165678 0)
(0.825434 -0.014919 0)
(0.840356 -0.0128942 0)
(0.853136 -0.0107909 0)
(0.863789 -0.00880881 0)
(0.872493 -0.00705131 0)
(0.879477 -0.00556147 0)
(0.885019 -0.00433817 0)
(0.889376 -0.00335634 0)
(0.892773 -0.00257888 0)
(0.895406 -0.00197027 0)
(0.897435 -0.00149852 0)
(0.898993 -0.00113583 0)
(0.900186 -0.000858693 0)
(0.901097 -0.000648288 0)
(0.901792 -0.000488919 0)
(0.902322 -0.000368341 0)
(0.902725 -0.000277144 0)
(0.903032 -0.000208235 0)
(0.903265 -0.000156193 0)
(0.903442 -0.000117001 0)
(0.903577 -8.75515e-05 0)
(0.903678 -6.54609e-05 0)
(0.903756 -4.89214e-05 0)
(0.903814 -3.6538e-05 0)
(0.903858 -2.72877e-05 0)
(0.903892 -2.0376e-05 0)
(0.903917 -1.52412e-05 0)
(0.903936 -1.14199e-05 0)
(0.90395 -8.59554e-06 0)
(0.903962 -6.50406e-06 0)
(0.90397 -4.96844e-06 0)
(0.903976 -3.7997e-06 0)
(0.903981 -2.93559e-06 0)
(0.903985 -2.26844e-06 0)
(0.903987 -1.7833e-06 0)
(0.90399 -1.45273e-06 0)
(0.903991 -1.19583e-06 0)
(0.903993 -1.04931e-06 0)
(0.903994 -9.25668e-07 0)
(0.903995 -8.02352e-07 0)
(1.01409 0.0741793 0)
(1.05238 0.122002 0)
(1.07663 0.117883 0)
(1.0869 0.0952916 0)
(1.08101 0.0700422 0)
(1.07143 0.0483421 0)
(1.06153 0.0328575 0)
(1.05254 0.0225048 0)
(1.04497 0.0159033 0)
(1.03878 0.0119085 0)
(1.03365 0.00966584 0)
(1.02917 0.00860326 0)
(1.02498 0.00836639 0)
(1.02075 0.00879879 0)
(1.01618 0.00983637 0)
(1.01095 0.011471 0)
(1.00475 0.0137291 0)
(0.997218 0.0166552 0)
(0.987949 0.0202459 0)
(0.976443 0.0244279 0)
(0.962257 0.0290143 0)
(0.945048 0.0335224 0)
(0.924606 0.0372616 0)
(0.901795 0.0390403 0)
(0.877692 0.0379068 0)
(0.854771 0.0330524 0)
(0.835527 0.0236704 0)
(0.822784 0.0117269 0)
(0.818363 -0.00065629 0)
(0.821679 -0.0131296 0)
(0.832605 -0.0243838 0)
(0.84963 -0.0326445 0)
(0.870611 -0.0371404 0)
(0.892941 -0.0380756 0)
(0.914782 -0.0363341 0)
(0.934851 -0.0328496 0)
(0.952563 -0.0285637 0)
(0.967674 -0.0240988 0)
(0.980215 -0.0198487 0)
(0.990416 -0.0160453 0)
(0.998591 -0.0127816 0)
(1.00507 -0.0100628 0)
(1.01018 -0.00784734 0)
(1.01418 -0.00607566 0)
(1.01729 -0.0046785 0)
(1.0197 -0.00358796 0)
(1.02156 -0.00274298 0)
(1.02299 -0.00209228 0)
(1.02409 -0.00159404 0)
(1.02493 -0.00121328 0)
(1.02557 -0.000922519 0)
(1.02606 -0.000700712 0)
(1.02644 -0.000531638 0)
(1.02673 -0.000402838 0)
(1.02695 -0.000304941 0)
(1.02711 -0.000230684 0)
(1.02724 -0.000174436 0)
(1.02734 -0.000131836 0)
(1.02741 -9.96006e-05 0)
(1.02747 -7.52253e-05 0)
(1.02751 -5.68378e-05 0)
(1.02754 -4.29688e-05 0)
(1.02757 -3.25352e-05 0)
(1.02759 -2.46692e-05 0)
(1.0276 -1.87437e-05 0)
(1.02761 -1.42582e-05 0)
(1.02762 -1.08715e-05 0)
(1.02763 -8.30681e-06 0)
(1.02763 -6.39024e-06 0)
(1.02763 -4.9541e-06 0)
(1.02764 -3.90111e-06 0)
(1.02764 -3.09059e-06 0)
(1.02764 -2.51388e-06 0)
(1.02764 -2.02529e-06 0)
(1.02764 -1.60746e-06 0)
(1.00579 0.0400076 0)
(1.03122 0.084643 0)
(1.05891 0.0958766 0)
(1.07602 0.08816 0)
(1.08307 0.0719139 0)
(1.08193 0.0537623 0)
(1.07844 0.0393416 0)
(1.07392 0.0287229 0)
(1.06929 0.021417 0)
(1.06506 0.0167051 0)
(1.06116 0.0138901 0)
(1.05764 0.0125809 0)
(1.05423 0.0123223 0)
(1.05073 0.0129768 0)
(1.04691 0.0145086 0)
(1.04247 0.0169352 0)
(1.03712 0.0202982 0)
(1.03045 0.024717 0)
(1.02202 0.030318 0)
(1.01124 0.0370866 0)
(0.99737 0.0448299 0)
(0.979592 0.052944 0)
(0.957276 0.0601292 0)
(0.931038 0.0641211 0)
(0.902761 0.0634043 5.31722e-34)
(0.8752 0.0564743 -5.36307e-34)
(0.851928 0.0418275 0)
(0.837421 0.0221707 0)
(0.832574 0.000477473 0)
(0.836906 -0.0209968 0)
(0.849697 -0.0398979 0)
(0.869365 -0.0532779 0)
(0.893049 -0.0602236 0)
(0.917962 -0.0614045 0)
(0.941922 -0.0583144 0)
(0.963628 -0.0525555 0)
(0.98237 -0.0455187 0)
(0.997973 -0.0382432 0)
(1.01064 -0.0313847 0)
(1.02074 -0.0252975 0)
(1.02871 -0.0201211 0)
(1.03495 -0.0158765 0)
(1.03981 -0.0124585 0)
(1.04358 -0.00969988 0)
(1.04649 -0.00750452 0)
(1.04874 -0.00577777 0)
(1.05047 -0.00443264 0)
(1.0518 -0.00338879 0)
(1.05282 -0.00258552 0)
(1.0536 -0.00197051 0)
(1.0542 -0.00150094 0)
(1.05466 -0.00114254 0)
(1.05501 -0.000868859 0)
(1.05528 -0.000660005 0)
(1.05549 -0.000501004 0)
(1.05564 -0.000380199 0)
(1.05576 -0.00028843 0)
(1.05586 -0.000218708 0)
(1.05592 -0.000165748 0)
(1.05598 -0.000125582 0)
(1.05602 -9.51715e-05 0)
(1.05605 -7.21612e-05 0)
(1.05607 -5.47632e-05 0)
(1.05609 -4.15838e-05 0)
(1.0561 -3.15944e-05 0)
(1.05611 -2.40117e-05 0)
(1.05612 -1.82686e-05 0)
(1.05613 -1.39354e-05 0)
(1.05613 -1.06812e-05 0)
(1.05614 -8.24868e-06 0)
(1.05614 -6.41599e-06 0)
(1.05614 -5.01105e-06 0)
(1.05614 -3.97675e-06 0)
(1.05614 -3.12939e-06 0)
(1.05614 -2.37517e-06 0)
(1.00306 0.0259622 0)
(1.0184 0.0621892 0)
(1.03906 0.0762161 0)
(1.05589 0.0748168 0)
(1.06658 0.065205 0)
(1.07128 0.0527267 0)
(1.07224 0.0409133 0)
(1.07131 0.0315129 0)
(1.06949 0.0246622 0)
(1.06732 0.0199935 0)
(1.06504 0.0170775 0)
(1.06275 0.0155706 0)
(1.06039 0.015267 0)
(1.05789 0.0161014 0)
(1.05511 0.0180726 0)
(1.05183 0.0212301 0)
(1.04775 0.0257004 0)
(1.04253 0.0316765 0)
(1.03563 0.0393762 0)
(1.02635 0.0489834 0)
(1.01363 0.060557 0)
(0.995925 0.0735654 0)
(0.971763 0.0861215 0)
(0.942226 0.0938825 0)
(0.910937 0.0945839 0)
(0.883233 0.084434 0)
(0.861146 0.0602071 0)
(0.853275 0.0294696 0)
(0.852836 -0.0010828 0)
(0.8578 -0.0307012 0)
(0.868461 -0.0575633 0)
(0.886062 -0.0760465 0)
(0.908332 -0.085557 0)
(0.932462 -0.0869206 0)
(0.956251 -0.0819523 0)
(0.977966 -0.0732263 0)
(0.996496 -0.062828 0)
(1.01151 -0.0522724 0)
(1.0233 -0.0425117 0)
(1.03241 -0.0340104 0)
(1.03938 -0.0268854 0)
(1.04471 -0.0210674 0)
(1.04876 -0.0164045 0)
(1.05184 -0.0127092 0)
(1.05419 -0.00980676 0)
(1.05599 -0.00754227 0)
(1.05736 -0.0057857 0)
(1.05841 -0.00443289 0)
(1.05922 -0.00339884 0)
(1.05984 -0.00260423 0)
(1.06031 -0.00199107 0)
(1.06067 -0.00151946 0)
(1.06094 -0.0011578 0)
(1.06115 -0.000880844 0)
(1.06131 -0.000669804 0)
(1.06143 -0.000509051 0)
(1.06153 -0.000386666 0)
(1.0616 -0.000293452 0)
(1.06165 -0.00022258 0)
(1.06169 -0.000168895 0)
(1.06173 -0.000128182 0)
(1.06175 -9.73415e-05 0)
(1.06177 -7.3909e-05 0)
(1.06178 -5.61739e-05 0)
(1.06179 -4.26591e-05 0)
(1.0618 -3.24434e-05 0)
(1.06181 -2.46659e-05 0)
(1.06181 -1.8833e-05 0)
(1.06182 -1.44059e-05 0)
(1.06182 -1.10999e-05 0)
(1.06182 -8.58994e-06 0)
(1.06182 -6.6569e-06 0)
(1.06182 -5.24864e-06 0)
(1.06183 -4.07504e-06 0)
(1.06183 -3.04612e-06 0)
(1.00181 0.0182735 0)
(1.01157 0.0464974 0)
(1.02666 0.0600682 0)
(1.04103 0.0619673 0)
(1.05195 0.0567253 0)
(1.05892 0.048179 0)
(1.06274 0.0392434 0)
(1.06447 0.0315151 0)
(1.06493 0.0255111 0)
(1.06464 0.0212346 0)
(1.06394 0.0185323 0)
(1.06304 0.0172277 0)
(1.06195 0.017115 0)
(1.06063 0.0182032 0)
(1.05909 0.020558 0)
(1.05719 0.0242996 0)
(1.05472 0.0296434 0)
(1.05139 0.0369147 0)
(1.04672 0.0465604 0)
(1.03995 0.0591005 0)
(1.02969 0.0752262 0)
(1.01346 0.0946894 0)
(0.988743 0.114248 0)
(0.960638 0.123784 0)
(0.93557 0.118589 0)
(0.927826 0.104073 0)
(0.938923 0.0714925 0)
(0.958145 0.0267571 0)
(0.967105 -0.00694709 0)
(0.962012 -0.0397282 0)
(0.950933 -0.0752487 0)
(0.946648 -0.0967384 0)
(0.950408 -0.108287 0)
(0.962684 -0.110088 0)
(0.979149 -0.104408 0)
(0.99658 -0.0930452 0)
(1.01252 -0.0791225 0)
(1.02539 -0.0650781 0)
(1.03515 -0.052287 0)
(1.04236 -0.0413813 0)
(1.04764 -0.0324239 0)
(1.05152 -0.0252315 0)
(1.05437 -0.0195403 0)
(1.05647 -0.0150766 0)
(1.05803 -0.0115982 0)
(1.0592 -0.00890092 0)
(1.06008 -0.00681798 0)
(1.06074 -0.00521417 0)
(1.06124 -0.00398326 0)
(1.06163 -0.0030404 0)
(1.06192 -0.00231923 0)
(1.06214 -0.00176791 0)
(1.0623 -0.0013467 0)
(1.06243 -0.00102519 0)
(1.06253 -0.000781749 0)
(1.06261 -0.000596593 0)
(1.06267 -0.000454483 0)
(1.06271 -0.00034585 0)
(1.06274 -0.00026287 0)
(1.06277 -0.000199846 0)
(1.06279 -0.000151879 0)
(1.0628 -0.000115381 0)
(1.06282 -8.76872e-05 0)
(1.06282 -6.66568e-05 0)
(1.06283 -5.06821e-05 0)
(1.06284 -3.85183e-05 0)
(1.06284 -2.93228e-05 0)
(1.06284 -2.23729e-05 0)
(1.06285 -1.71452e-05 0)
(1.06285 -1.31875e-05 0)
(1.06285 -1.0192e-05 0)
(1.06285 -7.87512e-06 0)
(1.06285 -6.15967e-06 0)
(1.06285 -4.77446e-06 0)
(1.06285 -3.53051e-06 0)
(1.00118 0.0133041 0)
(1.0079 0.0351188 0)
(1.01935 0.0470995 0)
(1.03141 0.0504043 0)
(1.04169 0.0477942 0)
(1.04938 0.042053 0)
(1.05468 0.0354666 0)
(1.05814 0.0294187 0)
(1.06028 0.0245208 0)
(1.06154 0.020929 0)
(1.06223 0.0186316 0)
(1.06257 0.0175935 0)
(1.06269 0.0177345 0)
(1.06269 0.0189957 0)
(1.06254 0.0215824 0)
(1.06223 0.0256753 0)
(1.0617 0.0315678 0)
(1.06079 0.0397231 0)
(1.05919 0.0508408 0)
(1.05644 0.0659023 0)
(1.05093 0.0868079 0)
(1.03929 0.113785 0)
(1.01872 0.139398 0)
(1.00823 0.140764 0)
(1.01823 0.118923 0)
(1.06394 0.0807559 0)
(1.12703 0.0288335 0)
(1.16741 0.00579941 -5.60559e-17)
(1.17832 0.000399467 -4.97105e-17)
(1.16459 -0.00726693 -1.10888e-18)
(1.13814 -0.0306055 0)
(1.09323 -0.0627837 0)
(1.04609 -0.0984124 0)
(1.02546 -0.115274 0)
(1.02256 -0.115134 0)
(1.02721 -0.106777 0)
(1.03547 -0.091637 0)
(1.04358 -0.0748738 0)
(1.04971 -0.0594656 0)
(1.05393 -0.0465079 0)
(1.05679 -0.0360597 0)
(1.05872 -0.0278129 0)
(1.06001 -0.0213823 0)
(1.06088 -0.016403 0)
(1.06148 -0.0125636 0)
(1.0619 -0.00961136 0)
(1.06219 -0.00734603 0)
(1.0624 -0.00561102 0)
(1.06256 -0.0042839 0)
(1.06267 -0.00326938 0)
(1.06276 -0.0024938 0)
(1.06282 -0.00190116 0)
(1.06287 -0.00144846 0)
(1.0629 -0.0011029 0)
(1.06293 -0.00083952 0)
(1.06295 -0.000638911 0)
(1.06297 -0.000486014 0)
(1.06298 -0.000369496 0)
(1.06299 -0.000280774 0)
(1.063 -0.000213333 0)
(1.063 -0.000162401 0)
(1.06301 -0.000123771 0)
(1.06301 -9.42248e-05 0)
(1.06301 -7.17222e-05 0)
(1.06302 -5.46184e-05 0)
(1.06302 -4.15541e-05 0)
(1.06302 -3.16949e-05 0)
(1.06302 -2.42106e-05 0)
(1.06302 -1.85684e-05 0)
(1.06302 -1.42563e-05 0)
(1.06302 -1.1017e-05 0)
(1.06302 -8.50432e-06 0)
(1.06302 -6.6208e-06 0)
(1.06302 -5.15702e-06 0)
(1.06302 -3.78072e-06 0)
(1.00085 0.0098375 0)
(1.00586 0.0265395 0)
(1.01495 0.0365472 0)
(1.02522 0.0401566 0)
(1.03468 0.0390576 0)
(1.0425 0.0352639 0)
(1.04856 0.0305255 0)
(1.05309 0.0259686 0)
(1.05642 0.0221595 0)
(1.05888 0.0193207 0)
(1.06073 0.0175229 0)
(1.06221 0.0167627 0)
(1.06353 0.0170157 0)
(1.06478 0.0183977 0)
(1.06604 0.0210521 0)
(1.06741 0.0251894 0)
(1.06899 0.0311503 0)
(1.07088 0.0394731 0)
(1.07312 0.0510038 0)
(1.07616 0.0670908 0)
(1.07862 0.0916101 0)
(1.07634 0.124676 0)
(1.07092 0.149579 0)
(1.07592 0.133167 4.08078e-18)
(1.09425 0.0749245 6.30916e-48)
(0 0 0)
(0 0 0)
(0 0 0)
(0 0 0)
(0 0 0)
(0 0 0)
(1.1925 -0.00720062 0)
(1.15709 -0.043099 0)
(1.10758 -0.0877053 0)
(1.08234 -0.106085 0)
(1.07125 -0.105866 0)
(1.06702 -0.0957464 0)
(1.06659 -0.0792035 0)
(1.06714 -0.0625157 0)
(1.06727 -0.0484457 0)
(1.06701 -0.0371991 0)
(1.06655 -0.0284399 0)
(1.06601 -0.0216995 0)
(1.06548 -0.0165434 0)
(1.06501 -0.0126091 0)
(1.0646 -0.00960995 0)
(1.06426 -0.00732437 0)
(1.06399 -0.00558265 0)
(1.06378 -0.00425541 0)
(1.06361 -0.00324364 0)
(1.06348 -0.00247212 0)
(1.06338 -0.00188366 0)
(1.0633 -0.0014349 0)
(1.06324 -0.00109282 0)
(1.06319 -0.000832311 0)
(1.06316 -0.00063383 0)
(1.06313 -0.000482491 0)
(1.06311 -0.000367097 0)
(1.0631 -0.000279197 0)
(1.06309 -0.000212346 0)
(1.06308 -0.000161505 0)
(1.06307 -0.00012284 0)
(1.06307 -9.33901e-05 0)
(1.06306 -7.10397e-05 0)
(1.06306 -5.40295e-05 0)
(1.06306 -4.11456e-05 0)
(1.06306 -3.13952e-05 0)
(1.06305 -2.40702e-05 0)
(1.06305 -1.84709e-05 0)
(1.06305 -1.42251e-05 0)
(1.06305 -1.09872e-05 0)
(1.06305 -8.51461e-06 0)
(1.06305 -6.61279e-06 0)
(1.06305 -5.18262e-06 0)
(1.06305 -3.80738e-06 0)
(1.00068 0.00721427 0)
(1.00466 0.0196991 0)
(1.01222 0.0276702 0)
(1.0212 0.0309941 0)
(1.02994 0.0306949 0)
(1.03766 0.0282322 0)
(1.04409 0.0249146 0)
(1.0493 0.0216082 0)
(1.05346 0.0187812 0)
(1.05682 0.0166527 0)
(1.05963 0.0153161 0)
(1.0621 0.0148081 0)
(1.06446 0.0151736 0)
(1.06683 0.0165211 0)
(1.0694 0.018995 0)
(1.07237 0.0227971 0)
(1.076 0.028234 0)
(1.08067 0.0357725 0)
(1.08689 0.0460382 0)
(1.09672 0.0601094 0)
(1.11035 0.0834459 0)
(1.11378 0.113984 0)
(1.09389 0.12846 0)
(1.14037 0.0884225 0)
(0 0 0)
(0 0 0)
(0 0 0)
(0 0 0)
(0 0 0)
(0 0 0)
(0 0 0)
(0 0 0)
(1.21008 -0.00958826 -2.42417e-17)
(1.18067 -0.041593 -7.28518e-18)
(1.14127 -0.0789851 0)
(1.11768 -0.0910498 0)
(1.10257 -0.0875413 0)
(1.09256 -0.0750732 0)
(1.08621 -0.0599557 0)
(1.08149 -0.0463381 0)
(1.07766 -0.0353346 0)
(1.07455 -0.0268061 0)
(1.07204 -0.0203105 0)
(1.07004 -0.0153929 0)
(1.06845 -0.0116761 0)
(1.06721 -0.00886552 0)
(1.06625 -0.00673758 0)
(1.0655 -0.00512419 0)
(1.06493 -0.00389931 0)
(1.06449 -0.00296835 0)
(1.06415 -0.00226011 0)
(1.06389 -0.00172098 0)
(1.06369 -0.00131048 0)
(1.06354 -0.000997896 0)
(1.06342 -0.000759868 0)
(1.06333 -0.000578576 0)
(1.06327 -0.000440396 0)
(1.06322 -0.000335133 0)
(1.06318 -0.000254979 0)
(1.06315 -0.000194031 0)
(1.06313 -0.000147667 0)
(1.06311 -0.000112396 0)
(1.0631 -8.55257e-05 0)
(1.06309 -6.51058e-05 0)
(1.06308 -4.95882e-05 0)
(1.06307 -3.78238e-05 0)
(1.06307 -2.88912e-05 0)
(1.06307 -2.21273e-05 0)
(1.06306 -1.699e-05 0)
(1.06306 -1.3093e-05 0)
(1.06306 -1.01159e-05 0)
(1.06306 -7.86686e-06 0)
(1.06306 -6.12657e-06 0)
(1.06306 -4.85276e-06 0)
(1.06306 -3.5912e-06 0)
(1.00057 0.00508035 0)
(1.00391 0.0139534 0)
(1.01048 0.0199309 0)
(1.0186 0.0226411 0)
(1.0268 0.0226998 0)
(1.03435 0.021148 0)
(1.04096 0.0189214 0)
(1.04658 0.0166444 0)
(1.05131 0.0146678 0)
(1.05534 0.0131709 0)
(1.05889 0.0122445 0)
(1.06215 0.0119419 0)
(1.06534 0.0123253 0)
(1.06866 0.0134912 0)
(1.07233 0.0155582 0)
(1.07665 0.0186837 0)
(1.08195 0.0230761 0)
(1.08877 0.0289822 0)
(1.09749 0.0362488 0)
(1.11251 0.0462863 0)
(1.11959 0.0747021 0)
(1.07456 0.114145 0)
(1.07459 0.109586 0)
(0 0 0)
(0 0 0)
(0 0 0)
(0 0 0)
(0 0 0)
(0 0 0)
(0 0 0)
(0 0 0)
(0 0 0)
(0 0 0)
(1.21134 -0.0136982 -1.50063e-18)
(1.18606 -0.0445417 0)
(1.15682 -0.0669287 0)
(1.1348 -0.0704879 0)
(1.11785 -0.0631492 0)
(1.10492 -0.0512461 0)
(1.09523 -0.0398301 0)
(1.08774 -0.0302503 0)
(1.082 -0.0228147 0)
(1.07757 -0.0171825 0)
(1.07417 -0.012955 0)
(1.07155 -0.009785 0)
(1.06955 -0.00740476 0)
(1.06801 -0.00561279 0)
(1.06684 -0.00426029 0)
(1.06594 -0.00323689 0)
(1.06525 -0.00246117 0)
(1.06473 -0.00187223 0)
(1.06433 -0.00142476 0)
(1.06403 -0.00108444 0)
(1.06379 -0.000825578 0)
(1.06362 -0.000628497 0)
(1.06348 -0.000478451 0)
(1.06338 -0.000364138 0)
(1.0633 -0.000277133 0)
(1.06324 -0.000210901 0)
(1.0632 -0.000160538 0)
(1.06316 -0.0001222 0)
(1.06314 -9.30092e-05 0)
(1.06312 -7.07999e-05 0)
(1.0631 -5.39188e-05 0)
(1.06309 -4.11238e-05 0)
(1.06308 -3.14093e-05 0)
(1.06308 -2.40579e-05 0)
(1.06307 -1.84576e-05 0)
(1.06307 -1.42348e-05 0)
(1.06306 -1.09978e-05 0)
(1.06306 -8.5477e-06 0)
(1.06306 -6.69419e-06 0)
(1.06306 -5.24685e-06 0)
(1.06306 -4.1825e-06 0)
(1.06306 -3.17063e-06 0)
(1.0005 0.00322905 0)
(1.00344 0.0089554 0)
(1.00941 0.0129345 0)
(1.01695 0.0148175 0)
(1.02481 0.0149808 0)
(1.03223 0.0140783 0)
(1.03892 0.0127122 0)
(1.04478 0.0112901 0)
(1.04989 0.0100441 0)
(1.05437 0.00909878 0)
(1.05843 0.00852298 0)
(1.06225 0.00836516 0)
(1.06607 0.00868007 0)
(1.07009 0.0095387 0)
(1.0746 0.011025 0)
(1.07988 0.0132533 0)
(1.0863 0.0163508 0)
(1.09422 0.0205279 0)
(1.10384 0.0258137 0)
(1.11551 0.0361366 0)
(1.11873 0.0638845 0)
(1.12247 0.0874382 0)
(1.01063 0.0775941 0)
(0 0 0)
(0 0 0)
(0 0 0)
(0 0 0)
(0 0 0)
(0 0 0)
(0 0 0)
(0 0 0)
(0 0 0)
(0 0 0)
(1.22019 -0.00408336 8.13512e-18)
(1.20865 -0.0211585 4.00464e-17)
(1.18549 -0.0422817 0)
(1.16013 -0.0485619 0)
(1.13815 -0.0451469 0)
(1.12059 -0.0372975 0)
(1.10667 -0.0290801 0)
(1.09611 -0.0221238 0)
(1.08809 -0.0166361 0)
(1.08205 -0.0124747 0)
(1.07748 -0.00936846 0)
(1.07402 -0.00705267 0)
(1.07139 -0.00532297 0)
(1.0694 -0.00402666 0)
(1.06788 -0.00305151 0)
(1.06673 -0.00231568 0)
(1.06585 -0.001759 0)
(1.06518 -0.00133712 0)
(1.06468 -0.00101697 0)
(1.06429 -0.0007738 0)
(1.06399 -0.000588906 0)
(1.06377 -0.000448232 0)
(1.0636 -0.000341132 0)
(1.06347 -0.000259615 0)
(1.06337 -0.000197585 0)
(1.06329 -0.000150413 0)
(1.06324 -0.000114513 0)
(1.06319 -8.71866e-05 0)
(1.06316 -6.63762e-05 0)
(1.06314 -5.05544e-05 0)
(1.06312 -3.85497e-05 0)
(1.0631 -2.94576e-05 0)
(1.06309 -2.25678e-05 0)
(1.06308 -1.73357e-05 0)
(1.06308 -1.33698e-05 0)
(1.06307 -1.03555e-05 0)
(1.06307 -8.06958e-06 0)
(1.06306 -6.32536e-06 0)
(1.06306 -5.0277e-06 0)
(1.06306 -4.00497e-06 0)
(1.06306 -3.24742e-06 0)
(1.06306 -2.56595e-06 0)
(1.00046 0.00156873 0)
(1.00318 0.00439226 0)
(1.00881 0.00637592 0)
(1.01603 0.00733086 0)
(1.02368 0.00744441 0)
(1.03103 0.00703129 0)
(1.03775 0.00638231 0)
(1.04376 0.00569934 0)
(1.04907 0.00509825 0)
(1.05382 0.00464241 0)
(1.05818 0.00436853 0)
(1.06235 0.00430464 0)
(1.06655 0.00448214 0)
(1.07101 0.00493939 0)
(1.07605 0.00572229 0)
(1.08197 0.00689975 0)
(1.08921 0.00855964 0)
(1.09806 0.0108784 0)
(1.10967 0.014665 0)
(1.1205 0.0209038 0)
(1.12873 0.0365743 0)
(1.00021 0.0486957 0)
(0 0 0)
(0 0 0)
(0 0 0)
(0 0 0)
(0 0 0)
(0 0 0)
(0 0 0)
(0 0 0)
(0 0 0)
(0 0 0)
(0 0 0)
(0 0 0)
(1.21656 -0.00799829 -7.09256e-19)
(1.20155 -0.0196586 0)
(1.17561 -0.0242571 0)
(1.15095 -0.0234176 0)
(1.13072 -0.0196086 0)
(1.11415 -0.0153322 0)
(1.10161 -0.0116794 0)
(1.09208 -0.00877037 0)
(1.08497 -0.00656328 0)
(1.07963 -0.00491758 0)
(1.07561 -0.00369369 0)
(1.07257 -0.00278296 0)
(1.07028 -0.00210245 0)
(1.06855 -0.00159165 0)
(1.06723 -0.00120684 0)
(1.06623 -0.000916063 0)
(1.06547 -0.000695963 0)
(1.06489 -0.000529088 0)
(1.06445 -0.000402459 0)
(1.06412 -0.000306202 0)
(1.06387 -0.000232994 0)
(1.06367 -0.000177258 0)
(1.06352 -0.000134892 0)
(1.06341 -0.000102659 0)
(1.06333 -7.81936e-05 0)
(1.06326 -5.95521e-05 0)
(1.06321 -4.53787e-05 0)
(1.06317 -3.45711e-05 0)
(1.06315 -2.63884e-05 0)
(1.06312 -2.01822e-05 0)
(1.06311 -1.55143e-05 0)
(1.0631 -1.19743e-05 0)
(1.06309 -9.29526e-06 0)
(1.06308 -7.26232e-06 0)
(1.06307 -5.71822e-06 0)
(1.06307 -4.55439e-06 0)
(1.06307 -3.66774e-06 0)
(1.06306 -3.01918e-06 0)
(1.06306 -2.50411e-06 0)
(1.06306 -2.12972e-06 0)
(1.06306 -1.83331e-06 0)
(1.00044 1.94788e-05 0)
(1.00303 7.99337e-06 0)
(1.00859 6.99268e-06 0)
(1.01574 3.40568e-06 0)
(1.02332 5.13331e-07 0)
(1.03065 -1.78598e-06 0)
(1.03738 -3.09257e-06 0)
(1.04342 -3.68174e-06 0)
(1.04881 -3.66435e-06 0)
(1.05364 -3.39734e-06 0)
(1.0581 -2.69748e-06 0)
(1.06239 -1.74503e-06 0)
(1.06671 -6.21292e-07 0)
(1.07133 5.48318e-07 0)
(1.07656 1.67301e-06 0)
(1.08271 2.8055e-06 0)
(1.09031 3.33884e-06 0)
(1.09965 2.44147e-06 0)
(1.11246 5.912e-07 0)
(1.1252 -2.00129e-06 0)
(1.14562 -1.15443e-05 0)
(1.06075 1.70054e-06 0)
(0 0 0)
(0 0 0)
(0 0 0)
(0 0 0)
(0 0 0)
(0 0 0)
(0 0 0)
(0 0 0)
(0 0 0)
(0 0 0)
(0 0 0)
(0 0 0)
(1.21868 1.54236e-05 0)
(1.20634 4.84868e-06 0)
(1.18127 1.79829e-05 0)
(1.15552 2.24192e-05 0)
(1.13431 7.46274e-06 0)
(1.11676 -2.76923e-06 0)
(1.10357 -6.8368e-06 0)
(1.09347 -5.42603e-06 0)
(1.08599 -2.87908e-06 0)
(1.08037 -7.71118e-07 0)
(1.07615 2.16782e-07 0)
(1.07298 5.07018e-07 0)
(1.07059 4.88044e-07 0)
(1.06878 4.77267e-07 0)
(1.0674 5.48201e-07 0)
(1.06636 6.5296e-07 0)
(1.06557 6.91332e-07 0)
(1.06497 6.52621e-07 0)
(1.06451 5.65007e-07 0)
(1.06416 4.96228e-07 0)
(1.0639 4.65661e-07 0)
(1.0637 4.24909e-07 0)
(1.06354 3.64323e-07 0)
(1.06343 2.52913e-07 0)
(1.06334 1.4071e-07 0)
(1.06327 3.6355e-08 0)
(1.06322 -2.88416e-08 0)
(1.06318 -9.83139e-08 0)
(1.06315 -1.68209e-07 0)
(1.06313 -2.6945e-07 0)
(1.06311 -3.74755e-07 0)
(1.0631 -4.79538e-07 0)
(1.06309 -5.60763e-07 0)
(1.06308 -6.29106e-07 0)
(1.06307 -6.81744e-07 0)
(1.06307 -7.32287e-07 0)
(1.06307 -7.77744e-07 0)
(1.06306 -8.21665e-07 0)
(1.06306 -8.73959e-07 0)
(1.06306 -9.08764e-07 0)
(1.06306 -1.00095e-06 0)
(1.00046 -0.00153011 0)
(1.00318 -0.00437552 0)
(1.00881 -0.00636124 0)
(1.01603 -0.0073238 0)
(1.02369 -0.00744351 0)
(1.03103 -0.00703488 0)
(1.03776 -0.00638851 0)
(1.04376 -0.00570661 0)
(1.04907 -0.00510561 0)
(1.05382 -0.00464902 0)
(1.05818 -0.0043739 0)
(1.06235 -0.00430812 0)
(1.06655 -0.00448346 0)
(1.07101 -0.00493843 0)
(1.07605 -0.00571915 0)
(1.08196 -0.00689462 0)
(1.08921 -0.00855313 0)
(1.09806 -0.010872 0)
(1.10967 -0.0146407 0)
(1.1205 -0.0209134 0)
(1.12875 -0.0365921 0)
(1.00011 -0.0487697 0)
(0 0 0)
(0 0 0)
(0 0 0)
(0 0 0)
(0 0 0)
(0 0 0)
(0 0 0)
(0 0 0)
(0 0 0)
(0 0 0)
(0 0 0)
(0 0 0)
(1.21656 0.00803082 1.41845e-18)
(1.20155 0.0196943 0)
(1.17559 0.0242712 0)
(1.15095 0.0234508 0)
(1.13072 0.0196234 0)
(1.11415 0.0153231 0)
(1.10162 0.0116654 0)
(1.09208 0.00875956 0)
(1.08497 0.00655814 0)
(1.07962 0.00491613 0)
(1.0756 0.00369388 0)
(1.07257 0.00278376 0)
(1.07028 0.00210326 0)
(1.06855 0.00159254 0)
(1.06723 0.00120787 0)
(1.06623 0.000917371 0)
(1.06547 0.000697316 0)
(1.06489 0.000530401 0)
(1.06445 0.000403571 0)
(1.06412 0.000307199 0)
(1.06387 0.000233902 0)
(1.06367 0.000178113 0)
(1.06352 0.000135598 0)
(1.06341 0.000103168 0)
(1.06333 7.84571e-05 0)
(1.06326 5.96223e-05 0)
(1.06321 4.53033e-05 0)
(1.06317 3.4373e-05 0)
(1.06315 2.60399e-05 0)
(1.06312 1.9641e-05 0)
(1.06311 1.47626e-05 0)
(1.0631 1.10104e-05 0)
(1.06309 8.18003e-06 0)
(1.06308 6.002e-06 0)
(1.06307 4.36311e-06 0)
(1.06307 3.09225e-06 0)
(1.06307 2.12215e-06 0)
(1.06306 1.38542e-06 0)
(1.06306 7.64839e-07 0)
(1.06306 3.35765e-07 0)
(1.06306 -1.36174e-07 0)
(1.00051 -0.00320805 0)
(1.00344 -0.00892486 0)
(1.00941 -0.012918 0)
(1.01695 -0.0148089 0)
(1.02481 -0.0149794 0)
(1.03223 -0.0140817 0)
(1.03892 -0.0127181 0)
(1.04478 -0.011297 0)
(1.04989 -0.0100512 0)
(1.05437 -0.00910511 0)
(1.05843 -0.00852805 0)
(1.06225 -0.00836858 0)
(1.06607 -0.00868153 0)
(1.07009 -0.00953808 0)
(1.0746 -0.0110225 0)
(1.07988 -0.0132491 0)
(1.0863 -0.0163452 0)
(1.09422 -0.0205222 0)
(1.10384 -0.0258081 0)
(1.11552 -0.036139 0)
(1.11875 -0.0639085 0)
(1.1225 -0.0874709 0)
(1.01064 -0.0776133 0)
(0 0 0)
(0 0 0)
(0 0 0)
(0 0 0)
(0 0 0)
(0 0 0)
(0 0 0)
(0 0 0)
(0 0 0)
(0 0 0)
(1.2202 0.00408865 -8.25809e-18)
(1.20865 0.0211918 -4.00423e-17)
(1.18549 0.0423131 0)
(1.16013 0.0485931 0)
(1.13814 0.0451654 0)
(1.12063 0.0373101 0)
(1.10668 0.0290667 0)
(1.09613 0.0221166 0)
(1.0881 0.0166307 0)
(1.08206 0.0124722 0)
(1.07748 0.00936772 0)
(1.07402 0.00705296 0)
(1.07139 0.00532359 0)
(1.0694 0.00402739 0)
(1.06788 0.00305234 0)
(1.06673 0.00231672 0)
(1.06585 0.00176026 0)
(1.06518 0.00133848 0)
(1.06468 0.00101825 0)
(1.06429 0.000774915 0)
(1.06399 0.000589895 0)
(1.06377 0.000449115 0)
(1.0636 0.00034195 0)
(1.06347 0.000260291 0)
(1.06337 0.000198067 0)
(1.06329 0.000150648 0)
(1.06324 0.000114571 0)
(1.06319 8.70761e-05 0)
(1.06316 6.61559e-05 0)
(1.06314 5.01769e-05 0)
(1.06312 3.79999e-05 0)
(1.0631 2.86877e-05 0)
(1.06309 2.16176e-05 0)
(1.06308 1.6213e-05 0)
(1.06308 1.21333e-05 0)
(1.06307 9.00298e-06 0)
(1.06307 6.63173e-06 0)
(1.06306 4.79687e-06 0)
(1.06306 3.43034e-06 0)
(1.06306 2.29693e-06 0)
(1.06306 1.50447e-06 0)
(1.06306 6.64505e-07 0)
(1.00058 -0.00505945 0)
(1.00391 -0.0139244 0)
(1.01048 -0.0199159 0)
(1.0186 -0.022634 0)
(1.02681 -0.0226988 0)
(1.03436 -0.0211512 0)
(1.04097 -0.0189267 0)
(1.04658 -0.0166507 0)
(1.05132 -0.0146741 0)
(1.05534 -0.0131768 0)
(1.05889 -0.0122491 0)
(1.06215 -0.0119451 0)
(1.06534 -0.0123268 0)
(1.06865 -0.013491 0)
(1.07233 -0.0155564 0)
(1.07665 -0.0186806 0)
(1.08195 -0.0230721 0)
(1.08877 -0.0289776 0)
(1.09749 -0.0362456 0)
(1.11251 -0.0462906 0)
(1.11959 -0.0747009 0)
(1.07453 -0.114157 0)
(1.07458 -0.109594 0)
(0 0 0)
(0 0 0)
(0 0 0)
(0 0 0)
(0 0 0)
(0 0 0)
(0 0 0)
(0 0 0)
(0 0 0)
(0 0 0)
(1.21132 0.0137078 0)
(1.18608 0.0445634 0)
(1.15679 0.0669573 0)
(1.13484 0.0705212 0)
(1.11785 0.0631464 0)
(1.10495 0.051244 0)
(1.09525 0.0398295 0)
(1.08776 0.0302524 0)
(1.08201 0.0228167 0)
(1.07758 0.0171836 0)
(1.07417 0.0129556 0)
(1.07155 0.00978586 0)
(1.06955 0.00740562 0)
(1.06801 0.0056138 0)
(1.06684 0.00426126 0)
(1.06594 0.0032381 0)
(1.06525 0.00246242 0)
(1.06473 0.0018736 0)
(1.06433 0.00142599 0)
(1.06403 0.0010856 0)
(1.06379 0.000826544 0)
(1.06362 0.000629382 0)
(1.06348 0.000479186 0)
(1.06338 0.00036476 0)
(1.0633 0.000277549 0)
(1.06324 0.000211129 0)
(1.0632 0.000160559 0)
(1.06316 0.000122066 0)
(1.06314 9.27369e-05 0)
(1.06312 7.03765e-05 0)
(1.0631 5.33413e-05 0)
(1.06309 4.03415e-05 0)
(1.06308 3.04777e-05 0)
(1.06308 2.29415e-05 0)
(1.06307 1.72559e-05 0)
(1.06307 1.28955e-05 0)
(1.06306 9.59666e-06 0)
(1.06306 7.04843e-06 0)
(1.06306 5.14936e-06 0)
(1.06306 3.6056e-06 0)
(1.06306 2.51577e-06 0)
(1.06306 1.36747e-06 0)
(1.00068 -0.00719569 0)
(1.00466 -0.0196721 0)
(1.01222 -0.0276554 0)
(1.02121 -0.0309878 0)
(1.02995 -0.0306939 0)
(1.03766 -0.0282348 0)
(1.0441 -0.0249191 0)
(1.0493 -0.0216134 0)
(1.05346 -0.0187868 0)
(1.05682 -0.0166575 0)
(1.05963 -0.0153203 0)
(1.0621 -0.0148107 0)
(1.06446 -0.015175 0)
(1.06683 -0.0165213 0)
(1.0694 -0.0189939 0)
(1.07237 -0.0227951 0)
(1.076 -0.0282313 0)
(1.08067 -0.0357701 0)
(1.08689 -0.0460382 0)
(1.09671 -0.0601119 0)
(1.11035 -0.0834568 0)
(1.11378 -0.113984 0)
(1.0939 -0.128449 0)
(1.14037 -0.0884436 0)
(0 0 0)
(0 0 0)
(0 0 0)
(0 0 0)
(0 0 0)
(0 0 0)
(0 0 0)
(0 0 0)
(1.21006 0.00958747 -2.85518e-17)
(1.18066 0.0416118 7.28368e-18)
(1.1413 0.0789851 0)
(1.11765 0.0910887 0)
(1.10259 0.0875514 0)
(1.0926 0.0750617 0)
(1.08623 0.0599469 0)
(1.0815 0.0463505 0)
(1.07766 0.035345 0)
(1.07455 0.0268119 0)
(1.07204 0.0203132 0)
(1.07004 0.0153945 0)
(1.06845 0.0116774 0)
(1.06721 0.0088669 0)
(1.06625 0.00673897 0)
(1.0655 0.00512562 0)
(1.06493 0.00390067 0)
(1.06449 0.00296971 0)
(1.06415 0.00226139 0)
(1.06389 0.00172223 0)
(1.06369 0.00131164 0)
(1.06354 0.000998909 0)
(1.06342 0.000760714 0)
(1.06333 0.000579239 0)
(1.06327 0.000440907 0)
(1.06322 0.000335476 0)
(1.06318 0.000255183 0)
(1.06315 0.00019403 0)
(1.06312 0.000147508 0)
(1.06311 0.000112055 0)
(1.0631 8.50526e-05 0)
(1.06309 6.44673e-05 0)
(1.06308 4.8827e-05 0)
(1.06307 3.68882e-05 0)
(1.06307 2.78416e-05 0)
(1.06307 2.09422e-05 0)
(1.06306 1.57146e-05 0)
(1.06306 1.17178e-05 0)
(1.06306 8.68045e-06 0)
(1.06306 6.3788e-06 0)
(1.06306 4.57895e-06 0)
(1.06306 3.29546e-06 0)
(1.06306 1.92491e-06 0)
(1.00086 -0.0098209 0)
(1.00587 -0.0265153 0)
(1.01496 -0.0365335 0)
(1.02523 -0.040151 0)
(1.03469 -0.0390565 0)
(1.04251 -0.0352658 0)
(1.04857 -0.0305291 0)
(1.0531 -0.0259728 0)
(1.05643 -0.0221639 0)
(1.05888 -0.0193247 0)
(1.06073 -0.0175264 0)
(1.06221 -0.0167648 0)
(1.06353 -0.0170169 0)
(1.06478 -0.018398 0)
(1.06603 -0.0210516 0)
(1.06741 -0.0251884 0)
(1.06899 -0.0311489 0)
(1.07088 -0.0394721 0)
(1.07312 -0.0510049 0)
(1.07615 -0.0670979 0)
(1.07861 -0.0916206 0)
(1.07634 -0.124677 0)
(1.07091 -0.149575 0)
(1.07592 -0.133181 1.82024e-17)
(1.09425 -0.0749261 0)
(0 0 0)
(0 0 0)
(0 0 0)
(0 0 0)
(0 0 0)
(0 0 0)
(1.1925 0.0072163 0)
(1.15706 0.0431264 -4.75025e-17)
(1.10762 0.087674 0)
(1.08229 0.106136 0)
(1.07129 0.105871 0)
(1.06705 0.0957441 0)
(1.06661 0.0791949 0)
(1.06714 0.0625323 0)
(1.06728 0.0484619 0)
(1.06702 0.037211 0)
(1.06655 0.0284463 0)
(1.06601 0.0217031 0)
(1.06549 0.0165457 0)
(1.06501 0.012611 0)
(1.0646 0.00961187 0)
(1.06426 0.00732628 0)
(1.06399 0.00558452 0)
(1.06378 0.00425704 0)
(1.06361 0.00324505 0)
(1.06348 0.00247337 0)
(1.06338 0.00188487 0)
(1.0633 0.00143607 0)
(1.06324 0.00109387 0)
(1.06319 0.000833121 0)
(1.06316 0.000634411 0)
(1.06313 0.000482882 0)
(1.06311 0.000367371 0)
(1.0631 0.000279344 0)
(1.06309 0.000212338 0)
(1.06308 0.00016131 0)
(1.06307 0.000122445 0)
(1.06307 9.28568e-05 0)
(1.06306 7.03597e-05 0)
(1.06306 5.32666e-05 0)
(1.06306 4.0252e-05 0)
(1.06306 3.03986e-05 0)
(1.06305 2.294e-05 0)
(1.06305 1.72598e-05 0)
(1.06305 1.29115e-05 0)
(1.06305 9.62315e-06 0)
(1.06305 7.10328e-06 0)
(1.06305 5.17875e-06 0)
(1.06305 3.75969e-06 0)
(1.06305 2.28277e-06 0)
(1.00118 -0.0132899 0)
(1.00791 -0.0350978 0)
(1.01936 -0.0470874 0)
(1.03142 -0.0503993 0)
(1.04169 -0.047793 0)
(1.04939 -0.0420543 0)
(1.05469 -0.0354691 0)
(1.05814 -0.0294219 0)
(1.06028 -0.0245241 0)
(1.06154 -0.0209322 0)
(1.06223 -0.0186341 0)
(1.06257 -0.0175955 0)
(1.06269 -0.0177351 0)
(1.06269 -0.0189959 0)
(1.06254 -0.0215822 0)
(1.06223 -0.0256749 0)
(1.06169 -0.0315675 0)
(1.06079 -0.0397233 0)
(1.05919 -0.0508426 0)
(1.05643 -0.0659075 0)
(1.05092 -0.0868174 0)
(1.03929 -0.113793 0)
(1.01871 -0.139398 0)
(1.00822 -0.140767 0)
(1.01823 -0.118918 0)
(1.06393 -0.0807517 0)
(1.12702 -0.0288313 0)
(1.16739 -0.00580077 5.60408e-17)
(1.17831 -0.000396362 4.96974e-17)
(1.16458 0.00727207 -4.48755e-17)
(1.13812 0.0306077 0)
(1.09322 0.0627846 0)
(1.04609 0.0984095 0)
(1.02541 0.115285 0)
(1.02256 0.11514 0)
(1.02724 0.106767 0)
(1.03549 0.0916383 0)
(1.04358 0.0748877 0)
(1.04971 0.0594805 0)
(1.05393 0.0465226 0)
(1.05679 0.0360704 0)
(1.05872 0.0278197 0)
(1.06001 0.0213867 0)
(1.06089 0.0164061 0)
(1.06148 0.0125662 0)
(1.0619 0.00961379 0)
(1.06219 0.00734846 0)
(1.0624 0.00561322 0)
(1.06256 0.00428578 0)
(1.06267 0.00327086 0)
(1.06276 0.00249506 0)
(1.06282 0.00190233 0)
(1.06287 0.0014496 0)
(1.0629 0.00110391 0)
(1.06293 0.000840292 0)
(1.06295 0.000639426 0)
(1.06297 0.000486314 0)
(1.06298 0.0003697 0)
(1.06299 0.000280851 0)
(1.063 0.0002133 0)
(1.063 0.00016217 0)
(1.06301 0.000123363 0)
(1.06301 9.36361e-05 0)
(1.06301 7.10514e-05 0)
(1.06302 5.38377e-05 0)
(1.06302 4.07183e-05 0)
(1.06302 3.07352e-05 0)
(1.06302 2.31734e-05 0)
(1.06302 1.74128e-05 0)
(1.06302 1.30468e-05 0)
(1.06302 9.73281e-06 0)
(1.06302 7.19798e-06 0)
(1.06302 5.30221e-06 0)
(1.06302 3.90545e-06 0)
(1.06302 2.44278e-06 0)
(1.00181 -0.0182619 0)
(1.01158 -0.0464799 0)
(1.02666 -0.060058 0)
(1.04104 -0.0619631 0)
(1.05196 -0.0567239 0)
(1.05892 -0.0481798 0)
(1.06274 -0.039245 0)
(1.06448 -0.0315173 0)
(1.06493 -0.0255136 0)
(1.06464 -0.0212365 0)
(1.06395 -0.0185339 0)
(1.06304 -0.0172287 0)
(1.06194 -0.0171156 0)
(1.06063 -0.0182034 0)
(1.05909 -0.0205578 0)
(1.05718 -0.0242995 0)
(1.05472 -0.0296438 0)
(1.05139 -0.0369161 0)
(1.04672 -0.046563 0)
(1.03995 -0.0591052 0)
(1.02968 -0.0752336 0)
(1.01345 -0.094698 0)
(0.988733 -0.114256 0)
(0.96063 -0.123791 0)
(0.935557 -0.118591 -4.17956e-33)
(0.927817 -0.104066 4.18962e-33)
(0.938908 -0.0714908 0)
(0.958127 -0.0267617 0)
(0.967086 0.0069448 0)
(0.961993 0.0397353 0)
(0.950913 0.0752552 0)
(0.946638 0.0967425 0)
(0.950401 0.108298 0)
(0.962687 0.110079 0)
(0.979154 0.104385 0)
(0.996581 0.0930362 0)
(1.01251 0.0791371 0)
(1.02539 0.0650926 0)
(1.03515 0.052301 0)
(1.04236 0.0413931 0)
(1.04765 0.0324331 0)
(1.05152 0.0252381 0)
(1.05437 0.0195451 0)
(1.05647 0.0150802 0)
(1.05803 0.0116012 0)
(1.0592 0.00890376 0)
(1.06008 0.00682065 0)
(1.06074 0.00521665 0)
(1.06124 0.00398526 0)
(1.06163 0.00304201 0)
(1.06191 0.00232048 0)
(1.06214 0.0017691 0)
(1.0623 0.00134774 0)
(1.06243 0.00102619 0)
(1.06253 0.000782439 0)
(1.06261 0.000597063 0)
(1.06267 0.000454737 0)
(1.06271 0.000345992 0)
(1.06274 0.000262878 0)
(1.06277 0.000199749 0)
(1.06279 0.000151607 0)
(1.0628 0.000114939 0)
(1.06282 8.71058e-05 0)
(1.06282 6.59782e-05 0)
(1.06283 4.99399e-05 0)
(1.06284 3.77154e-05 0)
(1.06284 2.84535e-05 0)
(1.06284 2.1417e-05 0)
(1.06285 1.61139e-05 0)
(1.06285 1.20746e-05 0)
(1.06285 9.03805e-06 0)
(1.06285 6.67665e-06 0)
(1.06285 4.97286e-06 0)
(1.06285 3.71039e-06 0)
(1.06285 2.38499e-06 0)
(1.00306 -0.025953 0)
(1.01841 -0.0621752 0)
(1.03906 -0.0762081 0)
(1.0559 -0.0748131 0)
(1.06659 -0.0652034 0)
(1.07129 -0.0527268 0)
(1.07225 -0.0409142 0)
(1.07132 -0.0315141 0)
(1.0695 -0.0246635 0)
(1.06732 -0.0199947 0)
(1.06505 -0.0170782 0)
(1.06275 -0.0155716 0)
(1.06039 -0.0152672 0)
(1.05789 -0.0161011 0)
(1.05511 -0.0180721 0)
(1.05182 -0.02123 0)
(1.04775 -0.0257013 0)
(1.04252 -0.0316785 0)
(1.03562 -0.0393798 0)
(1.02635 -0.0489882 0)
(1.01362 -0.0605629 0)
(0.995917 -0.0735722 0)
(0.971751 -0.0861279 0)
(0.942212 -0.0938876 0)
(0.910922 -0.0945849 0)
(0.883223 -0.0844333 0)
(0.861137 -0.0602056 0)
(0.853262 -0.0294664 0)
(0.852822 0.00109026 0)
(0.857787 0.0307023 0)
(0.868452 0.0575588 0)
(0.886053 0.0760422 0)
(0.908332 0.0855522 0)
(0.932462 0.0869103 0)
(0.956244 0.0819467 0)
(0.977951 0.0732291 0)
(0.996483 0.0628374 0)
(1.0115 0.0522833 0)
(1.0233 0.042522 0)
(1.0324 0.0340199 0)
(1.03938 0.0268933 0)
(1.04471 0.0210736 0)
(1.04876 0.0164093 0)
(1.05184 0.012713 0)
(1.05419 0.00980999 0)
(1.05599 0.00754525 0)
(1.05736 0.00578847 0)
(1.05841 0.00443534 0)
(1.05922 0.00340087 0)
(1.05984 0.00260588 0)
(1.06031 0.00199241 0)
(1.06067 0.0015206 0)
(1.06094 0.0011588 0)
(1.06115 0.000881686 0)
(1.06131 0.000670423 0)
(1.06143 0.000509476 0)
(1.06153 0.000386908 0)
(1.0616 0.000293527 0)
(1.06165 0.000222552 0)
(1.06169 0.000168728 0)
(1.06173 0.000127897 0)
(1.06175 9.69149e-05 0)
(1.06177 7.33756e-05 0)
(1.06178 5.55159e-05 0)
(1.06179 4.19508e-05 0)
(1.0618 3.16722e-05 0)
(1.06181 2.38658e-05 0)
(1.06181 1.79648e-05 0)
(1.06182 1.35006e-05 0)
(1.06182 1.01258e-05 0)
(1.06182 7.58055e-06 0)
(1.06182 5.6022e-06 0)
(1.06182 4.20133e-06 0)
(1.06183 3.1807e-06 0)
(1.06183 2.12008e-06 0)
(1.0058 -0.0400014 0)
(1.03122 -0.0846328 0)
(1.05892 -0.0958706 0)
(1.07603 -0.0881567 0)
(1.08308 -0.0719122 0)
(1.08194 -0.0537618 0)
(1.07844 -0.0393417 0)
(1.07392 -0.0287238 0)
(1.0693 -0.0214176 0)
(1.06506 -0.0167055 0)
(1.06116 -0.0138905 0)
(1.05764 -0.0125807 0)
(1.05423 -0.0123218 0)
(1.05073 -0.0129761 0)
(1.0469 -0.0145079 0)
(1.04247 -0.0169353 0)
(1.03712 -0.020299 0)
(1.03044 -0.0247197 0)
(1.02201 -0.0303218 0)
(1.01124 -0.0370916 0)
(0.997364 -0.0448356 0)
(0.979581 -0.05295 0)
(0.957265 -0.0601347 0)
(0.931026 -0.0641261 0)
(0.902747 -0.063406 0)
(0.87519 -0.0564745 0)
(0.851918 -0.0418243 0)
(0.837412 -0.0221663 0)
(0.832566 -0.000475494 0)
(0.836899 0.0209958 0)
(0.84969 0.039894 0)
(0.869358 0.053273 0)
(0.893043 0.0602193 0)
(0.917954 0.0614018 0)
(0.941909 0.058313 0)
(0.963613 0.0525573 0)
(0.982357 0.0455244 0)
(0.997963 0.0382506 0)
(1.01063 0.0313925 0)
(1.02074 0.0253049 0)
(1.02871 0.0201275 0)
(1.03494 0.0158818 0)
(1.03981 0.0124627 0)
(1.04358 0.00970354 0)
(1.04649 0.00750766 0)
(1.04874 0.00578073 0)
(1.05047 0.00443529 0)
(1.0518 0.00339119 0)
(1.05282 0.00258759 0)
(1.0536 0.00197215 0)
(1.0542 0.00150225 0)
(1.05466 0.00114365 0)
(1.05501 0.000869801 0)
(1.05528 0.000660799 0)
(1.05549 0.000501612 0)
(1.05564 0.000380601 0)
(1.05576 0.000288631 0)
(1.05586 0.000218757 0)
(1.05593 0.000165659 0)
(1.05598 0.000125402 0)
(1.05602 9.48707e-05 0)
(1.05605 7.17596e-05 0)
(1.05607 5.4213e-05 0)
(1.05609 4.09517e-05 0)
(1.0561 3.08745e-05 0)
(1.05612 2.32925e-05 0)
(1.05612 1.75014e-05 0)
(1.05613 1.31894e-05 0)
(1.05613 9.87038e-06 0)
(1.05614 7.42268e-06 0)
(1.05614 5.53162e-06 0)
(1.05614 4.10411e-06 0)
(1.05614 3.10228e-06 0)
(1.05614 2.42657e-06 0)
(1.05614 1.6367e-06 0)
(1.01409 -0.0741762 0)
(1.05238 -0.121995 0)
(1.07663 -0.117879 0)
(1.08691 -0.0952895 0)
(1.08101 -0.0700403 0)
(1.07144 -0.0483408 0)
(1.06154 -0.0328567 0)
(1.05254 -0.0225046 0)
(1.04497 -0.0159035 0)
(1.03879 -0.0119086 0)
(1.03366 -0.00966562 0)
(1.02918 -0.00860259 0)
(1.02498 -0.00836553 0)
(1.02075 -0.00879773 0)
(1.01618 -0.00983534 0)
(1.01095 -0.0114708 0)
(1.00475 -0.0137302 0)
(0.997213 -0.0166561 0)
(0.987943 -0.0202508 0)
(0.976438 -0.024434 0)
(0.962248 -0.029018 0)
(0.945038 -0.0335286 0)
(0.924597 -0.0372657 0)
(0.901779 -0.0390432 0)
(0.877682 -0.0379103 0)
(0.854758 -0.0330528 0)
(0.835516 -0.02367 0)
(0.822776 -0.0117261 0)
(0.818356 0.000657185 0)
(0.821673 0.0131294 0)
(0.832598 0.0243813 0)
(0.849623 0.0326397 0)
(0.8706 0.0371364 0)
(0.892929 0.0380748 0)
(0.914768 0.0363347 0)
(0.934837 0.0328515 0)
(0.952549 0.0285674 0)
(0.967662 0.0241035 0)
(0.980206 0.0198537 0)
(0.990409 0.0160502 0)
(0.998586 0.0127862 0)
(1.00507 0.0100669 0)
(1.01018 0.00785096 0)
(1.01418 0.00607887 0)
(1.01729 0.00468137 0)
(1.0197 0.0035906 0)
(1.02156 0.00274544 0)
(1.02299 0.0020945 0)
(1.02409 0.00159595 0)
(1.02493 0.00121487 0)
(1.02557 0.000923836 0)
(1.02606 0.00070179 0)
(1.02644 0.000532548 0)
(1.02673 0.000403559 0)
(1.02695 0.000305493 0)
(1.02711 0.000231052 0)
(1.02724 0.00017463 0)
(1.02734 0.000131864 0)
(1.02741 9.95112e-05 0)
(1.02747 7.50025e-05 0)
(1.02751 5.65179e-05 0)
(1.02754 4.25174e-05 0)
(1.02757 3.19899e-05 0)
(1.02759 2.40164e-05 0)
(1.0276 1.8064e-05 0)
(1.02761 1.35375e-05 0)
(1.02762 1.0196e-05 0)
(1.02763 7.61554e-06 0)
(1.02763 5.74393e-06 0)
(1.02763 4.25948e-06 0)
(1.02764 3.22312e-06 0)
(1.02764 2.34453e-06 0)
(1.02764 1.8233e-06 0)
(1.02764 1.46894e-06 0)
(1.02764 1.08091e-06 0)
(1.01135 -0.118893 0)
(1.04847 -0.153694 0)
(1.04204 -0.130459 0)
(1.01378 -0.0926325 0)
(0.982964 -0.0591417 0)
(0.958919 -0.0356625 0)
(0.941605 -0.0212165 0)
(0.929191 -0.0128537 0)
(0.92036 -0.00823394 0)
(0.913914 -0.00579274 0)
(0.908884 -0.00458245 0)
(0.904569 -0.00407795 0)
(0.900545 -0.00401676 0)
(0.896449 -0.00427858 0)
(0.891984 -0.00481996 0)
(0.886867 -0.00563925 0)
(0.88081 -0.00674989 0)
(0.873499 -0.00816936 0)
(0.864612 -0.00987801 0)
(0.853823 -0.0118172 0)
(0.840888 -0.0138851 0)
(0.82571 -0.0158005 0)
(0.808433 -0.0171829 0)
(0.789751 -0.0175585 0)
(0.770828 -0.0165228 0)
(0.753353 -0.0139074 0)
(0.739298 -0.00956767 0)
(0.730611 -0.0042162 0)
(0.728032 0.00121533 0)
(0.73147 0.0069322 0)
(0.740836 0.0119076 0)
(0.754942 0.0154205 0)
(0.772083 0.0172091 0)
(0.79046 0.0174696 0)
(0.808588 0.0165682 0)
(0.825415 0.0149202 0)
(0.840338 0.0128966 0)
(0.85312 0.0107938 0)
(0.863775 0.00881156 0)
(0.872482 0.00705402 0)
(0.879468 0.0055642 0)
(0.885011 0.00434087 0)
(0.889369 0.00335887 0)
(0.892768 0.00258121 0)
(0.895401 0.00197245 0)
(0.897431 0.00150054 0)
(0.89899 0.00113765 0)
(0.900184 0.000860333 0)
(0.901095 0.000649695 0)
(0.901791 0.00049012 0)
(0.902321 0.000369331 0)
(0.902725 0.00027799 0)
(0.903033 0.000208919 0)
(0.903266 0.000156768 0)
(0.903443 0.000117442 0)
(0.903578 8.78739e-05 0)
(0.90368 6.56596e-05 0)
(0.903757 4.90155e-05 0)
(0.903815 3.65073e-05 0)
(0.90386 2.71764e-05 0)
(0.903893 2.01606e-05 0)
(0.903918 1.49385e-05 0)
(0.903937 1.10255e-05 0)
(0.903952 8.14633e-06 0)
(0.903963 6.01321e-06 0)
(0.903971 4.4604e-06 0)
(0.903977 3.31069e-06 0)
(0.903982 2.46635e-06 0)
(0.903985 1.83522e-06 0)
(0.903988 1.34898e-06 0)
(0.90399 1.02418e-06 0)
(0.903991 7.13508e-07 0)
(0.903993 6.7735e-07 0)
(0.903993 6.28802e-07 0)
(0.903994 4.73907e-07 0)
(0.792375 -0.0170049 0)
(0.769196 -0.0681213 0)
(0.69161 -0.0662092 0)
(0.598477 -0.0403305 0)
(0.542252 -0.0180133 0)
(0.515421 -0.00777153 0)
(0.500427 -0.00340974 0)
(0.491613 -0.00161777 0)
(0.486289 -0.000882047 0)
(0.482796 -0.000581447 0)
(0.480211 -0.000464291 0)
(0.478036 -0.000431027 0)
(0.475984 -0.000440333 0)
(0.473875 -0.000477996 0)
(0.47156 -0.000542835 0)
(0.468896 -0.000639684 0)
(0.465734 -0.000770341 0)
(0.461911 -0.000938014 0)
(0.457263 -0.00113835 0)
(0.451639 -0.00136722 0)
(0.444925 -0.00161424 0)
(0.4371 -0.00183591 0)
(0.428312 -0.00198381 0)
(0.418953 -0.00200011 0)
(0.409665 -0.00183985 0)
(0.401288 -0.00148122 0)
(0.394822 -0.000923651 0)
(0.391146 -0.000282171 0)
(0.390432 0.000380867 0)
(0.392667 0.00110519 0)
(0.397953 0.00164438 0)
(0.405554 0.00197142 0)
(0.414549 0.00207191 0)
(0.424032 0.0019852 0)
(0.433222 0.00177279 0)
(0.441609 0.00149474 0)
(0.448927 0.00120491 0)
(0.455089 0.000938096 0)
(0.460133 0.000710212 0)
(0.464179 0.000525992 0)
(0.467367 0.000382794 0)
(0.469851 0.000274301 0)
(0.471766 0.00019404 0)
(0.473231 0.000135167 0)
(0.474345 9.23857e-05 0)
(0.475187 6.18562e-05 0)
(0.475821 4.04139e-05 0)
(0.476298 2.56898e-05 0)
(0.476654 1.57687e-05 0)
(0.476922 9.24257e-06 0)
(0.477122 4.96241e-06 0)
(0.477271 2.17963e-06 0)
(0.477382 4.08783e-07 0)
(0.477465 -6.79566e-07 0)
(0.477527 -1.29381e-06 0)
(0.477573 -1.57521e-06 0)
(0.477606 -1.64198e-06 0)
(0.477631 -1.57894e-06 0)
(0.47765 -1.46073e-06 0)
(0.477663 -1.3169e-06 0)
(0.477673 -1.18675e-06 0)
(0.47768 -1.01889e-06 0)
(0.477685 -8.81482e-07 0)
(0.477689 -6.89521e-07 0)
(0.477692 -5.6853e-07 0)
(0.477694 -3.98629e-07 0)
(0.477695 -3.41793e-07 0)
(0.477697 -2.11994e-07 0)
(0.477697 -2.14295e-07 0)
(0.477698 -1.13688e-07 0)
(0.477698 -1.41683e-07 0)
(0.477699 -4.71712e-08 0)
(0.477699 -4.89934e-08 0)
(0.477699 2.42136e-09 0)
(0.4777 -1.68979e-09 0)
)
;

boundaryField
{
    ibCylinder
    {
        type            movingImmersedBoundaryVelocity;
        patchType       immersedBoundary;
        setDeadValue    true;
        deadValue       (0 0 0);
        value           nonuniform List<vector> 0();
    }
    in
    {
        type            fixedValue;
        value           uniform (1 0 0);
    }
    out
    {
        type            inletOutlet;
        inletValue      uniform (0 0 0);
        value           nonuniform List<vector> 
25
(
(0.477703 -1.79714e-07 0)
(0.903995 -8.02352e-07 0)
(1.02764 -1.60746e-06 0)
(1.05614 -2.37517e-06 0)
(1.06183 -3.04612e-06 0)
(1.06285 -3.53051e-06 0)
(1.06302 -3.78072e-06 0)
(1.06305 -3.80738e-06 0)
(1.06306 -3.5912e-06 0)
(1.06306 -3.17063e-06 0)
(1.06306 -2.56595e-06 0)
(1.06306 -1.83331e-06 0)
(1.06306 -1.00095e-06 0)
(1.06306 -1.36174e-07 0)
(1.06306 6.64505e-07 0)
(1.06306 1.36747e-06 0)
(1.06306 1.92491e-06 0)
(1.06305 2.28277e-06 0)
(1.06302 2.44278e-06 0)
(1.06285 2.38499e-06 0)
(1.06183 2.12008e-06 0)
(1.05614 1.6367e-06 0)
(1.02764 1.08091e-06 0)
(0.903994 4.73907e-07 0)
(0.4777 -1.68979e-09 0)
)
;
    }
    top
    {
        type            fixedValue;
        value           uniform (0 0 0);
    }
    bottom
    {
        type            fixedValue;
        value           uniform (0 0 0);
    }
    frontAndBack
    {
        type            empty;
    }
}


// ************************************************************************* //
