/*--------------------------------*- C++ -*----------------------------------*\
| =========                 |                                                 |
| \\      /  F ield         | OpenFOAM: The Open Source CFD Toolbox           |
|  \\    /   O peration     | Version:  2206                                  |
|   \\  /    A nd           | Website:  www.openfoam.com                      |
|    \\/     M anipulation  |                                                 |
\*---------------------------------------------------------------------------*/
FoamFile
{
    version     2.0;
    format      ascii;
    arch        "LSB;label=32;scalar=64";
    class       surfaceVectorField;
    location    "0.3";
    object      Uf;
}
// * * * * * * * * * * * * * * * * * * * * * * * * * * * * * * * * * * * * * //

dimensions      [0 1 -1 0 0 0 0];

internalField   nonuniform List<vector> 
3650
(
(0.859684 0.0530588 0)
(0.903089 0.140316 0)
(0.701816 0.0842286 0)
(0.90029 0.157869 0)
(0.568841 0.0657471 0)
(0.843534 0.132975 0)
(0.466933 0.0362432 0)
(0.753779 0.101909 0)
(0.39356 0.0181774 0)
(0.676306 0.0733731 0)
(0.34443 0.00922266 0)
(0.615732 0.0491307 0)
(0.312334 0.00445113 0)
(0.570447 0.0320956 0)
(0.292222 0.00184443 0)
(0.537137 0.0201122 0)
(0.280308 0.00050434 0)
(0.514138 0.0119142 0)
(0.273664 -0.000135774 0)
(0.499264 0.00664445 0)
(0.270358 -0.000440997 0)
(0.490127 0.00330543 0)
(0.269127 -0.000587442 0)
(0.484931 0.00123198 0)
(0.269165 -0.000662796 0)
(0.482391 -3.79376e-05 0)
(0.269957 -0.000721455 0)
(0.4815 -0.000792473 0)
(0.271252 -0.000800297 0)
(0.481816 -0.00129488 0)
(0.273011 -0.000906833 0)
(0.482913 -0.00175888 0)
(0.27522 -0.00105014 0)
(0.484725 -0.00220873 0)
(0.277937 -0.0012416 0)
(0.4872 -0.00271652 0)
(0.281249 -0.00148494 0)
(0.490371 -0.00331232 0)
(0.285268 -0.00178252 0)
(0.494322 -0.00401863 0)
(0.290118 -0.00213424 0)
(0.499164 -0.00484946 0)
(0.295924 -0.00253562 0)
(0.505025 -0.00580627 0)
(0.302804 -0.00297659 0)
(0.51203 -0.00687959 0)
(0.310843 -0.00343869 0)
(0.520289 -0.00803923 0)
(0.320086 -0.00389402 0)
(0.529876 -0.00924303 0)
(0.330522 -0.00430061 0)
(0.54084 -0.010436 0)
(0.34205 -0.00459596 0)
(0.553186 -0.0115277 0)
(0.354419 -0.00469664 0)
(0.566823 -0.0123692 0)
(0.36716 -0.00450298 0)
(0.581482 -0.0127414 0)
(0.379509 -0.00392562 0)
(0.596588 -0.0123489 0)
(0.390397 -0.00292777 0)
(0.611173 -0.0108881 0)
(0.398556 -0.00156996 0)
(0.62376 -0.00815889 0)
(0.402816 -1.01987e-05 0)
(0.632556 -0.00425958 0)
(0.402658 0.00163899 0)
(0.636161 0.000157077 0)
(0.397896 0.00315781 0)
(0.63433 0.00476221 0)
(0.389007 0.00428161 0)
(0.626772 0.00888926 0)
(0.377074 0.00494051 0)
(0.614494 0.0119325 0)
(0.363431 0.00515463 0)
(0.59911 0.0136431 0)
(0.349336 0.00501093 0)
(0.582317 0.0140957 0)
(0.335762 0.00462052 0)
(0.56554 0.0135738 0)
(0.323364 0.00408327 0)
(0.549916 0.0123984 0)
(0.3125 0.00348725 0)
(0.536006 0.0108632 0)
(0.303277 0.00290227 0)
(0.524076 0.00922417 0)
(0.295622 0.00236974 0)
(0.514113 0.00765437 0)
(0.289375 0.00190739 0)
(0.505944 0.00624688 0)
(0.284339 0.00151825 0)
(0.499331 0.00503543 0)
(0.280318 0.00119819 0)
(0.494028 0.00402161 0)
(0.277128 0.000939447 0)
(0.489804 0.00318979 0)
(0.274611 0.000732639 0)
(0.486456 0.00251661 0)
(0.272635 0.000568614 0)
(0.483812 0.00197624 0)
(0.271089 0.000439461 0)
(0.481733 0.00154538 0)
(0.269885 0.000338407 0)
(0.480103 0.00120419 0)
(0.268949 0.000259813 0)
(0.478829 0.000935369 0)
(0.268225 0.000198991 0)
(0.477836 0.000724861 0)
(0.267664 0.000152094 0)
(0.477063 0.000560369 0)
(0.267232 0.000116028 0)
(0.476464 0.000432414 0)
(0.266898 8.83589e-05 0)
(0.475999 0.000332925 0)
(0.266642 6.7156e-05 0)
(0.47564 0.000256044 0)
(0.266445 5.09368e-05 0)
(0.475363 0.000196532 0)
(0.266295 3.85618e-05 0)
(0.475149 0.000150756 0)
(0.266179 2.91502e-05 0)
(0.474984 0.000115379 0)
(0.266091 2.1999e-05 0)
(0.474857 8.82813e-05 0)
(0.266023 1.65566e-05 0)
(0.474759 6.73376e-05 0)
(0.265972 1.23999e-05 0)
(0.474685 5.13481e-05 0)
(0.265932 9.23121e-06 0)
(0.474627 3.89667e-05 0)
(0.265903 6.84081e-06 0)
(0.474584 2.95623e-05 0)
(0.26588 5.06417e-06 0)
(0.474551 2.22908e-05 0)
(0.265863 3.74902e-06 0)
(0.474525 1.68531e-05 0)
(0.265851 2.76291e-06 0)
(0.474506 1.26308e-05 0)
(0.265841 2.01004e-06 0)
(0.474492 9.48435e-06 0)
(0.265834 1.40883e-06 0)
(0.474481 6.98314e-06 0)
(0.265829 9.5047e-07 0)
(0.474473 5.09017e-06 0)
(0.265825 5.84999e-07 0)
(0.474467 3.53917e-06 0)
(0.265823 3.23683e-07 0)
(0.474463 2.40554e-06 0)
(0.47446 1.44864e-06 0)
(1.05165 0.154676 0)
(1.01332 0.0886704 0)
(1.04726 0.182025 0)
(1.05553 0.162251 0)
(1.01123 0.166025 0)
(1.0672 0.169009 0)
(0.958222 0.13941 0)
(1.04969 0.154916 0)
(0.898203 0.106112 0)
(1.01637 0.133392 0)
(0.841321 0.0740409 0)
(0.977395 0.106013 0)
(0.794088 0.0492089 0)
(0.939716 0.0793289 0)
(0.758123 0.0311701 0)
(0.905782 0.056077 0)
(0.732616 0.0186979 0)
(0.877787 0.0374214 0)
(0.715411 0.0104333 0)
(0.856866 0.0238497 0)
(0.704499 0.00512018 0)
(0.84196 0.0142174 0)
(0.698059 0.00180434 0)
(0.831984 0.00767215 0)
(0.694652 -0.000218889 0)
(0.825708 0.00336949 0)
(0.693313 -0.00146839 0)
(0.822081 0.000546241 0)
(0.693413 -0.00239611 0)
(0.820435 -0.00139392 0)
(0.694568 -0.00324647 0)
(0.820189 -0.00291432 0)
(0.696616 -0.00410144 0)
(0.821058 -0.0042563 0)
(0.699517 -0.00505158 0)
(0.822893 -0.00561735 0)
(0.703296 -0.00615723 0)
(0.82565 -0.00709083 0)
(0.708034 -0.0074531 0)
(0.829355 -0.00875711 0)
(0.71385 -0.00895293 0)
(0.834086 -0.0106645 0)
(0.720872 -0.0106503 0)
(0.839948 -0.0128284 0)
(0.729226 -0.0125167 0)
(0.847063 -0.0152332 0)
(0.739017 -0.0145 0)
(0.855536 -0.0178308 0)
(0.750328 -0.0165294 0)
(0.865452 -0.0205539 0)
(0.763231 -0.018496 0)
(0.876918 -0.0233389 0)
(0.777757 -0.0202068 0)
(0.890092 -0.0260544 0)
(0.793809 -0.0213499 0)
(0.905123 -0.028421 0)
(0.811025 -0.0214793 0)
(0.92203 -0.0299569 0)
(0.828606 -0.0200453 0)
(0.94045 -0.0299303 0)
(0.84512 -0.0165729 0)
(0.959362 -0.0274017 0)
(0.858592 -0.0109544 0)
(0.976866 -0.0216311 0)
(0.866958 -0.0038294 0)
(0.99029 -0.0126261 0)
(0.868926 0.00391931 0)
(0.997144 -0.00181058 0)
(0.864071 0.0114328 0)
(0.996485 0.0096172 0)
(0.852877 0.0176274 0)
(0.988078 0.0200837 0)
(0.83686 0.0217412 0)
(0.973211 0.0279491 0)
(0.818056 0.0236274 0)
(0.954132 0.0324473 0)
(0.798403 0.0235915 0)
(0.933261 0.0337487 0)
(0.779444 0.0221422 0)
(0.91263 0.0325326 0)
(0.762212 0.0198222 0)
(0.893727 0.0296305 0)
(0.747213 0.017115 0)
(0.877229 0.0258619 0)
(0.734562 0.0143839 0)
(0.863373 0.0218756 0)
(0.724121 0.011853 0)
(0.852026 0.0180951 0)
(0.71563 0.0096283 0)
(0.842877 0.0147378 0)
(0.708795 0.00773835 0)
(0.835565 0.0118708 0)
(0.703331 0.00617034 0)
(0.829756 0.00948467 0)
(0.698985 0.00489068 0)
(0.825155 0.00753595 0)
(0.69554 0.0038573 0)
(0.821515 0.00596225 0)
(0.692817 0.00302894 0)
(0.818637 0.00469847 0)
(0.690674 0.00236938 0)
(0.816368 0.0036893 0)
(0.68899 0.00184736 0)
(0.814582 0.00288758 0)
(0.687672 0.0014364 0)
(0.813179 0.00225396 0)
(0.686641 0.00111422 0)
(0.812079 0.00175534 0)
(0.685837 0.000862374 0)
(0.811217 0.00136417 0)
(0.685211 0.00066606 0)
(0.810544 0.0010578 0)
(0.684726 0.000513532 0)
(0.810018 0.000818715 0)
(0.684349 0.000395379 0)
(0.809609 0.000632653 0)
(0.684057 0.000304022 0)
(0.809291 0.000488312 0)
(0.683831 0.000233465 0)
(0.809044 0.000376402 0)
(0.683656 0.000179015 0)
(0.808852 0.000289782 0)
(0.683522 0.000137038 0)
(0.808703 0.000222708 0)
(0.683418 0.000104709 0)
(0.808588 0.000170893 0)
(0.683338 7.98438e-05 0)
(0.8085 0.000130856 0)
(0.683277 6.07369e-05 0)
(0.808431 0.000100017 0)
(0.683231 4.60816e-05 0)
(0.808379 7.62491e-05 0)
(0.683195 3.48642e-05 0)
(0.808338 5.80052e-05 0)
(0.683168 2.62926e-05 0)
(0.808307 4.39748e-05 0)
(0.683147 1.97358e-05 0)
(0.808283 3.32215e-05 0)
(0.683131 1.46998e-05 0)
(0.808265 2.49351e-05 0)
(0.68312 1.08137e-05 0)
(0.808252 1.85326e-05 0)
(0.683111 7.75409e-06 0)
(0.808242 1.35988e-05 0)
(0.683105 5.43116e-06 0)
(0.808234 9.60269e-06 0)
(0.683101 3.57723e-06 0)
(0.808229 6.79558e-06 0)
(0.808225 3.98939e-06 0)
(1.03966 0.111059 0)
(1.00913 0.0490132 0)
(1.08181 0.156232 0)
(1.04758 0.120102 0)
(1.10261 0.161763 0)
(1.08715 0.148208 0)
(1.10579 0.152695 0)
(1.10976 0.151735 0)
(1.09563 0.13588 0)
(1.11559 0.143548 0)
(1.07567 0.112941 0)
(1.11325 0.12598 0)
(1.05069 0.0875295 0)
(1.10108 0.104309 0)
(1.0248 0.0632595 0)
(1.08488 0.0819631 0)
(1.0017 0.0430243 0)
(1.0671 0.0605214 0)
(0.983097 0.0277689 0)
(1.05075 0.0424522 0)
(0.969236 0.0167821 0)
(1.03685 0.0280794 0)
(0.959507 0.00921735 0)
(1.02607 0.0174012 0)
(0.953056 0.00411343 0)
(1.0182 0.00981996 0)
(0.949136 0.000609013 0)
(1.01279 0.00446678 0)
(0.947153 -0.00191977 0)
(1.0094 0.000589541 0)
(0.946624 -0.00393118 0)
(1.00764 -0.00238507 0)
(0.94726 -0.0057837 0)
(1.00718 -0.00489275 0)
(0.948924 -0.00767773 0)
(1.00781 -0.00728089 0)
(0.95158 -0.00972016 0)
(1.00945 -0.00974709 0)
(0.955244 -0.0120098 0)
(1.01209 -0.0124207 0)
(0.959985 -0.0146 0)
(1.01576 -0.0154055 0)
(0.965901 -0.0174982 0)
(1.02056 -0.0187446 0)
(0.973098 -0.0206719 0)
(1.0266 -0.0224302 0)
(0.981673 -0.0240603 0)
(1.03399 -0.026406 0)
(0.99173 -0.0276017 0)
(1.04282 -0.0306107 4.77046e-34)
(1.00348 -0.0312145 0)
(1.05327 -0.0350876 -4.75242e-34)
(1.01721 -0.0346833 0)
(1.06581 -0.0397884 0)
(1.03321 -0.0375406 0)
(1.08106 -0.0444159 0)
(1.05152 -0.0389664 0)
(1.09962 -0.0482666 0)
(1.07154 -0.0377851 0)
(1.12157 -0.0499502 0)
(1.09168 -0.0327983 0)
(1.14569 -0.0475469 0)
(1.10943 -0.0234721 0)
(1.16914 -0.0393788 0)
(1.12158 -0.0106009 0)
(1.18814 -0.0247775 0)
(1.12577 0.00414619 0)
(1.19823 -0.00599566 0)
(1.12133 0.0187671 0)
(1.1981 0.0140548 0)
(1.10898 0.0310101 0)
(1.18783 0.0324373 0)
(1.09072 0.039238 0)
(1.16925 0.0462046 0)
(1.06933 0.0430681 0)
(1.14555 0.0538374 0)
(1.04734 0.0430849 0)
(1.12021 0.0557399 0)
(1.02665 0.0403115 0)
(1.09608 0.0532264 0)
(1.0084 0.035876 0)
(1.07481 0.047879 0)
(0.993036 0.0307686 0)
(1.05709 0.0412238 0)
(0.980513 0.0256956 0)
(1.04294 0.034398 0)
(0.970501 0.0210656 0)
(1.03191 0.0281073 0)
(0.962573 0.0170469 0)
(1.0234 0.0226655 0)
(0.956328 0.0136676 0)
(1.01685 0.0181158 0)
(0.95142 0.0108893 0)
(1.01182 0.0143926 0)
(0.947558 0.0086392 0)
(1.00793 0.0113984 0)
(0.944511 0.00682941 0)
(1.0049 0.00900914 0)
(0.942108 0.00537954 0)
(1.00253 0.00710148 0)
(0.940214 0.00422372 0)
(1.00067 0.00558335 0)
(0.938723 0.00330678 0)
(0.999205 0.00437899 0)
(0.937549 0.00258272 0)
(0.998056 0.00342735 0)
(0.936626 0.002013 0)
(0.997153 0.0026782 0)
(0.935901 0.00156567 0)
(0.996441 0.0020889 0)
(0.935333 0.00121522 0)
(0.995881 0.00162576 0)
(0.934889 0.000941557 0)
(0.995441 0.00126299 0)
(0.934542 0.000728508 0)
(0.995097 0.000979778 0)
(0.934271 0.000563004 0)
(0.994827 0.000759269 0)
(0.934059 0.00043455 0)
(0.994616 0.000587678 0)
(0.933895 0.000334918 0)
(0.994451 0.000454267 0)
(0.933767 0.0002577 0)
(0.994322 0.000350545 0)
(0.933667 0.000197935 0)
(0.994221 0.000270066 0)
(0.93359 0.000151742 0)
(0.994143 0.000207668 0)
(0.933531 0.000116099 0)
(0.994082 0.000159422 0)
(0.933485 8.86264e-05 0)
(0.994035 0.000122124 0)
(0.933449 6.74708e-05 0)
(0.993998 9.33379e-05 0)
(0.933422 5.11792e-05 0)
(0.99397 7.10961e-05 0)
(0.933401 3.86278e-05 0)
(0.993949 5.39299e-05 0)
(0.933386 2.8928e-05 0)
(0.993932 4.0651e-05 0)
(0.933374 2.14432e-05 0)
(0.99392 3.03484e-05 0)
(0.933365 1.55502e-05 0)
(0.99391 2.24205e-05 0)
(0.933358 1.10379e-05 0)
(0.993903 1.60013e-05 0)
(0.933354 7.25401e-06 0)
(0.993898 1.13835e-05 0)
(0.993894 6.59167e-06 0)
(1.01979 0.0664408 0)
(1.0042 0.029223 0)
(1.05943 0.112601 0)
(1.0272 0.080462 0)
(1.09475 0.135811 0)
(1.06396 0.112891 0)
(1.11897 0.140549 0)
(1.09622 0.127513 0)
(1.13344 0.132908 0)
(1.11796 0.129074 0)
(1.13843 0.117745 0)
(1.13308 0.120995 0)
(1.13509 0.0993227 0)
(1.1384 0.107648 0)
(1.12682 0.0796174 0)
(1.13853 0.0902301 0)
(1.11587 0.0604247 0)
(1.13327 0.0714716 0)
(1.10418 0.0433662 0)
(1.12596 0.0541414 0)
(1.09352 0.0292479 0)
(1.11778 0.0387483 0)
(1.08468 0.0183866 0)
(1.11013 0.0262385 0)
(1.07784 0.0104037 0)
(1.10374 0.0166599 0)
(1.07297 0.00458997 0)
(1.09867 0.00933121 0)
(1.06984 0.000232353 0)
(1.095 0.00372816 0)
(1.06814 -0.00323278 0)
(1.09263 -0.000686293 0)
(1.06768 -0.00625575 0)
(1.09145 -0.00443002 0)
(1.06826 -0.00919756 0)
(1.09129 -0.00786178 0)
(1.06985 -0.0122717 0)
(1.09208 -0.0113385 0)
(1.07246 -0.0156133 0)
(1.09382 -0.01503 0)
(1.07615 -0.0193252 0)
(1.09656 -0.0191013 0)
(1.08103 -0.0234439 0)
(1.10043 -0.0236263 0)
(1.08722 -0.0279444 0)
(1.10559 -0.0286133 0)
(1.09483 -0.0327886 4.77046e-34)
(1.11215 -0.0340166 0)
(1.10401 -0.0380087 2.15271e-36)
(1.12032 -0.0397959 4.77046e-34)
(1.11522 -0.0436528 -4.75242e-34)
(1.13028 -0.0462919 -4.75242e-34)
(1.1293 -0.0496076 0)
(1.14342 -0.0538705 0)
(1.14719 -0.0553521 0)
(1.16094 -0.0623087 0)
(1.16962 -0.0595504 0)
(1.18441 -0.0706965 0)
(1.1961 -0.0599503 0)
(1.21433 -0.0764304 0)
(1.22387 -0.0540381 0)
(1.2483 -0.0753082 0)
(1.24878 -0.0400149 0)
(1.28099 -0.0642929 0)
(1.26609 -0.0193025 0)
(1.30647 -0.0420831 0)
(1.27183 0.00437999 0)
(1.31711 -0.0117451 0)
(1.2655 0.0278662 0)
(1.31497 0.0203944 0)
(1.24858 0.0476997 0)
(1.30169 0.0493516 0)
(1.22414 0.06086 0)
(1.27766 0.0706493 0)
(1.1963 0.0665728 0)
(1.24612 0.0816716 0)
(1.16872 0.0659391 0)
(1.21296 0.0833262 0)
(1.14389 0.0608088 0)
(1.18233 0.0780476 0)
(1.12313 0.0531882 0)
(1.15642 0.0686483 0)
(1.10664 0.0447896 0)
(1.13608 0.0577105 0)
(1.09403 0.0367433 0)
(1.12088 0.0470049 0)
(1.08455 0.0296395 0)
(1.10981 0.0375876 0)
(1.07746 0.0236631 0)
(1.10191 0.0297522 0)
(1.07217 0.0187672 0)
(1.09625 0.0234133 0)
(1.06819 0.0148326 0)
(1.09216 0.0183697 0)
(1.06516 0.0117088 0)
(1.08917 0.0144241 0)
(1.06283 0.00923242 0)
(1.08693 0.0113451 0)
(1.06102 0.00726661 0)
(1.08522 0.00891326 0)
(1.0596 0.00570994 0)
(1.08391 0.00699634 0)
(1.0585 0.00448024 0)
(1.08289 0.00548521 0)
(1.05763 0.00351004 0)
(1.0821 0.00429613 0)
(1.05694 0.00274512 0)
(1.08147 0.00336424 0)
(1.0564 0.00214267 0)
(1.08098 0.00263049 0)
(1.05597 0.00166922 0)
(1.08059 0.0020525 0)
(1.05564 0.00129829 0)
(1.08028 0.00159871 0)
(1.05537 0.00100851 0)
(1.08004 0.00124397 0)
(1.05517 0.000782533 0)
(1.07985 0.000967237 0)
(1.055 0.000606416 0)
(1.0797 0.000751285 0)
(1.05487 0.000469224 0)
(1.07958 0.000582711 0)
(1.05477 0.000362457 0)
(1.07949 0.000451181 0)
(1.05469 0.000279499 0)
(1.07941 0.000348741 0)
(1.05463 0.000215158 0)
(1.07935 0.000269093 0)
(1.05459 0.000165335 0)
(1.07931 0.00020732 0)
(1.05455 0.00012678 0)
(1.07927 0.000159425 0)
(1.05452 9.69469e-05 0)
(1.07925 0.000122309 0)
(1.0545 7.38563e-05 0)
(1.07922 9.35111e-05 0)
(1.05448 5.59794e-05 0)
(1.07921 7.11919e-05 0)
(1.05447 4.21096e-05 0)
(1.07919 5.38578e-05 0)
(1.05446 3.13695e-05 0)
(1.07919 4.03845e-05 0)
(1.05445 2.29148e-05 0)
(1.07918 2.99433e-05 0)
(1.05444 1.63835e-05 0)
(1.07917 2.15507e-05 0)
(1.05444 1.07426e-05 0)
(1.07917 1.53373e-05 0)
(1.07916 8.77707e-06 0)
(1.01042 0.0439803 0)
(1.0023 0.0188077 0)
(1.0361 0.0799194 0)
(1.01538 0.0547817 0)
(1.06673 0.103743 0)
(1.04064 0.0822612 0)
(1.09507 0.115361 0)
(1.06901 0.0991715 0)
(1.11765 0.116564 0)
(1.09396 0.106494 0)
(1.13302 0.110226 0)
(1.1137 0.105624 0)
(1.14184 0.0982853 0)
(1.12774 0.0988268 0)
(1.14477 0.0824297 0)
(1.13685 0.0872963 0)
(1.14322 0.0656124 0)
(1.14017 0.0730297 0)
(1.13929 0.0497883 0)
(1.14041 0.0580662 0)
(1.13429 0.0359458 0)
(1.13805 0.0437517 0)
(1.12915 0.0247041 0)
(1.13478 0.0313743 0)
(1.12447 0.0157902 0)
(1.13128 0.021342 0)
(1.12061 0.00869893 0)
(1.12801 0.0131901 0)
(1.11773 0.00302673 0)
(1.12527 0.0066044 0)
(1.11589 -0.00168024 0)
(1.1233 0.00116149 0)
(1.11501 -0.00583937 0)
(1.12212 -0.00355435 0)
(1.11504 -0.00984258 0)
(1.12169 -0.00788823 0)
(1.11595 -0.0139739 0)
(1.12202 -0.0122506 0)
(1.11779 -0.0184032 0)
(1.12314 -0.016867 0)
(1.12067 -0.0232564 0)
(1.12511 -0.0219785 0)
(1.12476 -0.0286106 0)
(1.12824 -0.0277185 0)
(1.13023 -0.0344769 0)
(1.13267 -0.0340877 0)
(1.13726 -0.0407957 0)
(1.13864 -0.0410426 0)
(1.14617 -0.0479094 0)
(1.14648 -0.0487078 0)
(1.15799 -0.0565504 0)
(1.15672 -0.058113 0)
(1.17451 -0.0668693 0)
(1.1715 -0.0703884 0)
(1.19757 -0.0782081 0)
(1.19294 -0.0853649 0)
(1.22882 -0.088399 0)
(1.22385 -0.101949 0)
(1.26699 -0.0932585 0)
(1.26271 -0.114606 0)
(1.30654 -0.0883889 0)
(1.30289 -0.114852 0)
(1.3402 -0.0690946 0)
(1.3412 -0.0979538 0)
(1.35887 -0.0351546 0)
(1.35778 -0.0607496 0)
(1.36164 0.0054449 0)
(1.35945 -0.014522 0)
(1.35241 0.0441183 0)
(1.35452 0.0296288 0)
(1.33111 0.0748746 0)
(1.344 0.0706467 0)
(1.29941 0.0934535 0)
(1.32279 0.102352 0)
(1.26249 0.0994705 0)
(1.2915 0.118591 0)
(1.22618 0.0958137 0)
(1.25421 0.119635 0)
(1.19432 0.0860104 0)
(1.21834 0.109909 0)
(1.16892 0.0732 0)
(1.1875 0.0940525 0)
(1.14995 0.0598833 0)
(1.16402 0.0766767 0)
(1.13638 0.0477488 0)
(1.14736 0.0605743 0)
(1.12694 0.0375737 0)
(1.13603 0.0470249 0)
(1.1205 0.0293972 0)
(1.1286 0.036198 0)
(1.11609 0.0229604 0)
(1.12376 0.0278218 0)
(1.11303 0.0179385 0)
(1.12059 0.0214245 0)
(1.11086 0.0140393 0)
(1.11848 0.0166018 0)
(1.10925 0.0109974 0)
(1.11707 0.0129528 0)
(1.10806 0.00861392 0)
(1.11605 0.0101066 0)
(1.10716 0.00674627 0)
(1.11531 0.00789748 0)
(1.10646 0.00527985 0)
(1.11475 0.00618013 0)
(1.10592 0.00413324 0)
(1.11432 0.00483985 0)
(1.10549 0.00323643 0)
(1.11398 0.00379206 0)
(1.10515 0.00253018 0)
(1.11372 0.00296792 0)
(1.10489 0.0019741 0)
(1.11351 0.0023188 0)
(1.10468 0.00153839 0)
(1.11334 0.00180889 0)
(1.10451 0.00119828 0)
(1.11321 0.00141036 0)
(1.10438 0.000932759 0)
(1.1131 0.00109955 0)
(1.10427 0.000725198 0)
(1.11302 0.000856481 0)
(1.10419 0.000562907 0)
(1.11295 0.0006661 0)
(1.10412 0.000436161 0)
(1.1129 0.000517096 0)
(1.10407 0.000337369 0)
(1.11286 0.000400693 0)
(1.10403 0.000260548 0)
(1.11282 0.000310006 0)
(1.104 0.000200899 0)
(1.1128 0.000239528 0)
(1.10397 0.000154588 0)
(1.11278 0.000184764 0)
(1.10395 0.000118616 0)
(1.11276 0.000142174 0)
(1.10394 9.0667e-05 0)
(1.11275 0.000109024 0)
(1.10392 6.89503e-05 0)
(1.11274 8.32374e-05 0)
(1.10391 5.20547e-05 0)
(1.11273 6.31625e-05 0)
(1.10391 3.89107e-05 0)
(1.11272 4.75145e-05 0)
(1.1039 2.85524e-05 0)
(1.11272 3.53028e-05 0)
(1.1039 2.04828e-05 0)
(1.11272 2.55452e-05 0)
(1.10389 1.33538e-05 0)
(1.11271 1.8111e-05 0)
(1.11271 1.0225e-05 0)
(1.00589 0.0304573 0)
(1.00137 0.0129144 0)
(1.0221 0.0573145 0)
(1.00934 0.0385735 0)
(1.04428 0.0775426 0)
(1.02613 0.0600822 0)
(1.06799 0.0901255 0)
(1.04749 0.0754643 0)
(1.0901 0.0953551 0)
(1.06908 0.0843838 0)
(1.10854 0.094145 0)
(1.08854 0.0871789 0)
(1.1227 0.0877275 0)
(1.10496 0.0846716 0)
(1.1322 0.0775981 0)
(1.11773 0.0777984 0)
(1.13731 0.0652492 0)
(1.12644 0.0679167 0)
(1.13902 0.0519401 0)
(1.13172 0.0563536 0)
(1.13849 0.0391349 0)
(1.13393 0.0442878 0)
(1.13682 0.0280624 0)
(1.13443 0.0330382 0)
(1.13473 0.0188641 0)
(1.13373 0.0234321 0)
(1.13262 0.0111955 0)
(1.13259 0.0153 0)
(1.1308 0.00479982 0)
(1.13129 0.00842675 0)
(1.12949 -0.000666558 0)
(1.13018 0.00247226 0)
(1.12874 -0.00553216 0)
(1.12935 -0.00280754 0)
(1.1286 -0.0101616 0)
(1.12888 -0.00774479 0)
(1.12911 -0.0149297 0)
(1.1289 -0.0127544 0)
(1.13035 -0.020192 0)
(1.12951 -0.0181136 0)
(1.13253 -0.0262122 0)
(1.13081 -0.0241596 0)
(1.13593 -0.0329915 0)
(1.13319 -0.0311134 0)
(1.1408 -0.0404612 0)
(1.13686 -0.0389568 0)
(1.14743 -0.0487934 0)
(1.14219 -0.0476776 0)
(1.15652 -0.0588019 0)
(1.14962 -0.0577994 0)
(1.16952 -0.0719701 0)
(1.15999 -0.0711111 0)
(1.18914 -0.0893314 0)
(1.17528 -0.090009 0)
(1.21807 -0.11051 0)
(1.19778 -0.114288 0)
(1.25741 -0.130993 0)
(1.23109 -0.141288 0)
(1.29909 -0.139454 0)
(1.26428 -0.15629 0)
(1.33728 -0.127627 0)
(1.28013 -0.153046 0)
(1.36328 -0.0937492 0)
(1.28176 -0.123944 0)
(1.36047 -0.043535 0)
(1.23601 -0.0579443 1.04569e-18)
(1.35271 0.00874549 0)
(1.20655 -0.00675749 3.37445e-17)
(1.3486 0.058617 0)
(1.2113 0.0337302 2.77854e-17)
(1.33575 0.102677 0)
(1.22743 0.0835029 -1.90902e-17)
(1.31386 0.131186 0)
(1.24276 0.124241 -1.76561e-20)
(1.28249 0.14128 0)
(1.25719 0.149956 0)
(1.24587 0.135186 0)
(1.24229 0.156257 0)
(1.2108 0.118373 0)
(1.21686 0.144978 0)
(1.18203 0.0974914 0)
(1.18928 0.122829 0)
(1.16104 0.0772134 0)
(1.16629 0.0976601 0)
(1.14675 0.0596655 0)
(1.14994 0.074872 0)
(1.13749 0.0454842 0)
(1.13936 0.0562855 0)
(1.13169 0.0344848 0)
(1.13292 0.041997 0)
(1.12813 0.0261577 0)
(1.12917 0.0313771 0)
(1.12596 0.0199696 0)
(1.12705 0.0235933 0)
(1.12464 0.0154282 0)
(1.12588 0.0179275 0)
(1.12381 0.0120186 0)
(1.12529 0.0137767 0)
(1.12327 0.0093746 0)
(1.12497 0.0106543 0)
(1.12288 0.00732093 0)
(1.1248 0.00828148 0)
(1.1226 0.00572597 0)
(1.12469 0.00646629 0)
(1.12237 0.00448306 0)
(1.12462 0.00506515 0)
(1.12219 0.00350981 0)
(1.12457 0.00396743 0)
(1.12206 0.002745 0)
(1.12453 0.0031041 0)
(1.12195 0.0021438 0)
(1.1245 0.00242532 0)
(1.12187 0.00167298 0)
(1.12447 0.00189245 0)
(1.1218 0.00130577 0)
(1.12445 0.00147751 0)
(1.12175 0.00101901 0)
(1.12444 0.00115465 0)
(1.1217 0.000794247 0)
(1.12442 0.000901471 0)
(1.12166 0.000617963 0)
(1.1244 0.000702429 0)
(1.12164 0.000479918 0)
(1.12439 0.000546218 0)
(1.12161 0.000372103 0)
(1.12438 0.000423911 0)
(1.12159 0.000288135 0)
(1.12437 0.000328542 0)
(1.12158 0.000222812 0)
(1.12437 0.000254427 0)
(1.12157 0.000171944 0)
(1.12436 0.000196761 0)
(1.12156 0.000132295 0)
(1.12436 0.000151762 0)
(1.12155 0.000101394 0)
(1.12435 0.000116646 0)
(1.12154 7.73132e-05 0)
(1.12435 8.92416e-05 0)
(1.12154 5.85331e-05 0)
(1.12435 6.78631e-05 0)
(1.12154 4.38521e-05 0)
(1.12434 5.11514e-05 0)
(1.12153 3.22632e-05 0)
(1.12434 3.80413e-05 0)
(1.12153 2.31543e-05 0)
(1.12434 2.75993e-05 0)
(1.12153 1.49722e-05 0)
(1.12434 1.9458e-05 0)
(1.12434 1.08111e-05 0)
(1.00368 0.0217148 0)
(1.0009 0.00923215 0)
(1.01444 0.0416653 0)
(1.00621 0.0278114 0)
(1.03035 0.0579552 0)
(1.01789 0.0441792 0)
(1.04883 0.0695205 0)
(1.03378 0.056985 0)
(1.06762 0.0759514 0)
(1.05126 0.0655884 0)
(1.08505 0.0774163 0)
(1.06843 0.069754 0)
(1.10005 0.0744888 0)
(1.08423 0.0696662 0)
(1.112 0.0680041 0)
(1.09781 0.0658556 0)
(1.12077 0.0590081 0)
(1.10872 0.0591434 0)
(1.12661 0.0487212 0)
(1.11688 0.0505149 0)
(1.12985 0.0382466 0)
(1.12241 0.0410464 0)
(1.13122 0.0284531 0)
(1.12578 0.0316663 0)
(1.13155 0.0198831 0)
(1.12755 0.0231086 0)
(1.13125 0.0125402 0)
(1.12834 0.0155983 0)
(1.13066 0.00611655 0)
(1.12847 0.00901954 0)
(1.13 0.000380872 0)
(1.12826 0.00312565 0)
(1.12943 -0.00491887 0)
(1.12783 -0.0022347 0)
(1.12912 -0.0101908 0)
(1.12737 -0.00743685 0)
(1.12922 -0.0157601 0)
(1.12706 -0.012851 0)
(1.1299 -0.0218706 0)
(1.12705 -0.0187946 0)
(1.13136 -0.028813 0)
(1.12754 -0.0256244 0)
(1.13391 -0.0368041 0)
(1.12884 -0.0336597 0)
(1.13797 -0.0458885 0)
(1.13135 -0.0430182 0)
(1.14399 -0.0564144 0)
(1.13558 -0.0536973 0)
(1.15252 -0.0698721 0)
(1.14169 -0.0663254 8.07721e-33)
(1.16484 -0.0887824 0)
(1.1502 -0.0834354 -8.03023e-33)
(1.18295 -0.114294 0)
(1.16103 -0.108118 0)
(1.20869 -0.144373 0)
(1.17495 -0.140021 0)
(1.23705 -0.165459 0)
(1.18912 -0.169656 0)
(1.24905 -0.163724 0)
(1.17972 -0.168287 3.42559e-17)
(1.21965 -0.135557 0)
(1.08837 -0.11057 0)
(1.16168 -0.0762626 1.04569e-18)
(0.603 0.515349 0)
(1.08473 -0.0191305 3.47902e-17)
(0.554946 0.355188 1.04569e-18)
(1.06214 0.012549 6.153e-17)
(0.528593 0.278135 3.37445e-17)
(1.09468 0.0422216 8.69524e-18)
(0.536268 0.266037 2.77854e-17)
(1.13425 0.0809889 -1.91078e-17)
(0.555582 0.223798 -1.90902e-17)
(1.18383 0.128214 -1.76561e-20)
(1.0706 0.0537736 5.82098e-18)
(1.21587 0.161182 0)
(1.12525 0.117915 7.80654e-18)
(1.21233 0.164776 0)
(1.17008 0.159793 0)
(1.19458 0.148926 0)
(1.17538 0.162732 0)
(1.17308 0.122628 0)
(1.16425 0.144329 0)
(1.15483 0.0950136 0)
(1.15065 0.115904 0)
(1.14231 0.0712266 0)
(1.13928 0.0873964 0)
(1.13464 0.0525575 0)
(1.13192 0.0639501 0)
(1.13029 0.0386625 0)
(1.1279 0.0463457 0)
(1.12802 0.0286037 0)
(1.12602 0.0336552 0)
(1.12692 0.0213792 0)
(1.12536 0.0246855 0)
(1.12649 0.016148 0)
(1.12532 0.0183661 0)
(1.12641 0.0123117 0)
(1.12559 0.0138564 0)
(1.12648 0.00947934 0)
(1.12597 0.0105811 0)
(1.1266 0.00736865 0)
(1.12635 0.00816508 0)
(1.12671 0.00576936 0)
(1.12668 0.00635209 0)
(1.12681 0.00452757 0)
(1.12696 0.00496612 0)
(1.12689 0.00354797 0)
(1.12719 0.00388542 0)
(1.12696 0.00277714 0)
(1.12737 0.00303798 0)
(1.12701 0.00217099 0)
(1.12751 0.00237186 0)
(1.12706 0.00169504 0)
(1.12762 0.00184887 0)
(1.12709 0.00132363 0)
(1.12771 0.00144638 0)
(1.12711 0.00103416 0)
(1.12777 0.00113468 0)
(1.12712 0.000807327 0)
(1.12782 0.000887736 0)
(1.12713 0.000628869 0)
(1.12785 0.000692438 0)
(1.12714 0.000488678 0)
(1.12788 0.000538829 0)
(1.12714 0.000379096 0)
(1.12791 0.000418313 0)
(1.12715 0.000293918 0)
(1.12792 0.000324522 0)
(1.12715 0.000227742 0)
(1.12794 0.000251868 0)
(1.12715 0.000176126 0)
(1.12794 0.000195244 0)
(1.12715 0.000135785 0)
(1.12795 0.000150871 0)
(1.12715 0.000104264 0)
(1.12796 0.000116139 0)
(1.12715 7.96385e-05 0)
(1.12796 8.89658e-05 0)
(1.12715 6.03899e-05 0)
(1.12796 6.77047e-05 0)
(1.12715 4.52916e-05 0)
(1.12797 5.10734e-05 0)
(1.12715 3.33586e-05 0)
(1.12797 3.79873e-05 0)
(1.12715 2.39074e-05 0)
(1.12797 2.75913e-05 0)
(1.12715 1.53138e-05 0)
(1.12797 1.93353e-05 0)
(1.12797 1.05423e-05 0)
(1.00256 0.0157307 0)
(1.00065 0.00667463 0)
(1.01022 0.0305466 0)
(1.00451 0.0201484 0)
(1.022 0.043219 0)
(1.01316 0.0324023 0)
(1.03649 0.0529503 0)
(1.02535 0.0424924 0)
(1.05218 0.0592349 0)
(1.03957 0.0498967 0)
(1.06772 0.061831 0)
(1.05445 0.0542193 0)
(1.08208 0.0608821 0)
(1.06895 0.055308 0)
(1.09456 0.0568635 0)
(1.08227 0.0533676 0)
(1.10481 0.0505262 0)
(1.09383 0.0488983 0)
(1.11269 0.0427595 0)
(1.10331 0.0426349 0)
(1.11833 0.0344408 0)
(1.11063 0.035406 0)
(1.12205 0.0263198 0)
(1.11594 0.0279469 0)
(1.12432 0.0188504 0)
(1.11954 0.0208384 0)
(1.12557 0.0121612 0)
(1.12182 0.014351 0)
(1.12608 0.00616417 0)
(1.12311 0.00850211 0)
(1.12607 0.000665772 0)
(1.12363 0.00314515 0)
(1.12574 -0.00460008 0)
(1.12356 -0.00190789 0)
(1.12529 -0.00995997 0)
(1.12309 -0.00698751 0)
(1.12486 -0.0157585 0)
(1.12235 -0.0124175 0)
(1.12464 -0.0223863 0)
(1.12149 -0.0185814 0)
(1.12494 -0.0302249 0)
(1.12074 -0.0259202 0)
(1.12613 -0.0395346 0)
(1.12041 -0.0348518 0)
(1.12874 -0.0503798 0)
(1.12097 -0.0456243 0)
(1.133 -0.0630293 8.07721e-33)
(1.12279 -0.0579647 0)
(1.13874 -0.0791379 5.71506e-35)
(1.12544 -0.0720638 8.07721e-33)
(1.14576 -0.101786 -8.03023e-33)
(1.12876 -0.0904541 -8.03023e-33)
(1.15295 -0.131249 0)
(1.12742 -0.1153 0)
(1.15561 -0.158897 0)
(1.1191 -0.142682 0)
(1.14463 -0.158939 3.42559e-17)
(1.10255 -0.158674 4.15944e-17)
(1.11546 -0.0973253 3.42559e-17)
(1.03092 -0.117713 3.42559e-17)
(1.19136 -0.0236215 0)
(0.467729 0.253512 0)
(0.476345 0 0)
(0 0.00145523 0)
(0.30788 0 0)
(0 -0.00231852 0)
(0.32221 0 0)
(0 0.00614843 0)
(0.406528 0 0)
(0 0.0131573 0)
(0.587532 0.00966087 5.83863e-18)
(0 0.0282675 0)
(1.02409 0.0453661 1.36452e-17)
(0.491807 0.11125 5.83863e-18)
(1.0766 0.108483 7.80654e-18)
(0.994962 0.0371719 9.36991e-18)
(1.13018 0.154227 0)
(1.05966 0.106208 2.43148e-17)
(1.14384 0.156818 0)
(1.10543 0.149074 0)
(1.14188 0.136741 0)
(1.11686 0.14629 0)
(1.13482 0.107527 0)
(1.11985 0.122965 0)
(1.1287 0.079594 0)
(1.11916 0.0935195 0)
(1.12513 0.0573593 0)
(1.11834 0.0675164 0)
(1.12361 0.0410513 0)
(1.11854 0.0478721 0)
(1.12335 0.029534 0)
(1.11952 0.0339134 0)
(1.12374 0.0215258 0)
(1.12083 0.0242902 0)
(1.12441 0.0159483 0)
(1.12218 0.0176944 0)
(1.12515 0.0120093 0)
(1.12344 0.0131232 0)
(1.12583 0.00916715 0)
(1.12453 0.00989704 0)
(1.12643 0.00706969 0)
(1.12545 0.00756959 0)
(1.12693 0.00549089 0)
(1.1262 0.00585197 0)
(1.12734 0.00428275 0)
(1.12681 0.00455584 0)
(1.12767 0.00334464 0)
(1.1273 0.00355859 0)
(1.12792 0.00260842 0)
(1.12768 0.00278032 0)
(1.12812 0.00203183 0)
(1.12798 0.00217079 0)
(1.12828 0.00158891 0)
(1.12821 0.00169645 0)
(1.12839 0.00125071 0)
(1.12839 0.00133116 0)
(1.12848 0.000983523 0)
(1.12853 0.00104518 0)
(1.12855 0.000769253 0)
(1.12864 0.000816999 0)
(1.12861 0.000600204 0)
(1.12872 0.000637068 0)
(1.12865 0.000467358 0)
(1.12879 0.000495535 0)
(1.12868 0.000362937 0)
(1.12884 0.000384156 0)
(1.12871 0.000281539 0)
(1.12888 0.00029851 0)
(1.12873 0.000218476 0)
(1.12891 0.000232724 0)
(1.12874 0.000169305 0)
(1.12893 0.000180866 0)
(1.12876 0.000130699 0)
(1.12895 0.000139899 0)
(1.12876 0.000100401 0)
(1.12897 0.000107745 0)
(1.12877 7.66727e-05 0)
(1.12898 8.25294e-05 0)
(1.12878 5.81244e-05 0)
(1.12898 6.27549e-05 0)
(1.12878 4.35864e-05 0)
(1.12899 4.73439e-05 0)
(1.12878 3.20945e-05 0)
(1.129 3.52069e-05 0)
(1.12878 2.29406e-05 0)
(1.129 2.55631e-05 0)
(1.12879 1.45279e-05 0)
(1.129 1.77654e-05 0)
(1.129 9.45985e-06 0)
(1.00193 0.011334 0)
(1.00051 0.00474168 0)
(1.00776 0.0221674 0)
(1.00352 0.0143172 0)
(1.01696 0.0317205 0)
(1.01034 0.0232095 0)
(1.02867 0.0394028 0)
(1.02019 0.0307815 0)
(1.04195 0.0448036 0)
(1.03206 0.0366168 0)
(1.05578 0.0476021 0)
(1.04509 0.0403909 0)
(1.06922 0.0476968 0)
(1.05838 0.04186 0)
(1.08158 0.0453099 0)
(1.07117 0.0410083 0)
(1.09236 0.040936 0)
(1.08281 0.0381246 0)
(1.10127 0.0352345 0)
(1.09288 0.0337263 0)
(1.10825 0.0288843 0)
(1.10115 0.028423 0)
(1.11342 0.0224646 0)
(1.1076 0.0227777 0)
(1.11703 0.0163588 0)
(1.11236 0.0172283 0)
(1.11937 0.0107218 0)
(1.11566 0.0120143 0)
(1.12068 0.00552986 0)
(1.11773 0.00719239 0)
(1.12113 0.000640294 0)
(1.11876 0.00268832 0)
(1.12091 -0.00419987 0)
(1.1189 -0.00168867 0)
(1.12016 -0.0093038 0)
(1.11826 -0.00623714 0)
(1.119 -0.0150345 0)
(1.11693 -0.0112547 0)
(1.11759 -0.0218437 0)
(1.11499 -0.0171753 0)
(1.1162 -0.0302121 0)
(1.11256 -0.0245251 0)
(1.11518 -0.0405128 0)
(1.10983 -0.033828 0)
(1.11491 -0.0526215 0)
(1.10715 -0.0453559 0)
(1.11519 -0.0661742 0)
(1.1044 -0.0582492 0)
(1.11498 -0.0820504 0)
(1.10129 -0.0718486 1.06814e-33)
(1.11173 -0.101502 0)
(1.09729 -0.0872065 -1.06702e-33)
(1.09807 -0.124927 0)
(1.07979 -0.101643 0)
(1.07466 -0.13693 4.15944e-17)
(1.03543 -0.119271 1.07997e-17)
(1.0529 -0.081829 4.15944e-17)
(0.965057 -0.118195 4.15944e-17)
(1.05152 -0.0137319 0)
(0.476094 0.257659 0)
(0.161416 0 0)
(0 0.00525007 0)
(0.0119998 0 0)
(0 0.000751472 0)
(0.0222239 0 0)
(0 0.000705274 0)
(0.0473134 0 0)
(0 0.00132283 0)
(0.10795 0 0)
(0 0.00388161 0)
(0.261144 0 0)
(0 0.00616398 0)
(0.547691 0.0037306 1.56338e-18)
(0 0.00371866 0)
(0.972805 0.0360102 2.58782e-17)
(0.476193 0.057075 1.56338e-18)
(1.03188 0.0989393 2.43148e-17)
(0.975171 0.0484557 3.0501e-17)
(1.07509 0.136931 0)
(1.03068 0.105866 -7.85498e-18)
(1.09512 0.131357 0)
(1.06193 0.126256 0)
(1.10422 0.108047 0)
(1.08026 0.113867 0)
(1.1087 0.0807531 0)
(1.09319 0.0890397 0)
(1.11182 0.0575509 0)
(1.10143 0.0643968 0)
(1.11455 0.0404046 0)
(1.10728 0.0451432 0)
(1.11706 0.0284285 0)
(1.11188 0.0314028 0)
(1.1193 0.0202758 0)
(1.11555 0.0220483 0)
(1.12123 0.0147351 0)
(1.11846 0.0157652 0)
(1.12285 0.0109184 0)
(1.12075 0.0115077 0)
(1.12417 0.00823432 0)
(1.12257 0.00857304 0)
(1.12524 0.00630093 0)
(1.12402 0.00649881 0)
(1.1261 0.00487292 0)
(1.12516 0.00499347 0)
(1.12678 0.00379363 0)
(1.12605 0.00387226 0)
(1.12732 0.00296315 0)
(1.12676 0.00301851 0)
(1.12775 0.00231686 0)
(1.12732 0.00235802 0)
(1.12807 0.0018124 0)
(1.12775 0.00184278 0)
(1.12833 0.00141908 0)
(1.12809 0.00144176 0)
(1.12853 0.00111141 0)
(1.12835 0.00113036 0)
(1.12869 0.000869469 0)
(1.12856 0.0008865 0)
(1.12881 0.000678436 0)
(1.12873 0.000693637 0)
(1.12891 0.00052736 0)
(1.12885 0.000541011 0)
(1.12898 0.000408666 0)
(1.12895 0.000420666 0)
(1.12904 0.000317685 0)
(1.12903 0.00032701 0)
(1.12908 0.000248703 0)
(1.12909 0.000255432 0)
(1.12912 0.000194388 0)
(1.12913 0.000199469 0)
(1.12914 0.000150847 0)
(1.12917 0.000154718 0)
(1.12916 0.000116594 0)
(1.12919 0.00011951 0)
(1.12918 8.97503e-05 0)
(1.12922 9.19395e-05 0)
(1.12919 6.8548e-05 0)
(1.12923 7.01768e-05 0)
(1.1292 5.18704e-05 0)
(1.12925 5.32911e-05 0)
(1.12921 3.88525e-05 0)
(1.12925 4.02879e-05 0)
(1.12921 2.85936e-05 0)
(1.12926 2.99711e-05 0)
(1.12922 2.03322e-05 0)
(1.12927 2.16884e-05 0)
(1.12922 1.26597e-05 0)
(1.12927 1.48443e-05 0)
(1.12927 7.62161e-06 0)
(1.00156 0.00787659 0)
(1.00043 0.00317839 0)
(1.00629 0.0154742 0)
(1.00293 0.009591 0)
(1.01387 0.0223166 0)
(1.00864 0.0156284 0)
(1.02376 0.0279878 0)
(1.01702 0.0208876 0)
(1.03531 0.0321652 0)
(1.02738 0.0250678 0)
(1.04779 0.0345888 0)
(1.03905 0.0279142 0)
(1.06041 0.0351046 0)
(1.05138 0.0292397 0)
(1.07245 0.0337643 0)
(1.06365 0.0289645 0)
(1.08337 0.0308686 0)
(1.07518 0.0272093 0)
(1.09279 0.0268818 0)
(1.08548 0.0243103 0)
(1.10052 0.0222987 0)
(1.09426 0.0206905 0)
(1.10655 0.0175426 0)
(1.10137 0.0167457 0)
(1.111 0.0129046 0)
(1.10683 0.0127813 0)
(1.11404 0.00852096 0)
(1.11076 0.00897469 0)
(1.11585 0.0043996 0)
(1.11331 0.00538052 0)
(1.11656 0.00042573 0)
(1.11463 0.00197378 0)
(1.11628 -0.00362777 0)
(1.11482 -0.00140624 0)
(1.11508 -0.00804621 0)
(1.1139 -0.00503193 0)
(1.11298 -0.0132032 0)
(1.11186 -0.00915925 0)
(1.11003 -0.019599 0)
(1.10866 -0.0142187 0)
(1.10626 -0.0277964 0)
(1.10418 -0.0207616 0)
(1.10181 -0.0382389 0)
(1.09829 -0.0293785 0)
(1.09674 -0.0505172 0)
(1.09091 -0.0402857 0)
(1.09073 -0.063469 1.06814e-33)
(1.08123 -0.052233 0)
(1.08319 -0.0765204 2.12637e-36)
(1.07004 -0.0643145 1.06814e-33)
(1.07138 -0.0863443 -1.06702e-33)
(1.05721 -0.0753934 -1.06702e-33)
(1.04418 -0.0895071 1.07997e-17)
(1.02058 -0.0744414 0)
(1.00675 -0.0627519 1.07997e-17)
(0.949537 -0.0664485 4.77766e-17)
(1.20605 -0.0180508 0)
(0.438654 0.321236 0)
(0.238098 0 0)
(0 -0.00830522 0)
(0.00329804 0 0)
(0 0.000504434 0)
(0.00561744 0 0)
(0 0.000403158 0)
(0.0115104 0 0)
(0 0.000536166 0)
(0.0257602 0 0)
(0 0.000733345 0)
(0.0460872 0 0)
(0 0.0017006 0)
(0.102059 0 0)
(0 0.00130463 0)
(0.284746 0 0)
(0 0.0041182 0)
(0.610329 0.00893357 6.18624e-18)
(0 0.0143372 0)
(0.965579 0.046627 -1.66874e-18)
(0.47563 0.0292357 6.18624e-18)
(1.01237 0.0929285 -7.85498e-18)
(0.975536 0.0586762 -7.85498e-18)
(1.0465 0.107551 0)
(1.01367 0.092124 0)
(1.06996 0.093972 0)
(1.04191 0.0904147 0)
(1.086 0.0719486 0)
(1.0667 0.072995 0)
(1.09702 0.0514647 0)
(1.08418 0.0533758 0)
(1.10482 0.0357885 0)
(1.09604 0.0373429 0)
(1.11053 0.0247802 0)
(1.10448 0.0256981 0)
(1.1148 0.0173638 0)
(1.11058 0.0177755 0)
(1.11804 0.0124123 0)
(1.11502 0.0125199 0)
(1.12053 0.00907038 0)
(1.11831 0.00901899 0)
(1.12246 0.00676773 0)
(1.12079 0.00664593 0)
(1.12396 0.00513907 0)
(1.12268 0.00499919 0)
(1.12513 0.00395409 0)
(1.12415 0.00382053 0)
(1.12605 0.0030687 0)
(1.12529 0.00295278 0)
(1.12677 0.00239294 0)
(1.12618 0.00229766 0)
(1.12734 0.0018701 0)
(1.12687 0.00179408 0)
(1.12778 0.00146328 0)
(1.12742 0.00140285 0)
(1.12812 0.00114638 0)
(1.12784 0.00109818 0)
(1.12839 0.000898818 0)
(1.12818 0.000860521 0)
(1.1286 0.000704242 0)
(1.12844 0.000674446 0)
(1.12877 0.000550772 0)
(1.12864 0.000527797 0)
(1.1289 0.000429763 0)
(1.1288 0.000412134 0)
(1.129 0.00033475 0)
(1.12893 0.000320999 0)
(1.12907 0.000260787 0)
(1.12902 0.000249906 0)
(1.12913 0.000203184 0)
(1.1291 0.000194985 0)
(1.12918 0.000157916 0)
(1.12915 0.000152082 0)
(1.12922 0.000122138 0)
(1.1292 0.000118087 0)
(1.12925 9.38687e-05 0)
(1.12924 9.11668e-05 0)
(1.12927 7.16395e-05 0)
(1.12926 6.99249e-05 0)
(1.12929 5.45472e-05 0)
(1.12928 5.33444e-05 0)
(1.1293 4.15663e-05 0)
(1.1293 4.06967e-05 0)
(1.12931 3.13131e-05 0)
(1.12931 3.07479e-05 0)
(1.12932 2.29951e-05 0)
(1.12932 2.26817e-05 0)
(1.12932 1.61868e-05 0)
(1.12933 1.62134e-05 0)
(1.12933 9.8282e-06 0)
(1.12933 1.07611e-05 0)
(1.12934 5.13679e-06 0)
(1.00135 0.00498538 0)
(1.00038 0.00183177 0)
(1.00541 0.00981949 0)
(1.00259 0.00552289 0)
(1.01201 0.0142357 0)
(1.00766 0.00902883 0)
(1.02078 0.0179692 0)
(1.01519 0.0121261 0)
(1.03121 0.0207969 0)
(1.02463 0.0146336 0)
(1.04273 0.0225332 0)
(1.03546 0.0163907 0)
(1.0547 0.0230592 0)
(1.04711 0.0172748 0)
(1.06643 0.0223695 0)
(1.059 0.0172301 0)
(1.07734 0.0206188 0)
(1.07039 0.0162982 0)
(1.087 0.0180959 0)
(1.08078 0.0146538 0)
(1.09514 0.0151251 0)
(1.08981 0.0125481 0)
(1.10167 0.0119851 0)
(1.09728 0.0102175 0)
(1.10661 0.0088678 0)
(1.10313 0.00784195 0)
(1.11006 0.00586743 0)
(1.10742 0.00552603 0)
(1.11214 0.00300267 0)
(1.11024 0.00329969 0)
(1.11295 0.000198297 0)
(1.11167 0.00116213 0)
(1.11251 -0.00273093 0)
(1.11181 -0.000959651 0)
(1.11078 -0.00602134 0)
(1.11061 -0.00330264 0)
(1.10766 -0.00999879 0)
(1.10791 -0.00604292 0)
(1.10296 -0.0151359 0)
(1.1035 -0.00951653 0)
(1.09637 -0.0220102 0)
(1.09696 -0.0141732 0)
(1.08753 -0.0309477 0)
(1.08768 -0.0205352 0)
(1.07582 -0.0413866 0)
(1.07468 -0.0285789 0)
(1.06099 -0.0525394 0)
(1.057 -0.0373998 0)
(1.04365 -0.063088 0)
(1.0353 -0.0469799 4.54011e-33)
(1.02277 -0.0624365 0)
(1.00654 -0.054508 -4.57411e-33)
(0.990469 -0.0435944 3.6977e-17)
(0.931407 -0.0421399 0)
(1.66518 -0.0151248 3.6977e-17)
(0.794169 0.00389781 3.88225e-17)
(0.426689 0 0)
(0 0.000669924 0)
(0.0016382 0 0)
(0 0 0)
(0.00158651 0 0)
(0 -5.33998e-06 0)
(0.00351542 0 0)
(0 -6.50093e-05 0)
(0.00756963 0 0)
(0 -3.20627e-05 0)
(0.0159281 0 0)
(0 0.000663494 0)
(0.0281175 0 0)
(0 -5.02559e-05 0)
(0.067185 0 0)
(0 -1.58477e-06 0)
(0.16026 0 0)
(0 0.00261018 0)
(0.38751 0 0)
(0 0.00469037 0)
(0.782915 0.0181799 0)
(0 0.011286 0)
(0.969037 0.0543644 0)
(0.95084 0.0261751 3.22243e-19)
(1.00723 0.0737495 0)
(0.979595 0.0539342 0)
(1.04018 0.0686231 0)
(1.01213 0.0574614 0)
(1.06535 0.0539283 0)
(1.04518 0.0478193 0)
(1.08341 0.0388738 0)
(1.06996 0.0353206 0)
(1.09602 0.0269664 0)
(1.08684 0.024737 0)
(1.10478 0.0184894 0)
(1.09854 0.0169355 0)
(1.11095 0.0127861 0)
(1.1067 0.0116036 0)
(1.11539 0.00902135 0)
(1.1124 0.0080852 0)
(1.11864 0.0065186 0)
(1.11648 0.0057675 0)
(1.12107 0.0048213 0)
(1.11946 0.00421618 0)
(1.12291 0.00363819 0)
(1.1217 0.0031525 0)
(1.12433 0.00278767 0)
(1.1234 0.00239971 0)
(1.12544 0.00215816 0)
(1.12471 0.00185004 0)
(1.1263 0.00168102 0)
(1.12573 0.00143779 0)
(1.12697 0.00131342 0)
(1.12653 0.00112226 0)
(1.12749 0.0010278 0)
(1.12715 0.000877802 0)
(1.12791 0.000805107 0)
(1.12764 0.000687345 0)
(1.12823 0.000630976 0)
(1.12802 0.000538573 0)
(1.12848 0.000494222 0)
(1.12832 0.000421984 0)
(1.12868 0.000386512 0)
(1.12855 0.000330273 0)
(1.12883 0.000301722 0)
(1.12873 0.000258028 0)
(1.12895 0.000235267 0)
(1.12887 0.000201221 0)
(1.12904 0.000183485 0)
(1.12899 0.000156781 0)
(1.12912 0.000143109 0)
(1.12907 0.000122215 0)
(1.12917 0.000111369 0)
(1.12914 9.51622e-05 0)
(1.12922 8.63176e-05 0)
(1.12919 7.38232e-05 0)
(1.12925 6.65347e-05 0)
(1.12923 5.69576e-05 0)
(1.12928 5.09394e-05 0)
(1.12926 4.36229e-05 0)
(1.1293 3.87797e-05 0)
(1.12929 3.31662e-05 0)
(1.12931 2.93072e-05 0)
(1.12931 2.51089e-05 0)
(1.12933 2.17733e-05 0)
(1.12932 1.878e-05 0)
(1.12934 1.56864e-05 0)
(1.12933 1.36394e-05 0)
(1.12934 1.06316e-05 0)
(1.12934 9.49601e-06 0)
(1.12935 5.9876e-06 0)
(1.12935 5.9009e-06 0)
(1.12935 2.32742e-06 0)
(1.00123 0.00241985 0)
(1.00035 0.00060417 0)
(1.00494 0.00477321 0)
(1.00241 0.00180882 0)
(1.01101 0.00694095 0)
(1.0072 0.00296096 0)
(1.01915 0.00879394 0)
(1.01433 0.00398722 0)
(1.02896 0.0102178 0)
(1.02334 0.0048214 0)
(1.03994 0.0111159 0)
(1.03378 0.00541225 0)
(1.0515 0.0114258 0)
(1.04511 0.00571786 0)
(1.06301 0.011137 0)
(1.05677 0.00571905 0)
(1.07388 0.0103136 0)
(1.06808 0.00542587 0)
(1.08364 0.00909162 0)
(1.07849 0.00489185 0)
(1.09199 0.00763135 0)
(1.08763 0.00419988 0)
(1.09878 0.00607122 0)
(1.09526 0.00342897 0)
(1.10398 0.00450504 0)
(1.1013 0.00263903 0)
(1.10764 0.00297566 0)
(1.10575 0.00186437 0)
(1.10983 0.00149113 0)
(1.10869 0.0011133 0)
(1.11062 4.9485e-05 0)
(1.11018 0.000367269 0)
(1.11002 -0.00146889 0)
(1.11018 -0.00035373 0)
(1.10786 -0.00323244 0)
(1.10881 -0.00114859 0)
(1.10393 -0.00541319 0)
(1.10573 -0.00210441 0)
(1.09774 -0.00830315 0)
(1.10059 -0.00333535 0)
(1.08857 -0.0122565 0)
(1.09275 -0.00500136 0)
(1.07533 -0.0174009 0)
(1.08127 -0.00729529 0)
(1.05688 -0.0232347 0)
(1.06446 -0.0101248 0)
(1.03253 -0.0291329 4.54011e-33)
(1.04203 -0.0130471 0)
(1.00132 -0.0327665 -8.31708e-35)
(1.01382 -0.0157712 4.54011e-33)
(0.963255 -0.0247075 -4.57411e-33)
(0.974676 -0.0164414 -4.57411e-33)
(0.931278 -0.0065479 1.84558e-18)
(0.875949 -0.0101627 0)
(1.05502 0.00141972 1.84558e-18)
(0.706003 -0.00808146 1.84558e-18)
(0.136207 0 0)
(0 0.000711887 0)
(0.00149362 0 0)
(0 0 0)
(0.00141183 0 0)
(0 -1.96548e-07 0)
(0.00283447 0 0)
(0 -1.08948e-05 0)
(0.00678618 0 0)
(0 0.0004142 0)
(0.0118776 0 0)
(0 -2.05663e-05 0)
(0.0238923 0 0)
(0 -3.63736e-06 0)
(0.0543039 0 0)
(0 0.00139483 0)
(0.10393 0 0)
(0 0.000175307 0)
(0.263249 0 0)
(0 0.000574311 0)
(0.615409 0.00473252 3.22243e-19)
(0 0.00234012 0)
(0.944916 0.0212671 3.22243e-19)
(0.945162 0.0061965 3.22243e-19)
(0.98171 0.0359485 0)
(0.962786 0.0171409 0)
(1.01954 0.0359232 0)
(0.995571 0.0196284 0)
(1.05075 0.0288061 0)
(1.03306 0.0166157 0)
(1.0737 0.0209266 0)
(1.06189 0.0123709 0)
(1.08975 0.0145283 0)
(1.08162 0.00867775 0)
(1.10076 0.00991807 0)
(1.09519 0.00592688 0)
(1.10833 0.00680427 0)
(1.10456 0.0040384 0)
(1.11361 0.00476083 0)
(1.11098 0.00279873 0)
(1.1174 0.00341439 0)
(1.11549 0.00198591 0)
(1.12017 0.00251053 0)
(1.11876 0.00144597 0)
(1.12224 0.00188659 0)
(1.12118 0.00107794 0)
(1.12382 0.00144169 0)
(1.12301 0.000819054 0)
(1.12504 0.00111444 0)
(1.12441 0.000630817 0)
(1.12599 0.000867549 0)
(1.1255 0.000490174 0)
(1.12673 0.000677892 0)
(1.12635 0.000382739 0)
(1.12731 0.000530673 0)
(1.12701 0.00029961 0)
(1.12776 0.000415804 0)
(1.12753 0.000234764 0)
(1.12811 0.00032587 0)
(1.12793 0.000184047 0)
(1.12839 0.000255233 0)
(1.12825 0.000144228 0)
(1.12861 0.000199649 0)
(1.1285 0.000112917 0)
(1.12878 0.000155911 0)
(1.12869 8.82431e-05 0)
(1.12891 0.000121579 0)
(1.12884 6.88534e-05 0)
(1.12901 9.47359e-05 0)
(1.12896 5.36125e-05 0)
(1.1291 7.37561e-05 0)
(1.12905 4.16984e-05 0)
(1.12916 5.72635e-05 0)
(1.12913 3.23187e-05 0)
(1.12921 4.42463e-05 0)
(1.12918 2.49172e-05 0)
(1.12925 3.39607e-05 0)
(1.12923 1.90487e-05 0)
(1.12927 2.5865e-05 0)
(1.12926 1.4386e-05 0)
(1.1293 1.95299e-05 0)
(1.12929 1.06962e-05 0)
(1.12931 1.45587e-05 0)
(1.12931 7.79366e-06 0)
(1.12933 1.0574e-05 0)
(1.12932 5.48816e-06 0)
(1.12934 7.37434e-06 0)
(1.12933 3.58892e-06 0)
(1.12935 4.67736e-06 0)
(1.12934 2.07432e-06 0)
(1.12935 2.1451e-06 0)
(1.12935 6.66045e-07 0)
(1.12935 -7.30294e-07 0)
(1.00119 1.14586e-05 0)
(1.00035 -0.000581665 0)
(1.00478 1.30659e-05 0)
(1.00241 -0.00178467 0)
(1.01067 1.42215e-05 0)
(1.0072 -0.00293239 0)
(1.01862 1.34901e-05 0)
(1.01433 -0.00395905 0)
(1.02824 1.14791e-05 0)
(1.02334 -0.00479609 0)
(1.03904 8.45122e-06 0)
(1.03378 -0.00539207 0)
(1.05046 4.76528e-06 0)
(1.04511 -0.00570452 0)
(1.0619 9.67391e-07 0)
(1.05677 -0.00571345 0)
(1.07275 -2.35913e-06 0)
(1.06808 -0.00542759 0)
(1.08254 -4.82972e-06 0)
(1.07849 -0.00489944 0)
(1.09095 -6.28091e-06 0)
(1.08763 -0.00421145 0)
(1.09782 -6.72665e-06 0)
(1.09526 -0.00344235 0)
(1.10312 -6.26685e-06 0)
(1.1013 -0.00265241 0)
(1.10686 -5.02203e-06 0)
(1.10576 -0.00187598 0)
(1.10909 -2.89917e-06 0)
(1.10869 -0.0011219 0)
(1.10983 -4.73729e-07 0)
(1.11018 -0.000371279 0)
(1.10912 2.32443e-06 0)
(1.11018 0.000354826 0)
(1.10682 6.34769e-06 0)
(1.10881 0.00115644 0)
(1.10259 1.18936e-05 0)
(1.10573 0.00212102 0)
(1.09589 1.89015e-05 0)
(1.10059 0.00336396 0)
(1.08584 2.59316e-05 0)
(1.09276 0.00504494 0)
(1.0712 3.16558e-05 0)
(1.08129 0.00735453 0)
(1.05087 3.66208e-05 0)
(1.06449 0.0101983 0)
(1.02469 2.95053e-05 0)
(1.04204 0.0131368 0)
(0.99311 -2.31685e-05 0)
(1.01385 0.0158099 0)
(0.960383 -0.000102192 0)
(0.974679 0.0162854 0)
(0.940379 -0.000111996 0)
(0.875948 0.00984214 0)
(1.01511 -4.29295e-05 0)
(0.706012 0.00791815 -1.84567e-18)
(0.142969 0 0)
(0 -0.000777466 0)
(0.00149441 0 0)
(0 0 0)
(0.00129197 0 0)
(0 1.96395e-07 0)
(0.00318743 0 0)
(0 1.09193e-05 0)
(0.005073 0 0)
(0 -0.000414044 0)
(0.010439 0 0)
(0 2.07882e-05 0)
(0.0244008 0 0)
(0 9.67469e-06 0)
(0.0433638 0 0)
(0 -0.00174134 0)
(0.0960423 0 0)
(0 -0.00018598 0)
(0.24148 0 0)
(0 -0.000577028 0)
(0.599763 2.20793e-06 0)
(0 -0.00233905 0)
(0.938775 6.25516e-07 0)
(0.945166 -0.00618758 -3.21633e-19)
(0.973052 1.62766e-06 0)
(0.962774 -0.0171362 0)
(1.01229 1.31092e-05 0)
(0.995543 -0.0196084 0)
(1.04548 2.28894e-05 0)
(1.03303 -0.0165756 0)
(1.07017 2.3433e-05 0)
(1.06186 -0.012322 0)
(1.08749 1.56475e-05 0)
(1.08161 -0.00864137 0)
(1.09933 7.33151e-06 0)
(1.09518 -0.00590927 0)
(1.1074 2.91474e-06 0)
(1.10456 -0.00403179 0)
(1.11299 1.08776e-06 0)
(1.11097 -0.0027968 0)
(1.11696 6.25753e-07 0)
(1.11549 -0.00198531 0)
(1.11986 7.59883e-07 0)
(1.11876 -0.00144503 0)
(1.12201 9.86157e-07 0)
(1.12118 -0.00107628 0)
(1.12365 1.18051e-06 0)
(1.12301 -0.000816893 0)
(1.12491 1.31303e-06 0)
(1.12441 -0.000628337 0)
(1.12588 1.40569e-06 0)
(1.1255 -0.00048742 0)
(1.12665 1.4485e-06 0)
(1.12635 -0.000379861 0)
(1.12724 1.41583e-06 0)
(1.12701 -0.000296676 0)
(1.12771 1.29678e-06 0)
(1.12753 -0.000232015 0)
(1.12807 1.11792e-06 0)
(1.12793 -0.000181605 0)
(1.12836 9.26365e-07 0)
(1.12825 -0.000142171 0)
(1.12858 7.54535e-07 0)
(1.1285 -0.00011122 0)
(1.12876 5.94485e-07 0)
(1.12869 -8.68863e-05 0)
(1.1289 4.20571e-07 0)
(1.12884 -6.78097e-05 0)
(1.129 2.17897e-07 0)
(1.12896 -5.2962e-05 0)
(1.12909 -5.40355e-09 0)
(1.12905 -4.14736e-05 0)
(1.12915 -2.27422e-07 0)
(1.12913 -3.25543e-05 0)
(1.1292 -4.36297e-07 0)
(1.12918 -2.55836e-05 0)
(1.12924 -6.37217e-07 0)
(1.12923 -2.01131e-05 0)
(1.12927 -8.42522e-07 0)
(1.12926 -1.5859e-05 0)
(1.1293 -1.05752e-06 0)
(1.12929 -1.25827e-05 0)
(1.12931 -1.27524e-06 0)
(1.12931 -1.01245e-05 0)
(1.12933 -1.48994e-06 0)
(1.12932 -8.24252e-06 0)
(1.12934 -1.68834e-06 0)
(1.12933 -6.76711e-06 0)
(1.12935 -1.89313e-06 0)
(1.12934 -5.61071e-06 0)
(1.12935 -2.15198e-06 0)
(1.12935 -4.64737e-06 0)
(1.12935 -3.83541e-06 0)
(1.00122 -0.00239639 0)
(1.00038 -0.00180666 0)
(1.00494 -0.00474678 0)
(1.00259 -0.0054997 0)
(1.01101 -0.00691264 0)
(1.00766 -0.0090007 0)
(1.01915 -0.00876745 0)
(1.01519 -0.0120992 0)
(1.02896 -0.0101953 0)
(1.02463 -0.0146096 0)
(1.03994 -0.0110994 0)
(1.03546 -0.0163715 0)
(1.0515 -0.0114164 0)
(1.04712 -0.0172621 0)
(1.06301 -0.0111351 0)
(1.059 -0.0172247 0)
(1.07388 -0.0103183 0)
(1.07039 -0.0162999 0)
(1.08364 -0.00910118 0)
(1.08078 -0.0146612 0)
(1.09199 -0.00764381 0)
(1.08981 -0.0125594 0)
(1.09878 -0.00608463 0)
(1.09728 -0.0102307 0)
(1.10398 -0.00451761 0)
(1.10314 -0.00785524 0)
(1.10765 -0.00298593 0)
(1.10742 -0.00553782 0)
(1.10983 -0.00149804 0)
(1.11024 -0.00330878 0)
(1.11063 -5.16309e-05 0)
(1.11168 -0.00116755 0)
(1.11002 0.00147283 0)
(1.11182 0.000959208 0)
(1.10787 0.00324373 0)
(1.11061 0.00330798 0)
(1.10394 0.0054342 0)
(1.10792 0.00605555 0)
(1.09776 0.00833748 0)
(1.10352 0.00953858 0)
(1.0886 0.0123079 0)
(1.09699 0.0142074 0)
(1.07537 0.0174722 0)
(1.08772 0.0205838 0)
(1.05692 0.0233299 0)
(1.07476 0.0286512 0)
(1.03255 0.0292133 0)
(1.05706 0.037507 0)
(1.00135 0.0327333 0)
(1.03549 0.0470145 0)
(0.963268 0.0245289 0)
(1.00675 0.0543648 0)
(0.931239 0.00634945 -1.84567e-18)
(0.931543 0.0418719 0)
(1.05504 -0.00149886 -1.84567e-18)
(0.794235 -0.00408989 -3.8825e-17)
(0.136181 0 0)
(0 -0.000756132 0)
(0.00149363 0 0)
(0 0 0)
(0.00141192 0 0)
(0 5.34341e-06 0)
(0.0028344 0 0)
(0 6.50358e-05 0)
(0.00677974 0 0)
(0 3.2109e-05 0)
(0.0118119 0 0)
(0 -0.000662304 0)
(0.02357 0 0)
(0 5.5122e-05 0)
(0.0542054 0 0)
(0 1.51914e-05 0)
(0.103931 0 0)
(0 -0.00261063 0)
(0.263254 0 0)
(0 -0.00468701 0)
(0.615416 -0.00472808 -3.21633e-19)
(0 -0.0112768 0)
(0.944909 -0.0212526 -3.21633e-19)
(0.950837 -0.0261523 -3.21633e-19)
(0.98167 -0.0359245 0)
(0.979562 -0.0538975 0)
(1.01949 -0.0358887 0)
(1.01208 -0.0574239 0)
(1.05069 -0.0287624 0)
(1.04512 -0.0477812 0)
(1.07366 -0.0208879 0)
(1.06992 -0.0352867 0)
(1.08973 -0.0145056 0)
(1.08682 -0.0247192 0)
(1.10075 -0.00990846 0)
(1.09853 -0.0169283 0)
(1.10832 -0.00680147 0)
(1.1067 -0.0116023 0)
(1.11361 -0.00476042 0)
(1.1124 -0.0080857 0)
(1.11739 -0.0034141 0)
(1.11648 -0.00576779 0)
(1.12017 -0.0025096 0)
(1.11946 -0.00421579 0)
(1.12224 -0.00188497 0)
(1.1217 -0.00315118 0)
(1.12382 -0.00143953 0)
(1.1234 -0.00239777 0)
(1.12504 -0.00111195 0)
(1.12471 -0.0018477 0)
(1.12599 -0.000864836 0)
(1.12573 -0.00143517 0)
(1.12673 -0.000675071 0)
(1.12653 -0.00111948 0)
(1.12731 -0.000527904 0)
(1.12715 -0.000874989 0)
(1.12776 -0.000413264 0)
(1.12764 -0.000684675 0)
(1.12811 -0.000323673 0)
(1.12802 -0.00053622 0)
(1.12839 -0.000253411 0)
(1.12831 -0.000419988 0)
(1.12861 -0.000198166 0)
(1.12855 -0.000328639 0)
(1.12878 -0.000154748 0)
(1.12873 -0.000256719 0)
(1.12891 -0.000120766 0)
(1.12887 -0.000200243 0)
(1.12901 -9.43307e-05 0)
(1.12898 -0.000156186 0)
(1.12909 -7.37914e-05 0)
(1.12907 -0.000122052 0)
(1.12916 -5.77425e-05 0)
(1.12914 -9.54474e-05 0)
(1.12921 -4.51353e-05 0)
(1.12919 -7.45294e-05 0)
(1.12925 -3.52494e-05 0)
(1.12923 -5.80587e-05 0)
(1.12927 -2.75607e-05 0)
(1.12926 -4.51159e-05 0)
(1.1293 -2.16487e-05 0)
(1.12929 -3.50721e-05 0)
(1.12931 -1.71058e-05 0)
(1.12931 -2.74431e-05 0)
(1.12933 -1.3537e-05 0)
(1.12932 -2.15201e-05 0)
(1.12934 -1.07229e-05 0)
(1.12933 -1.67738e-05 0)
(1.12934 -8.41454e-06 0)
(1.12934 -1.29711e-05 0)
(1.12935 -6.38154e-06 0)
(1.12935 -9.80799e-06 0)
(1.12935 -6.81253e-06 0)
(1.00134 -0.0049606 0)
(1.00043 -0.00315138 0)
(1.00541 -0.00979482 0)
(1.00293 -0.00956855 0)
(1.01201 -0.0142092 0)
(1.00864 -0.0156012 0)
(1.02078 -0.017945 0)
(1.01703 -0.0208625 0)
(1.03121 -0.0207764 0)
(1.02738 -0.0250457 0)
(1.04274 -0.0225179 0)
(1.03905 -0.0278965 0)
(1.0547 -0.0230506 0)
(1.05138 -0.029228 0)
(1.06644 -0.0223678 0)
(1.06366 -0.0289596 0)
(1.07735 -0.0206233 0)
(1.07519 -0.0272109 0)
(1.08701 -0.0181052 0)
(1.08549 -0.0243174 0)
(1.09515 -0.0151373 0)
(1.09427 -0.0207014 0)
(1.10168 -0.0119983 0)
(1.10137 -0.0167586 0)
(1.10662 -0.00888048 0)
(1.10683 -0.0127945 0)
(1.11006 -0.00587825 0)
(1.11076 -0.0089868 0)
(1.11215 -0.00301053 0)
(1.11332 -0.0053905 0)
(1.11296 -0.000202191 0)
(1.11463 -0.00198074 0)
(1.11251 0.00273185 0)
(1.11483 0.00140339 0)
(1.11079 0.00602796 0)
(1.11391 0.00503337 0)
(1.10768 0.0100123 0)
(1.11188 0.00916571 0)
(1.10299 0.0151573 0)
(1.10868 0.0142306 0)
(1.09642 0.0220399 0)
(1.10422 0.020778 0)
(1.08761 0.0309915 0)
(1.09835 0.0293956 0)
(1.07595 0.0414539 0)
(1.09102 0.0403112 0)
(1.06119 0.0525667 0)
(1.08136 0.0522666 0)
(1.04396 0.0629893 0)
(1.07033 0.0642469 0)
(1.02308 0.0622405 0)
(1.05755 0.075243 0)
(0.990593 0.0434126 -3.69793e-17)
(1.02082 0.0743574 0)
(1.66555 0.0150535 -3.69793e-17)
(0.949644 0.0664936 -4.7779e-17)
(0.4268 0 0)
(0.43867 -0.321222 0)
(0.00163834 0 0)
(0 0.00831404 0)
(0.00158677 0 0)
(0 -0.000504495 0)
(0.00351576 0 0)
(0 -0.000403122 0)
(0.0075685 0 0)
(0 -0.000536044 0)
(0.0159235 0 0)
(0 -0.000733278 0)
(0.0281194 0 0)
(0 -0.00169989 0)
(0.067184 0 0)
(0 -0.00129837 0)
(0.160267 0 0)
(0 -0.00411458 0)
(0.38753 0 0)
(0 -0.0143269 0)
(0.782933 -0.0181642 0)
(0.475631 -0.0292068 -6.17069e-18)
(0.969011 -0.0543239 0)
(0.975516 -0.0586294 7.89414e-18)
(1.00718 -0.0737013 0)
(1.01364 -0.0920638 0)
(1.04012 -0.0685825 0)
(1.04187 -0.0903696 0)
(1.06531 -0.0539002 0)
(1.06666 -0.0729665 0)
(1.08338 -0.0388602 0)
(1.08417 -0.0533639 0)
(1.09601 -0.0269635 0)
(1.09604 -0.0373424 0)
(1.10478 -0.0184903 0)
(1.10449 -0.0256987 0)
(1.11095 -0.0127881 0)
(1.11059 -0.0177762 0)
(1.11539 -0.00902271 0)
(1.11503 -0.0125201 0)
(1.11864 -0.00651892 0)
(1.11831 -0.00901849 0)
(1.12107 -0.00482068 0)
(1.12079 -0.00664491 0)
(1.12291 -0.00363674 0)
(1.12268 -0.00499746 0)
(1.12433 -0.00278567 0)
(1.12415 -0.00381842 0)
(1.12544 -0.00215581 0)
(1.12529 -0.00295034 0)
(1.1263 -0.00167844 0)
(1.12618 -0.00229509 0)
(1.12697 -0.00131073 0)
(1.12687 -0.00179135 0)
(1.12749 -0.00102516 0)
(1.12742 -0.00140017 0)
(1.1279 -0.000802684 0)
(1.12784 -0.00109563 0)
(1.12823 -0.000628883 0)
(1.12817 -0.000858294 0)
(1.12848 -0.000492481 0)
(1.12843 -0.000672538 0)
(1.12868 -0.000385105 0)
(1.12864 -0.000526271 0)
(1.12883 -0.000300641 0)
(1.1288 -0.000410911 0)
(1.12895 -0.000234544 0)
(1.12892 -0.00032014 0)
(1.12904 -0.000183166 0)
(1.12902 -0.000249426 0)
(1.12912 -0.000143223 0)
(1.1291 -0.000194935 0)
(1.12917 -0.000111908 0)
(1.12915 -0.000152457 0)
(1.12922 -8.72577e-05 0)
(1.1292 -0.000118861 0)
(1.12925 -6.78595e-05 0)
(1.12924 -9.23295e-05 0)
(1.12928 -5.26535e-05 0)
(1.12926 -7.14535e-05 0)
(1.1293 -4.09018e-05 0)
(1.12928 -5.52837e-05 0)
(1.12931 -3.18324e-05 0)
(1.1293 -4.30336e-05 0)
(1.12933 -2.4685e-05 0)
(1.12931 -3.34472e-05 0)
(1.12934 -1.89464e-05 0)
(1.12932 -2.57356e-05 0)
(1.12934 -1.42754e-05 0)
(1.12933 -1.95829e-05 0)
(1.12935 -1.01489e-05 0)
(1.12933 -1.45259e-05 0)
(1.12934 -9.45221e-06 0)
(1.00157 -0.00785205 0)
(1.00051 -0.00471645 0)
(1.00629 -0.0154495 0)
(1.00352 -0.014295 0)
(1.01387 -0.0222911 0)
(1.01034 -0.0231835 0)
(1.02377 -0.0279651 0)
(1.02019 -0.030758 0)
(1.03532 -0.0321461 0)
(1.03207 -0.0365963 0)
(1.0478 -0.0345748 0)
(1.04509 -0.0403747 0)
(1.06042 -0.0350968 0)
(1.05839 -0.0418494 0)
(1.07246 -0.0337628 0)
(1.07118 -0.0410039 0)
(1.08338 -0.0308729 0)
(1.08282 -0.0381262 0)
(1.09279 -0.0268906 0)
(1.09289 -0.033733 0)
(1.10053 -0.0223104 0)
(1.10116 -0.0284334 0)
(1.10656 -0.0175556 0)
(1.10761 -0.02279 0)
(1.111 -0.0129173 0)
(1.11237 -0.0172413 0)
(1.11404 -0.00853234 0)
(1.11566 -0.0120266 0)
(1.11586 -0.00440871 0)
(1.11773 -0.00720306 0)
(1.11657 -0.000431821 0)
(1.11877 -0.00269672 0)
(1.11629 0.00362521 0)
(1.11891 0.00168317 0)
(1.11509 0.00804737 0)
(1.11827 0.0062346 0)
(1.113 0.0132079 0)
(1.11694 0.0112548 0)
(1.11006 0.0196056 0)
(1.11501 0.0171769 0)
(1.10631 0.0277997 0)
(1.1126 0.0245244 0)
(1.10189 0.0382378 0)
(1.10988 0.0338165 0)
(1.09687 0.0505123 0)
(1.10722 0.0453316 0)
(1.09093 0.0634211 0)
(1.10451 0.0582055 0)
(1.08344 0.0764154 0)
(1.10144 0.0717361 0)
(1.07161 0.0862856 0)
(1.09745 0.0870724 0)
(1.04433 0.0895811 -1.07997e-17)
(1.07989 0.101645 0)
(1.00682 0.0628579 -1.07997e-17)
(1.03549 0.119412 -1.07997e-17)
(1.20611 0.0180852 0)
(0.965087 0.118307 -4.15907e-17)
(0.238076 0 0)
(0.476094 -0.257624 0)
(0.00329864 0 0)
(0 -0.00525058 0)
(0.00561843 0 0)
(0 -0.000751349 0)
(0.0115203 0 0)
(0 -0.000705685 0)
(0.0258041 0 0)
(0 -0.00132539 0)
(0.0461095 0 0)
(0 -0.00388031 0)
(0.102071 0 0)
(0 -0.00616022 0)
(0.284765 0 0)
(0 -0.00371119 0)
(0.610351 -0.00892349 -6.17069e-18)
(0.476195 -0.0570202 -1.56332e-18)
(0.96557 -0.0465882 1.72345e-18)
(0.975169 -0.0484398 -3.04719e-17)
(1.01234 -0.0928651 7.89414e-18)
(1.03065 -0.10581 7.89414e-18)
(1.04648 -0.107494 0)
(1.06192 -0.126198 0)
(1.06994 -0.0939386 0)
(1.08026 -0.11383 0)
(1.086 -0.0719369 0)
(1.0932 -0.0890267 0)
(1.09703 -0.0514676 0)
(1.10145 -0.0643983 0)
(1.10484 -0.035793 0)
(1.1073 -0.0451462 0)
(1.11054 -0.0247817 0)
(1.1119 -0.0314018 0)
(1.11481 -0.0173636 0)
(1.11556 -0.0220454 0)
(1.11805 -0.0124112 0)
(1.11847 -0.0157616 0)
(1.12054 -0.00906882 0)
(1.12076 -0.0115044 0)
(1.12246 -0.0067658 0)
(1.12258 -0.00856997 0)
(1.12396 -0.00513682 0)
(1.12402 -0.0064958 0)
(1.12513 -0.00395164 0)
(1.12516 -0.00499054 0)
(1.12605 -0.00306612 0)
(1.12605 -0.00386934 0)
(1.12677 -0.00239029 0)
(1.12676 -0.00301568 0)
(1.12734 -0.00186744 0)
(1.12732 -0.00235521 0)
(1.12778 -0.00146074 0)
(1.12775 -0.00184013 0)
(1.12812 -0.00114408 0)
(1.12809 -0.00143935 0)
(1.12839 -0.000896828 0)
(1.12835 -0.00112825 0)
(1.1286 -0.00070259 0)
(1.12856 -0.000884695 0)
(1.12877 -0.000549467 0)
(1.12872 -0.000692216 0)
(1.1289 -0.0004288 0)
(1.12885 -0.000539907 0)
(1.129 -0.000334165 0)
(1.12895 -0.000419951 0)
(1.12907 -0.000260601 0)
(1.12903 -0.000326704 0)
(1.12913 -0.000203416 0)
(1.12909 -0.000255533 0)
(1.12918 -0.00015854 0)
(1.12913 -0.000199951 0)
(1.12922 -0.000123143 0)
(1.12917 -0.000155579 0)
(1.12925 -9.52388e-05 0)
(1.12919 -0.000120747 0)
(1.12927 -7.33933e-05 0)
(1.12922 -9.35236e-05 0)
(1.12929 -5.6712e-05 0)
(1.12923 -7.2117e-05 0)
(1.1293 -4.40989e-05 0)
(1.12924 -5.56078e-05 0)
(1.12931 -3.41755e-05 0)
(1.12925 -4.29315e-05 0)
(1.12932 -2.61731e-05 0)
(1.12926 -3.29229e-05 0)
(1.12932 -1.96946e-05 0)
(1.12927 -2.49208e-05 0)
(1.12932 -1.37698e-05 0)
(1.12927 -1.84203e-05 0)
(1.12927 -1.16868e-05 0)
(1.00194 -0.0113112 0)
(1.00065 -0.00665285 0)
(1.00777 -0.0221439 0)
(1.00451 -0.0201274 0)
(1.01696 -0.0316966 0)
(1.01316 -0.0323782 0)
(1.02868 -0.0393816 0)
(1.02536 -0.0424702 0)
(1.04196 -0.044786 0)
(1.03958 -0.0498776 0)
(1.05579 -0.0475894 0)
(1.05446 -0.0542046 0)
(1.06924 -0.0476897 0)
(1.06896 -0.0552985 0)
(1.0816 -0.0453086 0)
(1.08228 -0.0533637 0)
(1.09237 -0.0409401 0)
(1.09384 -0.0488998 0)
(1.10128 -0.0352428 0)
(1.10332 -0.0426411 0)
(1.10826 -0.0288954 0)
(1.11064 -0.0354157 0)
(1.11343 -0.022477 0)
(1.11595 -0.0279585 0)
(1.11704 -0.0163713 0)
(1.11955 -0.0208507 0)
(1.11937 -0.0107334 0)
(1.12183 -0.0143629 0)
(1.12068 -0.00553987 0)
(1.12311 -0.00851294 0)
(1.12114 -0.000648207 0)
(1.12363 -0.00315452 0)
(1.12092 0.0041943 0)
(1.12357 0.0019005 0)
(1.12018 0.00930026 0)
(1.1231 0.00698195 0)
(1.11902 0.0150318 0)
(1.12236 0.0124131 0)
(1.11762 0.0218389 0)
(1.12151 0.0185763 0)
(1.11623 0.0301987 0)
(1.12076 0.0259106 0)
(1.11522 0.0404834 0)
(1.12043 0.0348302 0)
(1.11497 0.052572 0)
(1.121 0.0455855 0)
(1.11526 0.0660875 0)
(1.12282 0.0579081 0)
(1.11503 0.0819359 0)
(1.12547 0.0719673 0)
(1.11174 0.101451 0)
(1.12874 0.0903644 0)
(1.09808 0.125006 0)
(1.12737 0.115304 0)
(1.0747 0.137056 -4.15907e-17)
(1.11908 0.142787 0)
(1.05293 0.0818942 -4.15907e-17)
(1.10256 0.158751 -4.15907e-17)
(1.0516 0.0137433 0)
(1.03092 0.117739 -3.42504e-17)
(0.161474 0 0)
(0.46773 -0.253495 -3.81603e-17)
(0.012012 0 0)
(0 -0.00145602 0)
(0.0222424 0 0)
(0 0.00232677 0)
(0.0473289 0 0)
(0 -0.00615281 0)
(0.107978 0 0)
(0 -0.0131585 0)
(0.261185 0 0)
(0 -0.0282541 0)
(0.547691 -0.0037282 -1.56332e-18)
(0.491808 -0.11121 6.4688e-19)
(0.972829 -0.0359964 -2.58645e-17)
(0.994958 -0.0371948 -8.92477e-18)
(1.03187 -0.0988974 -2.43012e-17)
(1.05965 -0.106184 -2.43012e-17)
(1.07508 -0.136877 0)
(1.10542 -0.149026 0)
(1.09513 -0.131319 0)
(1.11687 -0.146249 0)
(1.10425 -0.108031 0)
(1.11988 -0.122943 0)
(1.10874 -0.0807535 0)
(1.1192 -0.0935162 0)
(1.11185 -0.0575524 0)
(1.11837 -0.0675155 0)
(1.11458 -0.0404025 0)
(1.11857 -0.047868 0)
(1.11708 -0.0284232 0)
(1.11954 -0.0339054 0)
(1.11931 -0.0202695 0)
(1.12084 -0.0242811 0)
(1.12124 -0.0147294 0)
(1.12219 -0.0176861 0)
(1.12285 -0.0109136 0)
(1.12344 -0.0131165 0)
(1.12417 -0.00823022 0)
(1.12454 -0.00989157 0)
(1.12524 -0.00629731 0)
(1.12545 -0.00756507 0)
(1.1261 -0.00486958 0)
(1.1262 -0.00584799 0)
(1.12678 -0.00379051 0)
(1.12681 -0.00455226 0)
(1.12732 -0.00296021 0)
(1.1273 -0.00355532 0)
(1.12774 -0.00231412 0)
(1.12768 -0.00277732 0)
(1.12807 -0.00180991 0)
(1.12798 -0.00216812 0)
(1.12833 -0.00141688 0)
(1.12821 -0.00169417 0)
(1.12853 -0.00110951 0)
(1.12839 -0.00132915 0)
(1.12869 -0.000867907 0)
(1.12853 -0.00104346 0)
(1.12881 -0.000677225 0)
(1.12864 -0.000815659 0)
(1.12891 -0.000526511 0)
(1.12872 -0.000636115 0)
(1.12898 -0.000408242 0)
(1.12879 -0.000494989 0)
(1.12904 -0.000317684 0)
(1.12884 -0.00038402 0)
(1.12908 -0.000249086 0)
(1.12888 -0.000298767 0)
(1.12912 -0.000195137 0)
(1.12891 -0.000233339 0)
(1.12914 -0.000151963 0)
(1.12893 -0.000181825 0)
(1.12916 -0.000118063 0)
(1.12895 -0.000141204 0)
(1.12918 -9.15465e-05 0)
(1.12897 -0.000109393 0)
(1.12919 -7.06655e-05 0)
(1.12898 -8.44832e-05 0)
(1.1292 -5.43104e-05 0)
(1.12898 -6.50232e-05 0)
(1.12921 -4.15904e-05 0)
(1.12899 -4.98829e-05 0)
(1.12921 -3.16061e-05 0)
(1.129 -3.8007e-05 0)
(1.12922 -2.3635e-05 0)
(1.129 -2.8594e-05 0)
(1.12922 -1.63509e-05 0)
(1.129 -2.10826e-05 0)
(1.129 -1.32061e-05 0)
(1.00256 -0.0157109 0)
(1.0009 -0.00921474 0)
(1.01023 -0.0305251 0)
(1.00622 -0.0277927 0)
(1.02201 -0.0431967 0)
(1.01789 -0.0441576 0)
(1.0365 -0.0529304 0)
(1.03379 -0.0569645 0)
(1.05219 -0.0592188 0)
(1.05128 -0.065571 0)
(1.06773 -0.0618195 0)
(1.06845 -0.0697407 0)
(1.08209 -0.0608758 0)
(1.08424 -0.0696577 0)
(1.09458 -0.0568625 0)
(1.09783 -0.0658521 0)
(1.10482 -0.05053 0)
(1.10874 -0.0591449 0)
(1.1127 -0.0427672 0)
(1.11689 -0.0505207 0)
(1.11834 -0.034451 0)
(1.12243 -0.0410553 0)
(1.12206 -0.0263314 0)
(1.12579 -0.0316768 0)
(1.12433 -0.0188623 0)
(1.12757 -0.0231199 0)
(1.12557 -0.0121724 0)
(1.12835 -0.0156093 0)
(1.12609 -0.00617436 0)
(1.12848 -0.00902977 0)
(1.12607 -0.000674594 0)
(1.12826 -0.00313514 0)
(1.12575 0.00459273 0)
(1.12784 0.00222641 0)
(1.1253 0.00995357 0)
(1.12737 0.00742978 0)
(1.12487 0.0157518 0)
(1.12707 0.0128446 0)
(1.12466 0.0223768 0)
(1.12706 0.0187871 0)
(1.12495 0.0302075 0)
(1.12755 0.0256128 0)
(1.12614 0.0395034 0)
(1.12885 0.0336393 0)
(1.12875 0.0503315 0)
(1.13136 0.0429843 0)
(1.133 0.0629601 0)
(1.13558 0.0536513 0)
(1.1387 0.0790597 0)
(1.14167 0.0662648 0)
(1.14568 0.101745 0)
(1.15014 0.0833846 0)
(1.15286 0.131285 0)
(1.16094 0.108122 0)
(1.15557 0.158966 0)
(1.17489 0.140077 0)
(1.14463 0.158984 -3.42504e-17)
(1.1891 0.169695 0)
(1.11544 0.0973252 -7.24107e-17)
(1.17973 0.1683 -3.42504e-17)
(1.19153 0.0236057 -3.81603e-17)
(1.08836 0.110562 -7.91189e-17)
(0.476546 0 0)
(0.602988 -0.515263 -4.38936e-17)
(0.308002 0 0)
(0.554935 -0.355106 -1.0455e-18)
(0.322308 0 0)
(0.528584 -0.278071 -3.37356e-17)
(0.406626 0 0)
(0.536259 -0.265985 6.86214e-19)
(0.587603 -0.00965878 6.4688e-19)
(0.555575 -0.223759 5.72543e-17)
(1.02408 -0.0453567 -6.71457e-18)
(1.07059 -0.0537691 1.83818e-17)
(1.07659 -0.108462 -7.36145e-18)
(1.12524 -0.117907 -7.36145e-18)
(1.13017 -0.154196 0)
(1.17008 -0.159773 0)
(1.14385 -0.156784 0)
(1.17538 -0.162702 0)
(1.14191 -0.136718 0)
(1.16427 -0.144307 0)
(1.13486 -0.107519 0)
(1.15068 -0.115894 0)
(1.12873 -0.0795897 0)
(1.13931 -0.0873889 0)
(1.12516 -0.0573523 0)
(1.13193 -0.0639408 0)
(1.12362 -0.041041 0)
(1.12791 -0.0463342 0)
(1.12336 -0.0295219 0)
(1.12603 -0.0336418 0)
(1.12375 -0.0215145 0)
(1.12536 -0.0246724 0)
(1.12442 -0.015939 0)
(1.12533 -0.0183549 0)
(1.12515 -0.0120019 0)
(1.12559 -0.0138476 0)
(1.12583 -0.00916125 0)
(1.12597 -0.0105741 0)
(1.12643 -0.00706481 0)
(1.12635 -0.0081595 0)
(1.12693 -0.00548667 0)
(1.12668 -0.00634729 0)
(1.12734 -0.00427903 0)
(1.12696 -0.00496192 0)
(1.12766 -0.00334131 0)
(1.12719 -0.00388173 0)
(1.12792 -0.00260548 0)
(1.12737 -0.00303478 0)
(1.12812 -0.00202935 0)
(1.12751 -0.00236917 0)
(1.12827 -0.00158681 0)
(1.12762 -0.00184665 0)
(1.12839 -0.0012489 0)
(1.12771 -0.00144446 0)
(1.12848 -0.00098206 0)
(1.12777 -0.00113306 0)
(1.12855 -0.000768194 0)
(1.12782 -0.000886483 0)
(1.12861 -0.000599569 0)
(1.12785 -0.000691621 0)
(1.12865 -0.000467126 0)
(1.12788 -0.000538463 0)
(1.12868 -0.000363086 0)
(1.1279 -0.000418363 0)
(1.12871 -0.000282039 0)
(1.12792 -0.000324923 0)
(1.12873 -0.000219307 0)
(1.12794 -0.000252598 0)
(1.12874 -0.000170466 0)
(1.12794 -0.000196273 0)
(1.12876 -0.000132194 0)
(1.12795 -0.000152227 0)
(1.12876 -0.000102211 0)
(1.12796 -0.000117802 0)
(1.12877 -7.87728e-05 0)
(1.12796 -9.09131e-05 0)
(1.12878 -6.04897e-05 0)
(1.12796 -6.9897e-05 0)
(1.12878 -4.61903e-05 0)
(1.12797 -5.34859e-05 0)
(1.12878 -3.49175e-05 0)
(1.12797 -4.0605e-05 0)
(1.12878 -2.59882e-05 0)
(1.12797 -3.0376e-05 0)
(1.12878 -1.79022e-05 0)
(1.12797 -2.23401e-05 0)
(1.12797 -1.39134e-05 0)
(1.00369 -0.0216985 0)
(1.00137 -0.0129017 0)
(1.01445 -0.0416468 0)
(1.00934 -0.0385569 0)
(1.03036 -0.0579354 0)
(1.02614 -0.0600634 0)
(1.04884 -0.0695024 0)
(1.0475 -0.0754464 0)
(1.06764 -0.0759368 0)
(1.06909 -0.0843685 0)
(1.08506 -0.077406 0)
(1.08856 -0.0871671 0)
(1.10007 -0.0744831 0)
(1.10498 -0.0846641 0)
(1.11201 -0.0680032 0)
(1.11774 -0.0777955 0)
(1.12079 -0.0590116 0)
(1.12646 -0.0679182 0)
(1.12662 -0.0487282 0)
(1.13174 -0.0563588 0)
(1.12986 -0.0382557 0)
(1.13395 -0.0442957 0)
(1.13123 -0.0284634 0)
(1.13444 -0.0330473 0)
(1.13156 -0.0198935 0)
(1.13375 -0.0234419 0)
(1.13126 -0.0125502 0)
(1.1326 -0.0153095 0)
(1.13066 -0.00612606 0)
(1.1313 -0.00843585 0)
(1.13001 -0.000389769 0)
(1.13019 -0.00248081 0)
(1.12943 0.00491089 0)
(1.12935 0.00279977 0)
(1.12913 0.0101837 0)
(1.12888 0.00773775 0)
(1.12922 0.0157526 0)
(1.12891 0.0127477 0)
(1.1299 0.0218605 0)
(1.12951 0.018106 0)
(1.13137 0.0287973 0)
(1.13081 0.0241488 0)
(1.13391 0.0367802 0)
(1.13319 0.031096 0)
(1.13796 0.045855 0)
(1.13685 0.0389315 0)
(1.14397 0.0563728 0)
(1.14218 0.047645 0)
(1.15247 0.0698331 0)
(1.14959 0.0577636 -3.87069e-33)
(1.16477 0.0887686 0)
(1.15993 0.0710866 3.85011e-33)
(1.18287 0.11431 0)
(1.17521 0.0900125 0)
(1.20865 0.144398 0)
(1.19772 0.114305 0)
(1.23704 0.16548 0)
(1.23106 0.141297 0)
(1.24905 0.163743 -4.09586e-17)
(1.26427 0.156298 0)
(1.21963 0.135574 -8.48522e-17)
(1.2801 0.153054 -4.09586e-17)
(1.16166 0.0762697 -4.49391e-17)
(1.28172 0.123937 -4.38936e-17)
(1.08471 0.0191346 -3.47811e-17)
(1.23598 0.0579381 -1.0455e-18)
(1.06212 -0.0125485 -3.30494e-17)
(1.20652 0.0067592 -3.37356e-17)
(1.09466 -0.0422243 5.79405e-17)
(1.21127 -0.0337276 6.86214e-19)
(1.13424 -0.0809827 7.49892e-17)
(1.2274 -0.0835043 5.72543e-17)
(1.18381 -0.128204 1.77349e-17)
(1.24273 -0.124235 1.77349e-17)
(1.21586 -0.161171 0)
(1.25718 -0.149951 0)
(1.21233 -0.164753 0)
(1.24229 -0.156247 0)
(1.19459 -0.148907 0)
(1.21687 -0.144963 0)
(1.1731 -0.122618 0)
(1.18929 -0.122818 0)
(1.15485 -0.0950017 0)
(1.16631 -0.0976459 0)
(1.14232 -0.0712132 0)
(1.14995 -0.0748566 0)
(1.13465 -0.0525438 0)
(1.13936 -0.0562713 0)
(1.1303 -0.0386477 0)
(1.13292 -0.0419821 0)
(1.12802 -0.0285891 0)
(1.12917 -0.0313619 0)
(1.12693 -0.0213662 0)
(1.12705 -0.0235794 0)
(1.12649 -0.0161373 0)
(1.12588 -0.0179158 0)
(1.12641 -0.0123032 0)
(1.12529 -0.0137673 0)
(1.12648 -0.00947267 0)
(1.12497 -0.0106467 0)
(1.1266 -0.0073632 0)
(1.1248 -0.00827538 0)
(1.12671 -0.00576463 0)
(1.12469 -0.0064611 0)
(1.12681 -0.00452343 0)
(1.12462 -0.00506062 0)
(1.12689 -0.00354441 0)
(1.12457 -0.00396351 0)
(1.12696 -0.00277419 0)
(1.12453 -0.0031008 0)
(1.12701 -0.00216857 0)
(1.12449 -0.00242267 0)
(1.12705 -0.001693 0)
(1.12447 -0.00189026 0)
(1.12709 -0.00132188 0)
(1.12445 -0.00147568 0)
(1.12711 -0.00103273 0)
(1.12443 -0.0011531 0)
(1.12712 -0.000806317 0)
(1.12442 -0.000900305 0)
(1.12713 -0.000628334 0)
(1.1244 -0.000701711 0)
(1.12714 -0.000488597 0)
(1.12439 -0.00054599 0)
(1.12714 -0.000379393 0)
(1.12438 -0.000424099 0)
(1.12715 -0.000294543 0)
(1.12437 -0.000329074 0)
(1.12715 -0.000228664 0)
(1.12437 -0.000255252 0)
(1.12715 -0.000177344 0)
(1.12436 -0.000197853 0)
(1.12715 -0.000137303 0)
(1.12436 -0.000153134 0)
(1.12715 -0.000106062 0)
(1.12435 -0.000118286 0)
(1.12715 -8.16797e-05 0)
(1.12435 -9.11252e-05 0)
(1.12715 -6.26329e-05 0)
(1.12435 -6.99414e-05 0)
(1.12715 -4.77226e-05 0)
(1.12435 -5.33919e-05 0)
(1.12715 -3.59451e-05 0)
(1.12434 -4.04506e-05 0)
(1.12715 -2.66623e-05 0)
(1.12434 -3.0108e-05 0)
(1.12715 -1.83288e-05 0)
(1.12434 -2.2146e-05 0)
(1.12434 -1.37968e-05 0)
(1.0059 -0.0304441 0)
(1.0023 -0.0187991 0)
(1.02211 -0.0572977 0)
(1.01538 -0.0547673 0)
(1.04429 -0.0775259 0)
(1.04064 -0.0822457 0)
(1.068 -0.0901104 0)
(1.06902 -0.0991568 0)
(1.09011 -0.0953428 0)
(1.09397 -0.106482 0)
(1.10856 -0.0941362 0)
(1.11371 -0.105614 0)
(1.12272 -0.0877227 0)
(1.12776 -0.0988206 0)
(1.13221 -0.0775974 0)
(1.13686 -0.087294 0)
(1.13733 -0.0652524 0)
(1.14019 -0.0730313 0)
(1.13904 -0.0519463 0)
(1.14042 -0.0580709 0)
(1.1385 -0.0391428 0)
(1.13807 -0.0437585 0)
(1.13684 -0.028071 0)
(1.1348 -0.0313818 0)
(1.13474 -0.018873 0)
(1.13129 -0.0213499 0)
(1.13263 -0.0112041 0)
(1.12802 -0.0131977 0)
(1.13081 -0.00480788 0)
(1.12528 -0.00661153 0)
(1.1295 0.000659095 0)
(1.12331 -0.00116828 0)
(1.12875 0.0055253 0)
(1.12212 0.00354815 0)
(1.1286 0.0101549 0)
(1.12169 0.00788257 0)
(1.1291 0.0149228 0)
(1.12202 0.012245 0)
(1.13035 0.0201839 0)
(1.12313 0.0168606 0)
(1.13253 0.0261997 0)
(1.1251 0.0219701 0)
(1.13592 0.0329728 0)
(1.12823 0.0277057 0)
(1.14078 0.0404373 0)
(1.13266 0.03407 0)
(1.1474 0.0487677 -3.87069e-33)
(1.13862 0.0410224 0)
(1.15648 0.0587814 -2.48531e-35)
(1.14644 0.048688 -3.87069e-33)
(1.16946 0.0719641 3.85011e-33)
(1.15667 0.0580989 3.85011e-33)
(1.18909 0.0893389 0)
(1.17144 0.0703883 0)
(1.21802 0.110515 0)
(1.19289 0.0853704 0)
(1.25737 0.130994 0)
(1.22381 0.101946 0)
(1.29906 0.13946 0)
(1.26268 0.114607 0)
(1.33725 0.127624 0)
(1.30286 0.114863 0)
(1.36323 0.0937359 0)
(1.34116 0.0979526 0)
(1.36043 0.0435332 0)
(1.35774 0.0607459 0)
(1.35266 -0.00873569 0)
(1.3594 0.0145273 0)
(1.34856 -0.0586143 0)
(1.35448 -0.0296284 0)
(1.33571 -0.102682 0)
(1.34397 -0.0706577 0)
(1.31384 -0.131185 0)
(1.32276 -0.102359 0)
(1.28248 -0.141278 0)
(1.29148 -0.118598 0)
(1.24587 -0.135185 0)
(1.25419 -0.119639 0)
(1.21081 -0.118364 0)
(1.21833 -0.109902 0)
(1.18203 -0.0974753 0)
(1.18749 -0.0940365 0)
(1.16104 -0.0771961 0)
(1.16401 -0.0766587 0)
(1.14675 -0.0596496 0)
(1.14735 -0.0605573 0)
(1.13748 -0.0454687 0)
(1.13602 -0.0470087 0)
(1.13168 -0.0344695 0)
(1.12859 -0.0361825 0)
(1.12813 -0.0261434 0)
(1.12375 -0.0278069 0)
(1.12596 -0.0199572 0)
(1.12059 -0.0214114 0)
(1.12463 -0.015418 0)
(1.11848 -0.0165907 0)
(1.12381 -0.0120103 0)
(1.11707 -0.0129438 0)
(1.12326 -0.00936766 0)
(1.11605 -0.0100992 0)
(1.12288 -0.00731511 0)
(1.11531 -0.00789135 0)
(1.12259 -0.00572093 0)
(1.11475 -0.00617496 0)
(1.12237 -0.00447868 0)
(1.11432 -0.00483537 0)
(1.12219 -0.00350613 0)
(1.11398 -0.00378819 0)
(1.12206 -0.00274201 0)
(1.11371 -0.0029647 0)
(1.12195 -0.00214138 0)
(1.1135 -0.0023162 0)
(1.12187 -0.00167098 0)
(1.11334 -0.00180678 0)
(1.1218 -0.0013041 0)
(1.11321 -0.00140862 0)
(1.12175 -0.00101768 0)
(1.1131 -0.00109813 0)
(1.1217 -0.000793338 0)
(1.11302 -0.000855411 0)
(1.12166 -0.000617525 0)
(1.11295 -0.000665469 0)
(1.12164 -0.00047994 0)
(1.1129 -0.000516933 0)
(1.12161 -0.000372508 0)
(1.11286 -0.000400959 0)
(1.12159 -0.000288853 0)
(1.11283 -0.000310624 0)
(1.12158 -0.000223794 0)
(1.1128 -0.000240427 0)
(1.12157 -0.000173181 0)
(1.11278 -0.000185901 0)
(1.12156 -0.000133785 0)
(1.11276 -0.000143531 0)
(1.12155 -0.000103118 0)
(1.11275 -0.000110593 0)
(1.12154 -7.92321e-05 0)
(1.11274 -8.49852e-05 0)
(1.12154 -6.06072e-05 0)
(1.11273 -6.50607e-05 0)
(1.12154 -4.60681e-05 0)
(1.11272 -4.95245e-05 0)
(1.12153 -3.45888e-05 0)
(1.11272 -3.74513e-05 0)
(1.12153 -2.55873e-05 0)
(1.11272 -2.77317e-05 0)
(1.12153 -1.76208e-05 0)
(1.11271 -2.0437e-05 0)
(1.11271 -1.27789e-05 0)
(1.01042 -0.0439704 0)
(1.0042 -0.0292171 0)
(1.0361 -0.0799061 0)
(1.0272 -0.0804508 0)
(1.06673 -0.10373 0)
(1.06396 -0.112879 0)
(1.09508 -0.115348 0)
(1.09623 -0.127501 0)
(1.11766 -0.116554 0)
(1.11797 -0.129064 0)
(1.13303 -0.110219 0)
(1.13309 -0.120988 0)
(1.14186 -0.0982817 0)
(1.13842 -0.107643 0)
(1.14479 -0.0824298 0)
(1.13854 -0.0902289 0)
(1.14323 -0.0656156 0)
(1.13328 -0.0714733 0)
(1.13931 -0.0497936 0)
(1.12598 -0.0541455 0)
(1.1343 -0.0359521 0)
(1.1178 -0.0387535 0)
(1.12917 -0.0247107 0)
(1.11015 -0.0262442 0)
(1.12448 -0.0157968 0)
(1.10375 -0.0166656 0)
(1.12062 -0.00870517 0)
(1.09868 -0.00933645 0)
(1.11774 -0.00303253 0)
(1.095 -0.00373283 0)
(1.11589 0.00167485 0)
(1.09264 0.000681739 0)
(1.11501 0.00583441 0)
(1.09145 0.0044263 0)
(1.11504 0.00983792 0)
(1.09129 0.00785844 0)
(1.11595 0.0139688 0)
(1.09208 0.0113351 0)
(1.11778 0.0183966 0)
(1.09381 0.0150258 0)
(1.12065 0.0232472 0)
(1.09655 0.0190955 0)
(1.12474 0.0285983 0)
(1.10042 0.0236176 0)
(1.13021 0.0344626 0)
(1.10557 0.0286018 0)
(1.13723 0.040781 0)
(1.11212 0.0340034 0)
(1.14613 0.0478969 0)
(1.12028 0.0397833 0)
(1.15795 0.0565443 0)
(1.13024 0.0462838 0)
(1.17446 0.0668688 0)
(1.14338 0.0538684 0)
(1.19753 0.0782058 0)
(1.1609 0.0623079 0)
(1.22878 0.088394 0)
(1.18437 0.0706922 0)
(1.26696 0.0932598 0)
(1.21429 0.076427 0)
(1.30651 0.0883964 0)
(1.24826 0.0753128 0)
(1.34016 0.069099 0)
(1.28096 0.0642973 0)
(1.35882 0.0351562 0)
(1.30643 0.0420858 0)
(1.36161 -0.00544798 0)
(1.31708 0.0117463 0)
(1.35238 -0.044128 0)
(1.31494 -0.0204009 0)
(1.33108 -0.0748859 0)
(1.30166 -0.049364 0)
(1.29939 -0.0934659 0)
(1.27763 -0.0706624 0)
(1.26247 -0.0994799 0)
(1.24609 -0.0816828 0)
(1.22616 -0.0958124 0)
(1.21293 -0.0833305 0)
(1.1943 -0.0859983 0)
(1.1823 -0.0780417 0)
(1.1689 -0.0731834 0)
(1.15639 -0.0686348 0)
(1.14994 -0.0598664 0)
(1.13606 -0.0576952 0)
(1.13637 -0.0477321 0)
(1.12087 -0.0469895 0)
(1.12693 -0.037558 0)
(1.1098 -0.0375725 0)
(1.12049 -0.0293825 0)
(1.1019 -0.0297385 0)
(1.11608 -0.0229469 0)
(1.09624 -0.0234003 0)
(1.11303 -0.0179268 0)
(1.09215 -0.0183585 0)
(1.11085 -0.0140295 0)
(1.08917 -0.0144145 0)
(1.10925 -0.0109894 0)
(1.08693 -0.0113372 0)
(1.10805 -0.00860729 0)
(1.08522 -0.00890673 0)
(1.10715 -0.00674071 0)
(1.08391 -0.00699087 0)
(1.10646 -0.00527512 0)
(1.08289 -0.00548057 0)
(1.10592 -0.00412916 0)
(1.0821 -0.0042921 0)
(1.10549 -0.00323294 0)
(1.08147 -0.00336074 0)
(1.10515 -0.00252728 0)
(1.08098 -0.00262747 0)
(1.10489 -0.00197174 0)
(1.08059 -0.00205002 0)
(1.10468 -0.00153649 0)
(1.08028 -0.00159667 0)
(1.10451 -0.00119673 0)
(1.08004 -0.00124237 0)
(1.10438 -0.000931549 0)
(1.07985 -0.000965925 0)
(1.10427 -0.000724369 0)
(1.0797 -0.000750356 0)
(1.10419 -0.000562516 0)
(1.07958 -0.000582137 0)
(1.10412 -0.000436212 0)
(1.07949 -0.000451058 0)
(1.10407 -0.000337822 0)
(1.07941 -0.000349016 0)
(1.10403 -0.000261319 0)
(1.07936 -0.000269747 0)
(1.104 -0.000201925 0)
(1.07931 -0.000208239 0)
(1.10397 -0.00015582 0)
(1.07928 -0.000160568 0)
(1.10395 -0.000120031 0)
(1.07925 -0.000123598 0)
(1.10394 -9.22408e-05 0)
(1.07923 -9.49428e-05 0)
(1.10392 -7.06598e-05 0)
(1.07921 -7.27137e-05 0)
(1.10392 -5.38718e-05 0)
(1.0792 -5.54852e-05 0)
(1.10391 -4.08336e-05 0)
(1.07919 -4.20703e-05 0)
(1.1039 -3.05421e-05 0)
(1.07918 -3.17485e-05 0)
(1.1039 -2.25388e-05 0)
(1.07917 -2.33494e-05 0)
(1.10389 -1.55612e-05 0)
(1.07917 -1.72231e-05 0)
(1.07916 -1.08202e-05 0)
(1.01979 -0.0664337 0)
(1.00913 -0.0490093 0)
(1.05944 -0.112591 0)
(1.04758 -0.120094 0)
(1.09476 -0.135801 0)
(1.08716 -0.148199 0)
(1.11898 -0.14054 0)
(1.10977 -0.151727 0)
(1.13346 -0.132901 0)
(1.1156 -0.143541 0)
(1.13845 -0.11774 0)
(1.11327 -0.125975 0)
(1.13511 -0.0993204 0)
(1.1011 -0.104306 0)
(1.12684 -0.0796179 0)
(1.0849 -0.0819628 0)
(1.11589 -0.0604274 0)
(1.06712 -0.0605232 0)
(1.1042 -0.0433703 0)
(1.05077 -0.0424553 0)
(1.09353 -0.0292526 0)
(1.03687 -0.0280831 0)
(1.08469 -0.0183914 0)
(1.02608 -0.017405 0)
(1.07785 -0.010408 0)
(1.01821 -0.00982328 0)
(1.07298 -0.00459373 0)
(1.0128 -0.00446946 0)
(1.06984 -0.000235565 0)
(1.00941 -0.000591637 0)
(1.06814 0.00323009 0)
(1.00765 0.00238338 0)
(1.06767 0.00625352 0)
(1.00718 0.00489179 0)
(1.06825 0.00919541 0)
(1.00781 0.00728023 0)
(1.06984 0.0122691 0)
(1.00945 0.00974625 0)
(1.07245 0.0156096 0)
(1.01208 0.0124191 0)
(1.07614 0.0193197 0)
(1.01575 0.0154026 0)
(1.08102 0.0234358 0)
(1.02055 0.0187394 0)
(1.08719 0.0279341 0)
(1.02658 0.0224226 0)
(1.0948 0.0327777 0)
(1.03397 0.0263971 0)
(1.10398 0.0379999 0)
(1.0428 0.0306021 0)
(1.11518 0.0436479 0)
(1.05324 0.0350806 0)
(1.12927 0.0496054 0)
(1.06577 0.0397849 0)
(1.14716 0.0553489 0)
(1.08103 0.0444138 0)
(1.16959 0.0595465 0)
(1.09959 0.0482617 0)
(1.19607 0.0599492 0)
(1.12154 0.0499463 0)
(1.22383 0.05404 0)
(1.14566 0.0475471 0)
(1.24875 0.0400183 0)
(1.16911 0.0393807 0)
(1.26606 0.0193033 0)
(1.18811 0.0247793 0)
(1.27181 -0.00438466 0)
(1.19821 0.00599347 0)
(1.26547 -0.0278756 0)
(1.19807 -0.0140613 0)
(1.24855 -0.0477127 0)
(1.18781 -0.0324476 0)
(1.22411 -0.0608725 0)
(1.16922 -0.0462157 0)
(1.19627 -0.0665802 0)
(1.14552 -0.0538464 0)
(1.16868 -0.0659384 0)
(1.12017 -0.0557432 0)
(1.14386 -0.0608003 0)
(1.09604 -0.0532222 0)
(1.1231 -0.0531753 0)
(1.07477 -0.0478696 0)
(1.10661 -0.0447754 0)
(1.05706 -0.0412124 0)
(1.09401 -0.0367292 0)
(1.04291 -0.0343862 0)
(1.08453 -0.0296261 0)
(1.03188 -0.0280959 0)
(1.07745 -0.0236507 0)
(1.02338 -0.0226549 0)
(1.07216 -0.0187561 0)
(1.01684 -0.0181061 0)
(1.06818 -0.014823 0)
(1.01181 -0.0143839 0)
(1.06516 -0.0117008 0)
(1.00792 -0.011391 0)
(1.06282 -0.00922575 0)
(1.00489 -0.00900291 0)
(1.06101 -0.00726104 0)
(1.00252 -0.00709636 0)
(1.0596 -0.00570524 0)
(1.00066 -0.00557903 0)
(1.0585 -0.00447617 0)
(0.999201 -0.00437533 0)
(1.05763 -0.00350647 0)
(0.998054 -0.00342411 0)
(1.05694 -0.002742 0)
(0.997151 -0.00267534 0)
(1.0564 -0.00213999 0)
(0.99644 -0.00208632 0)
(1.05598 -0.00166699 0)
(0.995881 -0.00162359 0)
(1.05564 -0.00129649 0)
(0.995442 -0.00126116 0)
(1.05538 -0.00100709 0)
(0.995098 -0.000978364 0)
(1.05517 -0.000781448 0)
(0.994829 -0.00075814 0)
(1.055 -0.000605691 0)
(0.994618 -0.000586902 0)
(1.05488 -0.00046887 0)
(0.994453 -0.000453784 0)
(1.05478 -0.000362515 0)
(0.994324 -0.000350455 0)
(1.0547 -0.000279934 0)
(0.994224 -0.000270331 0)
(1.05464 -0.00021592 0)
(0.994146 -0.000208284 0)
(1.05459 -0.000166333 0)
(0.994085 -0.000160284 0)
(1.05455 -0.000127944 0)
(0.994038 -0.000123163 0)
(1.05452 -9.82169e-05 0)
(0.994002 -9.44626e-05 0)
(1.0545 -7.52048e-05 0)
(0.993973 -7.22696e-05 0)
(1.05448 -5.73881e-05 0)
(0.993951 -5.51246e-05 0)
(1.05447 -4.35761e-05 0)
(0.993934 -4.18746e-05 0)
(1.05446 -3.29113e-05 0)
(0.993921 -3.16127e-05 0)
(1.05445 -2.45029e-05 0)
(0.993912 -2.37596e-05 0)
(1.05444 -1.79951e-05 0)
(0.993904 -1.73481e-05 0)
(1.05444 -1.24674e-05 0)
(0.993899 -1.27812e-05 0)
(0.993893 -8.10779e-06 0)
(1.03966 -0.111055 0)
(1.01332 -0.0886683 0)
(1.08181 -0.156226 0)
(1.05553 -0.162246 0)
(1.10261 -0.161757 0)
(1.0672 -0.169004 0)
(1.1058 -0.152689 0)
(1.0497 -0.154912 0)
(1.09565 -0.135875 0)
(1.01639 -0.133388 0)
(1.07568 -0.112938 0)
(0.977409 -0.10601 0)
(1.0507 -0.0875288 0)
(0.939732 -0.0793278 0)
(1.02482 -0.0632606 0)
(0.905798 -0.0560774 0)
(1.00172 -0.0430265 0)
(0.877803 -0.0374228 0)
(0.983113 -0.0277716 0)
(0.85688 -0.0238516 0)
(0.969249 -0.0167849 0)
(0.841973 -0.0142194 0)
(0.959518 -0.00921984 0)
(0.831995 -0.0076738 0)
(0.953065 -0.00411526 0)
(0.825717 -0.00337061 0)
(0.949142 -0.000610175 0)
(0.822088 -0.000546603 0)
(0.947156 0.00191916 0)
(0.82044 0.00139405 0)
(0.946624 0.00393116 0)
(0.820191 0.00291509 0)
(0.947258 0.00578411 0)
(0.821059 0.00425762 0)
(0.94892 0.00767815 0)
(0.822893 0.00561877 0)
(0.951574 0.0097201 0)
(0.825648 0.00709193 0)
(0.955235 0.0120088 0)
(0.829351 0.00875751 0)
(0.959973 0.0145973 0)
(0.83408 0.0106636 0)
(0.965886 0.0174934 0)
(0.83994 0.0128257 0)
(0.973079 0.0206654 0)
(0.847052 0.0152287 0)
(0.98165 0.024053 0)
(0.85552 0.0178248 0)
(0.991704 0.0275951 0)
(0.865433 0.0205476 0)
(1.00345 0.0312095 0)
(0.876895 0.023334 0)
(1.01718 0.0346797 0)
(0.890066 0.0260507 0)
(1.03318 0.0375368 0)
(0.905096 0.0284175 0)
(1.05149 0.0389622 0)
(0.922003 0.0299533 0)
(1.07151 0.0377824 0)
(0.94042 0.0299267 0)
(1.09165 0.0327978 0)
(0.959332 0.0273998 0)
(1.1094 0.0234719 0)
(0.976836 0.0216302 0)
(1.12156 0.0105996 0)
(0.990263 0.0126247 0)
(1.12574 -0.0041502 0)
(0.997117 0.00180791 0)
(1.1213 -0.0187748 0)
(0.996457 -0.00962248 0)
(1.10895 -0.0310192 0)
(0.988047 -0.0200907 0)
(1.09069 -0.0392461 0)
(0.973175 -0.027956 0)
(1.06929 -0.0430728 0)
(0.954092 -0.0324524 0)
(1.0473 -0.0430844 0)
(0.933218 -0.0337502 0)
(1.02661 -0.0403062 0)
(0.912586 -0.0325301 0)
(1.00836 -0.0358678 0)
(0.893686 -0.029625 0)
(0.993004 -0.0307593 0)
(0.877193 -0.0258551 0)
(0.980486 -0.0256862 0)
(0.86334 -0.0218684 0)
(0.970478 -0.0210566 0)
(0.851998 -0.0180881 0)
(0.962554 -0.0170385 0)
(0.842853 -0.0147311 0)
(0.956312 -0.0136599 0)
(0.835545 -0.0118646 0)
(0.951407 -0.0108826 0)
(0.82974 -0.00947909 0)
(0.947548 -0.00863349 0)
(0.825142 -0.00753117 0)
(0.944503 -0.00682463 0)
(0.821504 -0.0059582 0)
(0.942102 -0.00537557 0)
(0.818628 -0.0046952 0)
(0.940209 -0.00422034 0)
(0.816361 -0.00368651 0)
(0.938719 -0.00330386 0)
(0.814576 -0.00288522 0)
(0.937547 -0.00258011 0)
(0.813175 -0.00225185 0)
(0.936625 -0.00201062 0)
(0.812076 -0.00175342 0)
(0.935901 -0.00156353 0)
(0.811215 -0.00136239 0)
(0.935334 -0.00121339 0)
(0.810543 -0.00105623 0)
(0.93489 -0.000940061 0)
(0.810018 -0.000817401 0)
(0.934543 -0.000727342 0)
(0.80961 -0.000631596 0)
(0.934273 -0.000562142 0)
(0.809292 -0.000487516 0)
(0.934062 -0.000433975 0)
(0.809046 -0.000375839 0)
(0.933898 -0.000334655 0)
(0.808854 -0.000289476 0)
(0.93377 -0.000257772 0)
(0.808706 -0.000222673 0)
(0.933671 -0.000198332 0)
(0.808591 -0.000171142 0)
(0.933594 -0.000152414 0)
(0.808503 -0.000131334 0)
(0.933534 -0.000116964 0)
(0.808434 -0.000100684 0)
(0.933488 -8.95929e-05 0)
(0.808381 -7.70046e-05 0)
(0.933453 -6.84702e-05 0)
(0.808341 -5.88013e-05 0)
(0.933425 -5.2173e-05 0)
(0.808309 -4.47369e-05 0)
(0.933404 -3.96112e-05 0)
(0.808285 -3.39622e-05 0)
(0.933388 -2.99218e-05 0)
(0.808267 -2.56376e-05 0)
(0.933376 -2.24774e-05 0)
(0.808253 -1.92728e-05 0)
(0.933366 -1.66245e-05 0)
(0.808242 -1.43714e-05 0)
(0.933359 -1.21583e-05 0)
(0.808234 -1.04396e-05 0)
(0.933354 -8.44013e-06 0)
(0.808229 -7.66012e-06 0)
(0.808223 -4.97248e-06 0)
(1.05165 -0.154673 0)
(0.90309 -0.140315 0)
(1.04727 -0.182021 0)
(0.900291 -0.157867 0)
(1.01124 -0.166022 0)
(0.843538 -0.132973 0)
(0.958232 -0.139408 0)
(0.753785 -0.101907 0)
(0.898215 -0.10611 0)
(0.676314 -0.073372 0)
(0.841335 -0.0740398 0)
(0.615742 -0.04913 0)
(0.794103 -0.0492088 0)
(0.570457 -0.0320955 0)
(0.758138 -0.0311708 0)
(0.537147 -0.0201125 0)
(0.732629 -0.018699 0)
(0.514147 -0.0119149 0)
(0.715423 -0.0104344 0)
(0.499273 -0.0066451 0)
(0.704509 -0.00512108 0)
(0.490134 -0.00330602 0)
(0.698068 -0.00180472 0)
(0.484937 -0.0012322 0)
(0.694659 0.000219143 0)
(0.482396 3.81259e-05 0)
(0.693319 0.00146925 0)
(0.481504 0.000793195 0)
(0.693417 0.00239754 0)
(0.481821 0.00129594 0)
(0.694571 0.00324847 0)
(0.482916 0.0017603 0)
(0.696618 0.00410365 0)
(0.484729 0.00221042 0)
(0.699518 0.00505364 0)
(0.487204 0.00271816 0)
(0.703296 0.00615887 0)
(0.490375 0.00331367 0)
(0.708034 0.00745393 0)
(0.494326 0.00401951 0)
(0.713848 0.00895242 0)
(0.499168 0.00484939 0)
(0.720867 0.0106482 0)
(0.505027 0.00580523 0)
(0.729218 0.0125133 0)
(0.51203 0.00687737 0)
(0.739005 0.0144959 0)
(0.520285 0.00803649 0)
(0.750312 0.0165255 0)
(0.529869 0.00924041 0)
(0.763212 0.0184929 0)
(0.54083 0.0104334 0)
(0.777736 0.0202042 0)
(0.553173 0.0115258 0)
(0.793786 0.0213473 0)
(0.566808 0.0123676 0)
(0.810999 0.0214765 0)
(0.581465 0.0127391 0)
(0.828579 0.0200429 0)
(0.596568 0.0123465 0)
(0.845092 0.0165712 0)
(0.611151 0.0108862 0)
(0.858564 0.0109527 0)
(0.623737 0.00815731 0)
(0.86693 0.00382725 0)
(0.632532 0.00425782 0)
(0.868897 -0.00392259 0)
(0.636137 -0.000159042 0)
(0.864039 -0.0114372 0)
(0.634303 -0.00476491 0)
(0.85284 -0.017632 0)
(0.626742 -0.00889221 0)
(0.836819 -0.0217449 0)
(0.61446 -0.0119352 0)
(0.818011 -0.0236293 0)
(0.599073 -0.0136449 0)
(0.798357 -0.023591 0)
(0.582277 -0.014096 0)
(0.779399 -0.0221395 0)
(0.565501 -0.0135728 0)
(0.762171 -0.0198181 0)
(0.549879 -0.0123962 0)
(0.747176 -0.0171104 0)
(0.535972 -0.0108606 0)
(0.734529 -0.0143792 0)
(0.524046 -0.00922137 0)
(0.724093 -0.0118484 0)
(0.514086 -0.00765167 0)
(0.715606 -0.00962394 0)
(0.50592 -0.00624414 0)
(0.708774 -0.00773436 0)
(0.499311 -0.00503296 0)
(0.703314 -0.00616683 0)
(0.494011 -0.00401932 0)
(0.698971 -0.00488773 0)
(0.48979 -0.0031879 0)
(0.695528 -0.00385489 0)
(0.486444 -0.00251505 0)
(0.692807 -0.00302697 0)
(0.483802 -0.00197496 0)
(0.690665 -0.00236771 0)
(0.481724 -0.00154434 0)
(0.688983 -0.00184591 0)
(0.480095 -0.00120326 0)
(0.687666 -0.00143507 0)
(0.478823 -0.000934612 0)
(0.686637 -0.00111297 0)
(0.477831 -0.000724124 0)
(0.685834 -0.000861207 0)
(0.477059 -0.000559748 0)
(0.68521 -0.000665026 0)
(0.476461 -0.000431784 0)
(0.684725 -0.000512666 0)
(0.475997 -0.000332416 0)
(0.684349 -0.000394692 0)
(0.475639 -0.000255554 0)
(0.684058 -0.000303521 0)
(0.475362 -0.000196207 0)
(0.683832 -0.00023316 0)
(0.475149 -0.000150515 0)
(0.683658 -0.000178921 0)
(0.474984 -0.000115328 0)
(0.683524 -0.000137156 0)
(0.474858 -8.83061e-05 0)
(0.683421 -0.000105017 0)
(0.47476 -6.75048e-05 0)
(0.683341 -8.02979e-05 0)
(0.474686 -5.15495e-05 0)
(0.683279 -6.12856e-05 0)
(0.474628 -3.92644e-05 0)
(0.683232 -4.66684e-05 0)
(0.474584 -2.98606e-05 0)
(0.683196 -3.54377e-05 0)
(0.474551 -2.26265e-05 0)
(0.683169 -2.68214e-05 0)
(0.474525 -1.71144e-05 0)
(0.683148 -2.0221e-05 0)
(0.474506 -1.28832e-05 0)
(0.683132 -1.5167e-05 0)
(0.474491 -9.67815e-06 0)
(0.683119 -1.13003e-05 0)
(0.47448 -7.21536e-06 0)
(0.68311 -8.27666e-06 0)
(0.474472 -5.33359e-06 0)
(0.683104 -5.98846e-06 0)
(0.474466 -3.82023e-06 0)
(0.683099 -4.20124e-06 0)
(0.474461 -2.73755e-06 0)
(0.474457 -1.87957e-06 0)
(0.859685 -0.053058 0)
(0.701818 -0.0842274 0)
(0.568845 -0.0657459 0)
(0.466938 -0.0362423 0)
(0.393566 -0.0181767 0)
(0.344436 -0.0092222 0)
(0.31234 -0.00445084 0)
(0.292228 -0.0018442 0)
(0.280313 -0.00050405 0)
(0.273668 0.000136173 0)
(0.270362 0.000441545 0)
(0.269129 0.0005882 0)
(0.269167 0.000663789 0)
(0.26996 0.000722665 0)
(0.271256 0.000801651 0)
(0.273016 0.000908245 0)
(0.275227 0.00105149 0)
(0.277945 0.00124265 0)
(0.281258 0.00148547 0)
(0.285278 0.00178231 0)
(0.290127 0.00213327 0)
(0.295931 0.00253407 0)
(0.302808 0.00297476 0)
(0.310844 0.00343701 0)
(0.320085 0.00389253 0)
(0.330518 0.0042992 0)
(0.342043 0.00459464 0)
(0.35441 0.0046951 0)
(0.367149 0.00450106 0)
(0.379495 0.00392352 0)
(0.390381 0.00292566 0)
(0.398538 0.00156781 0)
(0.402796 8.07649e-06 0)
(0.402637 -0.001641 0)
(0.397872 -0.00315951 0)
(0.388979 -0.00428291 0)
(0.377044 -0.00494134 0)
(0.363399 -0.00515477 0)
(0.349303 -0.00501041 0)
(0.33573 -0.00461949 0)
(0.323334 -0.00408195 0)
(0.312473 -0.00348578 0)
(0.303252 -0.00290073 0)
(0.2956 -0.00236814 0)
(0.289356 -0.00190574 0)
(0.284323 -0.00151663 0)
(0.280304 -0.00119666 0)
(0.277116 -0.000938078 0)
(0.274601 -0.000731442 0)
(0.272626 -0.000567577 0)
(0.271081 -0.00043859 0)
(0.269878 -0.000337708 0)
(0.268943 -0.000259292 0)
(0.268219 -0.000198605 0)
(0.26766 -0.000151791 0)
(0.267228 -0.000115761 0)
(0.266896 -8.81188e-05 0)
(0.26664 -6.69738e-05 0)
(0.266444 -5.08451e-05 0)
(0.266293 -3.85614e-05 0)
(0.266178 -2.92053e-05 0)
(0.26609 -2.20712e-05 0)
(0.266022 -1.66245e-05 0)
(0.265971 -1.24691e-05 0)
(0.265932 -9.30618e-06 0)
(0.265902 -6.91134e-06 0)
(0.265879 -5.10667e-06 0)
(0.265862 -3.75763e-06 0)
(0.265849 -2.75323e-06 0)
(0.265839 -2.01247e-06 0)
(0.265832 -1.44804e-06 0)
(0.265827 -1.03118e-06 0)
(0.265823 -7.10642e-07 0)
(0.26582 -5.19446e-07 0)
)
;

boundaryField
{
    ibCylinder
    {
        type            immersedBoundary;
        value           nonuniform List<vector> 
48
(
(0.935527 0 0)
(0.935527 5.24645e-17 0)
(0.935527 0 0)
(0.935527 4.33679e-19 -7.52394e-35)
(0.935527 2.74306e-17 -4.70268e-33)
(0.935527 0 0)
(0.935527 -4.97098e-17 -2.57081e-35)
(0.935527 -8.66071e-17 1.24064e-32)
(0.935527 0 0)
(0.935527 -4.74489e-17 1.81159e-32)
(0.935527 8.68779e-17 -1.53457e-32)
(0.935527 -6.91497e-17 1.3317e-32)
(0.935527 7.8392e-17 -2.72184e-32)
(0.935527 -7.86171e-17 1.39373e-32)
(0.935527 0 0)
(0.935527 4.94066e-17 -8.49207e-33)
(0.935527 0 0)
(0.935527 0 0)
(0.935527 4.95031e-17 7.74547e-32)
(0.935527 0 0)
(0.935527 3.55505e-17 0)
(0.935527 0 0)
(0.935527 1.73826e-17 -7.61243e-32)
(0.935527 0 0)
(0.935527 0 0)
(0.935527 0 0)
(0.935527 -1.73826e-17 7.61243e-32)
(0.935527 0 0)
(0.935527 -3.55505e-17 0)
(0.935527 -4.94066e-17 8.49207e-33)
(0.935527 0 0)
(0.935527 0 0)
(0.935527 -4.95031e-17 -7.78893e-32)
(0.935527 6.91497e-17 -1.3317e-32)
(0.935527 -7.8392e-17 2.72184e-32)
(0.935527 0 0)
(0.935527 0 0)
(0.935527 -8.66071e-17 1.24064e-32)
(0.935527 0 0)
(0.935527 4.74489e-17 2.00775e-33)
(0.935527 0 0)
(0.935527 0 0)
(0.935527 0 0)
(0.935527 0 0)
(0.935527 -4.33679e-19 7.52394e-35)
(0.935527 -2.74306e-17 -1.16173e-34)
(0.935527 5.26611e-17 2.70846e-32)
(0.935527 0 0)
)
;
        value           nonuniform List<vector> 0();
    }
    in
    {
        type            calculated;
        value           uniform (1 0 0);
    }
    out
    {
        type            calculated;
        value           nonuniform List<vector> 
25
(
(0.265821 2.29638e-07 0)
(0.683098 2.67642e-06 0)
(0.933351 5.33807e-06 0)
(1.05444 7.85577e-06 0)
(1.10389 9.68738e-06 0)
(1.12153 1.07578e-05 0)
(1.12715 1.08838e-05 0)
(1.12879 1.01842e-05 0)
(1.12922 8.7093e-06 0)
(1.12933 6.55871e-06 0)
(1.12935 3.6744e-06 0)
(1.12935 8.99781e-07 0)
(1.12935 -2.29776e-06 0)
(1.12935 -5.42325e-06 0)
(1.12935 -8.13025e-06 0)
(1.12933 -1.07568e-05 0)
(1.12922 -1.26289e-05 0)
(1.12879 -1.37593e-05 0)
(1.12715 -1.40623e-05 0)
(1.12153 -1.35396e-05 0)
(1.10389 -1.19964e-05 0)
(1.05444 -9.64197e-06 0)
(0.933351 -6.5819e-06 0)
(0.683096 -3.36349e-06 0)
(0.265818 -4.50531e-07 0)
)
;
    }
    top
    {
        type            calculated;
        value           uniform (0 0 0);
    }
    bottom
    {
        type            calculated;
        value           uniform (0 0 0);
    }
    frontAndBack
    {
        type            empty;
        value           nonuniform List<vector> 0();
    }
}


// ************************************************************************* //
