/*--------------------------------*- C++ -*----------------------------------*\
| =========                 |                                                 |
| \\      /  F ield         | OpenFOAM: The Open Source CFD Toolbox           |
|  \\    /   O peration     | Version:  2206                                  |
|   \\  /    A nd           | Website:  www.openfoam.com                      |
|    \\/     M anipulation  |                                                 |
\*---------------------------------------------------------------------------*/
FoamFile
{
    version     2.0;
    format      ascii;
    arch        "LSB;label=32;scalar=64";
    class       vectorField;
    location    "0.8/polyMesh";
    object      points;
}
// * * * * * * * * * * * * * * * * * * * * * * * * * * * * * * * * * * * * * //


3952
(
(-1 -0.5 -0.04)
(-0.96 -0.5 -0.04)
(-0.92 -0.5 -0.04)
(-0.88 -0.5 -0.04)
(-0.84 -0.5 -0.04)
(-0.8 -0.5 -0.04)
(-0.76 -0.5 -0.04)
(-0.72 -0.5 -0.04)
(-0.68 -0.5 -0.04)
(-0.64 -0.5 -0.04)
(-0.6 -0.5 -0.04)
(-0.56 -0.5 -0.04)
(-0.52 -0.5 -0.04)
(-0.48 -0.5 -0.04)
(-0.44 -0.5 -0.04)
(-0.4 -0.5 -0.04)
(-0.36 -0.5 -0.04)
(-0.32 -0.5 -0.04)
(-0.28 -0.5 -0.04)
(-0.24 -0.5 -0.04)
(-0.2 -0.5 -0.04)
(-0.16 -0.5 -0.04)
(-0.12 -0.5 -0.04)
(-0.08 -0.5 -0.04)
(-0.04 -0.5 -0.04)
(-7.40149e-17 -0.5 -0.04)
(0.04 -0.5 -0.04)
(0.08 -0.5 -0.04)
(0.12 -0.5 -0.04)
(0.16 -0.5 -0.04)
(0.2 -0.5 -0.04)
(0.24 -0.5 -0.04)
(0.28 -0.5 -0.04)
(0.32 -0.5 -0.04)
(0.36 -0.5 -0.04)
(0.4 -0.5 -0.04)
(0.44 -0.5 -0.04)
(0.48 -0.5 -0.04)
(0.52 -0.5 -0.04)
(0.56 -0.5 -0.04)
(0.6 -0.5 -0.04)
(0.64 -0.5 -0.04)
(0.68 -0.5 -0.04)
(0.72 -0.5 -0.04)
(0.76 -0.5 -0.04)
(0.8 -0.5 -0.04)
(0.84 -0.5 -0.04)
(0.88 -0.5 -0.04)
(0.92 -0.5 -0.04)
(0.96 -0.5 -0.04)
(1 -0.5 -0.04)
(1.04 -0.5 -0.04)
(1.08 -0.5 -0.04)
(1.12 -0.5 -0.04)
(1.16 -0.5 -0.04)
(1.2 -0.5 -0.04)
(1.24 -0.5 -0.04)
(1.28 -0.5 -0.04)
(1.32 -0.5 -0.04)
(1.36 -0.5 -0.04)
(1.4 -0.5 -0.04)
(1.44 -0.5 -0.04)
(1.48 -0.5 -0.04)
(1.52 -0.5 -0.04)
(1.56 -0.5 -0.04)
(1.6 -0.5 -0.04)
(1.64 -0.5 -0.04)
(1.68 -0.5 -0.04)
(1.72 -0.5 -0.04)
(1.76 -0.5 -0.04)
(1.8 -0.5 -0.04)
(1.84 -0.5 -0.04)
(1.88 -0.5 -0.04)
(1.92 -0.5 -0.04)
(1.96 -0.5 -0.04)
(2 -0.5 -0.04)
(-1 -0.46 -0.04)
(-0.96 -0.46 -0.04)
(-0.92 -0.46 -0.04)
(-0.88 -0.46 -0.04)
(-0.84 -0.46 -0.04)
(-0.8 -0.46 -0.04)
(-0.76 -0.46 -0.04)
(-0.72 -0.46 -0.04)
(-0.68 -0.46 -0.04)
(-0.64 -0.46 -0.04)
(-0.6 -0.46 -0.04)
(-0.56 -0.46 -0.04)
(-0.52 -0.46 -0.04)
(-0.48 -0.46 -0.04)
(-0.44 -0.46 -0.04)
(-0.4 -0.46 -0.04)
(-0.36 -0.46 -0.04)
(-0.32 -0.46 -0.04)
(-0.28 -0.46 -0.04)
(-0.24 -0.46 -0.04)
(-0.2 -0.46 -0.04)
(-0.16 -0.46 -0.04)
(-0.12 -0.46 -0.04)
(-0.08 -0.46 -0.04)
(-0.04 -0.46 -0.04)
(-1.13335e-16 -0.46 -0.04)
(0.04 -0.46 -0.04)
(0.08 -0.46 -0.04)
(0.12 -0.46 -0.04)
(0.16 -0.46 -0.04)
(0.2 -0.46 -0.04)
(0.24 -0.46 -0.04)
(0.28 -0.46 -0.04)
(0.32 -0.46 -0.04)
(0.36 -0.46 -0.04)
(0.4 -0.46 -0.04)
(0.44 -0.46 -0.04)
(0.48 -0.46 -0.04)
(0.52 -0.46 -0.04)
(0.56 -0.46 -0.04)
(0.6 -0.46 -0.04)
(0.64 -0.46 -0.04)
(0.68 -0.46 -0.04)
(0.72 -0.46 -0.04)
(0.76 -0.46 -0.04)
(0.8 -0.46 -0.04)
(0.84 -0.46 -0.04)
(0.88 -0.46 -0.04)
(0.92 -0.46 -0.04)
(0.96 -0.46 -0.04)
(1 -0.46 -0.04)
(1.04 -0.46 -0.04)
(1.08 -0.46 -0.04)
(1.12 -0.46 -0.04)
(1.16 -0.46 -0.04)
(1.2 -0.46 -0.04)
(1.24 -0.46 -0.04)
(1.28 -0.46 -0.04)
(1.32 -0.46 -0.04)
(1.36 -0.46 -0.04)
(1.4 -0.46 -0.04)
(1.44 -0.46 -0.04)
(1.48 -0.46 -0.04)
(1.52 -0.46 -0.04)
(1.56 -0.46 -0.04)
(1.6 -0.46 -0.04)
(1.64 -0.46 -0.04)
(1.68 -0.46 -0.04)
(1.72 -0.46 -0.04)
(1.76 -0.46 -0.04)
(1.8 -0.46 -0.04)
(1.84 -0.46 -0.04)
(1.88 -0.46 -0.04)
(1.92 -0.46 -0.04)
(1.96 -0.46 -0.04)
(2 -0.46 -0.04)
(-1 -0.42 -0.04)
(-0.96 -0.42 -0.04)
(-0.92 -0.42 -0.04)
(-0.88 -0.42 -0.04)
(-0.84 -0.42 -0.04)
(-0.8 -0.42 -0.04)
(-0.76 -0.42 -0.04)
(-0.72 -0.42 -0.04)
(-0.68 -0.42 -0.04)
(-0.64 -0.42 -0.04)
(-0.6 -0.42 -0.04)
(-0.56 -0.42 -0.04)
(-0.52 -0.42 -0.04)
(-0.48 -0.42 -0.04)
(-0.44 -0.42 -0.04)
(-0.4 -0.42 -0.04)
(-0.36 -0.42 -0.04)
(-0.32 -0.42 -0.04)
(-0.28 -0.42 -0.04)
(-0.24 -0.42 -0.04)
(-0.2 -0.42 -0.04)
(-0.16 -0.42 -0.04)
(-0.12 -0.42 -0.04)
(-0.08 -0.42 -0.04)
(-0.04 -0.42 -0.04)
(-7.86408e-17 -0.42 -0.04)
(0.04 -0.42 -0.04)
(0.08 -0.42 -0.04)
(0.12 -0.42 -0.04)
(0.16 -0.42 -0.04)
(0.2 -0.42 -0.04)
(0.24 -0.42 -0.04)
(0.28 -0.42 -0.04)
(0.32 -0.42 -0.04)
(0.36 -0.42 -0.04)
(0.4 -0.42 -0.04)
(0.44 -0.42 -0.04)
(0.48 -0.42 -0.04)
(0.52 -0.42 -0.04)
(0.56 -0.42 -0.04)
(0.6 -0.42 -0.04)
(0.64 -0.42 -0.04)
(0.68 -0.42 -0.04)
(0.72 -0.42 -0.04)
(0.76 -0.42 -0.04)
(0.8 -0.42 -0.04)
(0.84 -0.42 -0.04)
(0.88 -0.42 -0.04)
(0.92 -0.42 -0.04)
(0.96 -0.42 -0.04)
(1 -0.42 -0.04)
(1.04 -0.42 -0.04)
(1.08 -0.42 -0.04)
(1.12 -0.42 -0.04)
(1.16 -0.42 -0.04)
(1.2 -0.42 -0.04)
(1.24 -0.42 -0.04)
(1.28 -0.42 -0.04)
(1.32 -0.42 -0.04)
(1.36 -0.42 -0.04)
(1.4 -0.42 -0.04)
(1.44 -0.42 -0.04)
(1.48 -0.42 -0.04)
(1.52 -0.42 -0.04)
(1.56 -0.42 -0.04)
(1.6 -0.42 -0.04)
(1.64 -0.42 -0.04)
(1.68 -0.42 -0.04)
(1.72 -0.42 -0.04)
(1.76 -0.42 -0.04)
(1.8 -0.42 -0.04)
(1.84 -0.42 -0.04)
(1.88 -0.42 -0.04)
(1.92 -0.42 -0.04)
(1.96 -0.42 -0.04)
(2 -0.42 -0.04)
(-1 -0.38 -0.04)
(-0.96 -0.38 -0.04)
(-0.92 -0.38 -0.04)
(-0.88 -0.38 -0.04)
(-0.84 -0.38 -0.04)
(-0.8 -0.38 -0.04)
(-0.76 -0.38 -0.04)
(-0.72 -0.38 -0.04)
(-0.68 -0.38 -0.04)
(-0.64 -0.38 -0.04)
(-0.6 -0.38 -0.04)
(-0.56 -0.38 -0.04)
(-0.52 -0.38 -0.04)
(-0.48 -0.38 -0.04)
(-0.44 -0.38 -0.04)
(-0.4 -0.38 -0.04)
(-0.36 -0.38 -0.04)
(-0.32 -0.38 -0.04)
(-0.28 -0.38 -0.04)
(-0.24 -0.38 -0.04)
(-0.2 -0.38 -0.04)
(-0.16 -0.38 -0.04)
(-0.12 -0.38 -0.04)
(-0.08 -0.38 -0.04)
(-0.04 -0.38 -0.04)
(-7.86408e-17 -0.38 -0.04)
(0.04 -0.38 -0.04)
(0.08 -0.38 -0.04)
(0.12 -0.38 -0.04)
(0.16 -0.38 -0.04)
(0.2 -0.38 -0.04)
(0.24 -0.38 -0.04)
(0.28 -0.38 -0.04)
(0.32 -0.38 -0.04)
(0.36 -0.38 -0.04)
(0.4 -0.38 -0.04)
(0.44 -0.38 -0.04)
(0.48 -0.38 -0.04)
(0.52 -0.38 -0.04)
(0.56 -0.38 -0.04)
(0.6 -0.38 -0.04)
(0.64 -0.38 -0.04)
(0.68 -0.38 -0.04)
(0.72 -0.38 -0.04)
(0.76 -0.38 -0.04)
(0.8 -0.38 -0.04)
(0.84 -0.38 -0.04)
(0.88 -0.38 -0.04)
(0.92 -0.38 -0.04)
(0.96 -0.38 -0.04)
(1 -0.38 -0.04)
(1.04 -0.38 -0.04)
(1.08 -0.38 -0.04)
(1.12 -0.38 -0.04)
(1.16 -0.38 -0.04)
(1.2 -0.38 -0.04)
(1.24 -0.38 -0.04)
(1.28 -0.38 -0.04)
(1.32 -0.38 -0.04)
(1.36 -0.38 -0.04)
(1.4 -0.38 -0.04)
(1.44 -0.38 -0.04)
(1.48 -0.38 -0.04)
(1.52 -0.38 -0.04)
(1.56 -0.38 -0.04)
(1.6 -0.38 -0.04)
(1.64 -0.38 -0.04)
(1.68 -0.38 -0.04)
(1.72 -0.38 -0.04)
(1.76 -0.38 -0.04)
(1.8 -0.38 -0.04)
(1.84 -0.38 -0.04)
(1.88 -0.38 -0.04)
(1.92 -0.38 -0.04)
(1.96 -0.38 -0.04)
(2 -0.38 -0.04)
(-1 -0.34 -0.04)
(-0.96 -0.34 -0.04)
(-0.92 -0.34 -0.04)
(-0.88 -0.34 -0.04)
(-0.84 -0.34 -0.04)
(-0.8 -0.34 -0.04)
(-0.76 -0.34 -0.04)
(-0.72 -0.34 -0.04)
(-0.68 -0.34 -0.04)
(-0.64 -0.34 -0.04)
(-0.6 -0.34 -0.04)
(-0.56 -0.34 -0.04)
(-0.52 -0.34 -0.04)
(-0.48 -0.34 -0.04)
(-0.44 -0.34 -0.04)
(-0.4 -0.34 -0.04)
(-0.36 -0.34 -0.04)
(-0.32 -0.34 -0.04)
(-0.28 -0.34 -0.04)
(-0.24 -0.34 -0.04)
(-0.2 -0.34 -0.04)
(-0.16 -0.34 -0.04)
(-0.12 -0.34 -0.04)
(-0.08 -0.34 -0.04)
(-0.04 -0.34 -0.04)
(-8.32667e-17 -0.34 -0.04)
(0.04 -0.34 -0.04)
(0.08 -0.34 -0.04)
(0.12 -0.34 -0.04)
(0.16 -0.34 -0.04)
(0.2 -0.34 -0.04)
(0.24 -0.34 -0.04)
(0.28 -0.34 -0.04)
(0.32 -0.34 -0.04)
(0.36 -0.34 -0.04)
(0.4 -0.34 -0.04)
(0.44 -0.34 -0.04)
(0.48 -0.34 -0.04)
(0.52 -0.34 -0.04)
(0.56 -0.34 -0.04)
(0.6 -0.34 -0.04)
(0.64 -0.34 -0.04)
(0.68 -0.34 -0.04)
(0.72 -0.34 -0.04)
(0.76 -0.34 -0.04)
(0.8 -0.34 -0.04)
(0.84 -0.34 -0.04)
(0.88 -0.34 -0.04)
(0.92 -0.34 -0.04)
(0.96 -0.34 -0.04)
(1 -0.34 -0.04)
(1.04 -0.34 -0.04)
(1.08 -0.34 -0.04)
(1.12 -0.34 -0.04)
(1.16 -0.34 -0.04)
(1.2 -0.34 -0.04)
(1.24 -0.34 -0.04)
(1.28 -0.34 -0.04)
(1.32 -0.34 -0.04)
(1.36 -0.34 -0.04)
(1.4 -0.34 -0.04)
(1.44 -0.34 -0.04)
(1.48 -0.34 -0.04)
(1.52 -0.34 -0.04)
(1.56 -0.34 -0.04)
(1.6 -0.34 -0.04)
(1.64 -0.34 -0.04)
(1.68 -0.34 -0.04)
(1.72 -0.34 -0.04)
(1.76 -0.34 -0.04)
(1.8 -0.34 -0.04)
(1.84 -0.34 -0.04)
(1.88 -0.34 -0.04)
(1.92 -0.34 -0.04)
(1.96 -0.34 -0.04)
(2 -0.34 -0.04)
(-1 -0.3 -0.04)
(-0.96 -0.3 -0.04)
(-0.92 -0.3 -0.04)
(-0.88 -0.3 -0.04)
(-0.84 -0.3 -0.04)
(-0.8 -0.3 -0.04)
(-0.76 -0.3 -0.04)
(-0.72 -0.3 -0.04)
(-0.68 -0.3 -0.04)
(-0.64 -0.3 -0.04)
(-0.6 -0.3 -0.04)
(-0.56 -0.3 -0.04)
(-0.52 -0.3 -0.04)
(-0.48 -0.3 -0.04)
(-0.44 -0.3 -0.04)
(-0.4 -0.3 -0.04)
(-0.36 -0.3 -0.04)
(-0.32 -0.3 -0.04)
(-0.28 -0.3 -0.04)
(-0.24 -0.3 -0.04)
(-0.2 -0.3 -0.04)
(-0.16 -0.3 -0.04)
(-0.12 -0.3 -0.04)
(-0.08 -0.3 -0.04)
(-0.04 -0.3 -0.04)
(-8.32667e-17 -0.3 -0.04)
(0.04 -0.3 -0.04)
(0.08 -0.3 -0.04)
(0.12 -0.3 -0.04)
(0.16 -0.3 -0.04)
(0.2 -0.3 -0.04)
(0.24 -0.3 -0.04)
(0.28 -0.3 -0.04)
(0.32 -0.3 -0.04)
(0.36 -0.3 -0.04)
(0.4 -0.3 -0.04)
(0.44 -0.3 -0.04)
(0.48 -0.3 -0.04)
(0.52 -0.3 -0.04)
(0.56 -0.3 -0.04)
(0.6 -0.3 -0.04)
(0.64 -0.3 -0.04)
(0.68 -0.3 -0.04)
(0.72 -0.3 -0.04)
(0.76 -0.3 -0.04)
(0.8 -0.3 -0.04)
(0.84 -0.3 -0.04)
(0.88 -0.3 -0.04)
(0.92 -0.3 -0.04)
(0.96 -0.3 -0.04)
(1 -0.3 -0.04)
(1.04 -0.3 -0.04)
(1.08 -0.3 -0.04)
(1.12 -0.3 -0.04)
(1.16 -0.3 -0.04)
(1.2 -0.3 -0.04)
(1.24 -0.3 -0.04)
(1.28 -0.3 -0.04)
(1.32 -0.3 -0.04)
(1.36 -0.3 -0.04)
(1.4 -0.3 -0.04)
(1.44 -0.3 -0.04)
(1.48 -0.3 -0.04)
(1.52 -0.3 -0.04)
(1.56 -0.3 -0.04)
(1.6 -0.3 -0.04)
(1.64 -0.3 -0.04)
(1.68 -0.3 -0.04)
(1.72 -0.3 -0.04)
(1.76 -0.3 -0.04)
(1.8 -0.3 -0.04)
(1.84 -0.3 -0.04)
(1.88 -0.3 -0.04)
(1.92 -0.3 -0.04)
(1.96 -0.3 -0.04)
(2 -0.3 -0.04)
(-1 -0.26 -0.04)
(-0.96 -0.26 -0.04)
(-0.92 -0.26 -0.04)
(-0.88 -0.26 -0.04)
(-0.84 -0.26 -0.04)
(-0.8 -0.26 -0.04)
(-0.76 -0.26 -0.04)
(-0.72 -0.26 -0.04)
(-0.68 -0.26 -0.04)
(-0.64 -0.26 -0.04)
(-0.6 -0.26 -0.04)
(-0.56 -0.26 -0.04)
(-0.52 -0.26 -0.04)
(-0.48 -0.26 -0.04)
(-0.44 -0.26 -0.04)
(-0.4 -0.26 -0.04)
(-0.36 -0.26 -0.04)
(-0.32 -0.26 -0.04)
(-0.28 -0.26 -0.04)
(-0.24 -0.26 -0.04)
(-0.2 -0.26 -0.04)
(-0.16 -0.26 -0.04)
(-0.12 -0.26 -0.04)
(-0.08 -0.26 -0.04)
(-0.04 -0.26 -0.04)
(-1.20274e-16 -0.26 -0.04)
(0.04 -0.26 -0.04)
(0.08 -0.26 -0.04)
(0.12 -0.26 -0.04)
(0.16 -0.26 -0.04)
(0.2 -0.26 -0.04)
(0.24 -0.26 -0.04)
(0.28 -0.26 -0.04)
(0.32 -0.26 -0.04)
(0.36 -0.26 -0.04)
(0.4 -0.26 -0.04)
(0.44 -0.26 -0.04)
(0.48 -0.26 -0.04)
(0.52 -0.26 -0.04)
(0.56 -0.26 -0.04)
(0.6 -0.26 -0.04)
(0.64 -0.26 -0.04)
(0.68 -0.26 -0.04)
(0.72 -0.26 -0.04)
(0.76 -0.26 -0.04)
(0.8 -0.26 -0.04)
(0.84 -0.26 -0.04)
(0.88 -0.26 -0.04)
(0.92 -0.26 -0.04)
(0.96 -0.26 -0.04)
(1 -0.26 -0.04)
(1.04 -0.26 -0.04)
(1.08 -0.26 -0.04)
(1.12 -0.26 -0.04)
(1.16 -0.26 -0.04)
(1.2 -0.26 -0.04)
(1.24 -0.26 -0.04)
(1.28 -0.26 -0.04)
(1.32 -0.26 -0.04)
(1.36 -0.26 -0.04)
(1.4 -0.26 -0.04)
(1.44 -0.26 -0.04)
(1.48 -0.26 -0.04)
(1.52 -0.26 -0.04)
(1.56 -0.26 -0.04)
(1.6 -0.26 -0.04)
(1.64 -0.26 -0.04)
(1.68 -0.26 -0.04)
(1.72 -0.26 -0.04)
(1.76 -0.26 -0.04)
(1.8 -0.26 -0.04)
(1.84 -0.26 -0.04)
(1.88 -0.26 -0.04)
(1.92 -0.26 -0.04)
(1.96 -0.26 -0.04)
(2 -0.26 -0.04)
(-1 -0.22 -0.04)
(-0.96 -0.22 -0.04)
(-0.92 -0.22 -0.04)
(-0.88 -0.22 -0.04)
(-0.84 -0.22 -0.04)
(-0.8 -0.22 -0.04)
(-0.76 -0.22 -0.04)
(-0.72 -0.22 -0.04)
(-0.68 -0.22 -0.04)
(-0.64 -0.22 -0.04)
(-0.6 -0.22 -0.04)
(-0.56 -0.22 -0.04)
(-0.52 -0.22 -0.04)
(-0.48 -0.22 -0.04)
(-0.44 -0.22 -0.04)
(-0.4 -0.22 -0.04)
(-0.36 -0.22 -0.04)
(-0.32 -0.22 -0.04)
(-0.28 -0.22 -0.04)
(-0.24 -0.22 -0.04)
(-0.2 -0.22 -0.04)
(-0.16 -0.22 -0.04)
(-0.12 -0.22 -0.04)
(-0.08 -0.22 -0.04)
(-0.04 -0.22 -0.04)
(-6.4763e-17 -0.22 -0.04)
(0.04 -0.22 -0.04)
(0.08 -0.22 -0.04)
(0.12 -0.22 -0.04)
(0.16 -0.22 -0.04)
(0.2 -0.22 -0.04)
(0.24 -0.22 -0.04)
(0.28 -0.22 -0.04)
(0.32 -0.22 -0.04)
(0.36 -0.22 -0.04)
(0.4 -0.22 -0.04)
(0.44 -0.22 -0.04)
(0.48 -0.22 -0.04)
(0.52 -0.22 -0.04)
(0.56 -0.22 -0.04)
(0.6 -0.22 -0.04)
(0.64 -0.22 -0.04)
(0.68 -0.22 -0.04)
(0.72 -0.22 -0.04)
(0.76 -0.22 -0.04)
(0.8 -0.22 -0.04)
(0.84 -0.22 -0.04)
(0.88 -0.22 -0.04)
(0.92 -0.22 -0.04)
(0.96 -0.22 -0.04)
(1 -0.22 -0.04)
(1.04 -0.22 -0.04)
(1.08 -0.22 -0.04)
(1.12 -0.22 -0.04)
(1.16 -0.22 -0.04)
(1.2 -0.22 -0.04)
(1.24 -0.22 -0.04)
(1.28 -0.22 -0.04)
(1.32 -0.22 -0.04)
(1.36 -0.22 -0.04)
(1.4 -0.22 -0.04)
(1.44 -0.22 -0.04)
(1.48 -0.22 -0.04)
(1.52 -0.22 -0.04)
(1.56 -0.22 -0.04)
(1.6 -0.22 -0.04)
(1.64 -0.22 -0.04)
(1.68 -0.22 -0.04)
(1.72 -0.22 -0.04)
(1.76 -0.22 -0.04)
(1.8 -0.22 -0.04)
(1.84 -0.22 -0.04)
(1.88 -0.22 -0.04)
(1.92 -0.22 -0.04)
(1.96 -0.22 -0.04)
(2 -0.22 -0.04)
(-1 -0.18 -0.04)
(-0.96 -0.18 -0.04)
(-0.92 -0.18 -0.04)
(-0.88 -0.18 -0.04)
(-0.84 -0.18 -0.04)
(-0.8 -0.18 -0.04)
(-0.76 -0.18 -0.04)
(-0.72 -0.18 -0.04)
(-0.68 -0.18 -0.04)
(-0.64 -0.18 -0.04)
(-0.6 -0.18 -0.04)
(-0.56 -0.18 -0.04)
(-0.52 -0.18 -0.04)
(-0.48 -0.18 -0.04)
(-0.44 -0.18 -0.04)
(-0.4 -0.18 -0.04)
(-0.36 -0.18 -0.04)
(-0.32 -0.18 -0.04)
(-0.28 -0.18 -0.04)
(-0.24 -0.18 -0.04)
(-0.2 -0.18 -0.04)
(-0.16 -0.18 -0.04)
(-0.12 -0.18 -0.04)
(-0.08 -0.18 -0.04)
(-0.04 -0.18 -0.04)
(-1.29526e-16 -0.18 -0.04)
(0.04 -0.18 -0.04)
(0.08 -0.18 -0.04)
(0.12 -0.18 -0.04)
(0.16 -0.18 -0.04)
(0.2 -0.18 -0.04)
(0.24 -0.18 -0.04)
(0.28 -0.18 -0.04)
(0.32 -0.18 -0.04)
(0.36 -0.18 -0.04)
(0.4 -0.18 -0.04)
(0.44 -0.18 -0.04)
(0.48 -0.18 -0.04)
(0.52 -0.18 -0.04)
(0.56 -0.18 -0.04)
(0.6 -0.18 -0.04)
(0.64 -0.18 -0.04)
(0.68 -0.18 -0.04)
(0.72 -0.18 -0.04)
(0.76 -0.18 -0.04)
(0.8 -0.18 -0.04)
(0.84 -0.18 -0.04)
(0.88 -0.18 -0.04)
(0.92 -0.18 -0.04)
(0.96 -0.18 -0.04)
(1 -0.18 -0.04)
(1.04 -0.18 -0.04)
(1.08 -0.18 -0.04)
(1.12 -0.18 -0.04)
(1.16 -0.18 -0.04)
(1.2 -0.18 -0.04)
(1.24 -0.18 -0.04)
(1.28 -0.18 -0.04)
(1.32 -0.18 -0.04)
(1.36 -0.18 -0.04)
(1.4 -0.18 -0.04)
(1.44 -0.18 -0.04)
(1.48 -0.18 -0.04)
(1.52 -0.18 -0.04)
(1.56 -0.18 -0.04)
(1.6 -0.18 -0.04)
(1.64 -0.18 -0.04)
(1.68 -0.18 -0.04)
(1.72 -0.18 -0.04)
(1.76 -0.18 -0.04)
(1.8 -0.18 -0.04)
(1.84 -0.18 -0.04)
(1.88 -0.18 -0.04)
(1.92 -0.18 -0.04)
(1.96 -0.18 -0.04)
(2 -0.18 -0.04)
(-1 -0.14 -0.04)
(-0.96 -0.14 -0.04)
(-0.92 -0.14 -0.04)
(-0.88 -0.14 -0.04)
(-0.84 -0.14 -0.04)
(-0.8 -0.14 -0.04)
(-0.76 -0.14 -0.04)
(-0.72 -0.14 -0.04)
(-0.68 -0.14 -0.04)
(-0.64 -0.14 -0.04)
(-0.6 -0.14 -0.04)
(-0.56 -0.14 -0.04)
(-0.52 -0.14 -0.04)
(-0.48 -0.14 -0.04)
(-0.44 -0.14 -0.04)
(-0.4 -0.14 -0.04)
(-0.36 -0.14 -0.04)
(-0.32 -0.14 -0.04)
(-0.28 -0.14 -0.04)
(-0.24 -0.14 -0.04)
(-0.2 -0.14 -0.04)
(-0.16 -0.14 -0.04)
(-0.12 -0.14 -0.04)
(-0.08 -0.14 -0.04)
(-0.04 -0.14 -0.04)
(-8.32667e-17 -0.14 -0.04)
(0.04 -0.14 -0.04)
(0.08 -0.14 -0.04)
(0.12 -0.14 -0.04)
(0.16 -0.14 -0.04)
(0.2 -0.14 -0.04)
(0.24 -0.14 -0.04)
(0.28 -0.14 -0.04)
(0.32 -0.14 -0.04)
(0.36 -0.14 -0.04)
(0.4 -0.14 -0.04)
(0.44 -0.14 -0.04)
(0.48 -0.14 -0.04)
(0.52 -0.14 -0.04)
(0.56 -0.14 -0.04)
(0.6 -0.14 -0.04)
(0.64 -0.14 -0.04)
(0.68 -0.14 -0.04)
(0.72 -0.14 -0.04)
(0.76 -0.14 -0.04)
(0.8 -0.14 -0.04)
(0.84 -0.14 -0.04)
(0.88 -0.14 -0.04)
(0.92 -0.14 -0.04)
(0.96 -0.14 -0.04)
(1 -0.14 -0.04)
(1.04 -0.14 -0.04)
(1.08 -0.14 -0.04)
(1.12 -0.14 -0.04)
(1.16 -0.14 -0.04)
(1.2 -0.14 -0.04)
(1.24 -0.14 -0.04)
(1.28 -0.14 -0.04)
(1.32 -0.14 -0.04)
(1.36 -0.14 -0.04)
(1.4 -0.14 -0.04)
(1.44 -0.14 -0.04)
(1.48 -0.14 -0.04)
(1.52 -0.14 -0.04)
(1.56 -0.14 -0.04)
(1.6 -0.14 -0.04)
(1.64 -0.14 -0.04)
(1.68 -0.14 -0.04)
(1.72 -0.14 -0.04)
(1.76 -0.14 -0.04)
(1.8 -0.14 -0.04)
(1.84 -0.14 -0.04)
(1.88 -0.14 -0.04)
(1.92 -0.14 -0.04)
(1.96 -0.14 -0.04)
(2 -0.14 -0.04)
(-1 -0.1 -0.04)
(-0.96 -0.1 -0.04)
(-0.92 -0.1 -0.04)
(-0.88 -0.1 -0.04)
(-0.84 -0.1 -0.04)
(-0.8 -0.1 -0.04)
(-0.76 -0.1 -0.04)
(-0.72 -0.1 -0.04)
(-0.68 -0.1 -0.04)
(-0.64 -0.1 -0.04)
(-0.6 -0.1 -0.04)
(-0.56 -0.1 -0.04)
(-0.52 -0.1 -0.04)
(-0.48 -0.1 -0.04)
(-0.44 -0.1 -0.04)
(-0.4 -0.1 -0.04)
(-0.36 -0.1 -0.04)
(-0.32 -0.1 -0.04)
(-0.28 -0.1 -0.04)
(-0.24 -0.1 -0.04)
(-0.2 -0.1 -0.04)
(-0.16 -0.1 -0.04)
(-0.12 -0.1 -0.04)
(-0.08 -0.1 -0.04)
(-0.04 -0.1 -0.04)
(-7.40149e-17 -0.1 -0.04)
(0.04 -0.1 -0.04)
(0.08 -0.1 -0.04)
(0.12 -0.1 -0.04)
(0.16 -0.1 -0.04)
(0.2 -0.1 -0.04)
(0.24 -0.1 -0.04)
(0.28 -0.1 -0.04)
(0.32 -0.1 -0.04)
(0.36 -0.1 -0.04)
(0.4 -0.1 -0.04)
(0.44 -0.1 -0.04)
(0.48 -0.1 -0.04)
(0.52 -0.1 -0.04)
(0.56 -0.1 -0.04)
(0.6 -0.1 -0.04)
(0.64 -0.1 -0.04)
(0.68 -0.1 -0.04)
(0.72 -0.1 -0.04)
(0.76 -0.1 -0.04)
(0.8 -0.1 -0.04)
(0.84 -0.1 -0.04)
(0.88 -0.1 -0.04)
(0.92 -0.1 -0.04)
(0.96 -0.1 -0.04)
(1 -0.1 -0.04)
(1.04 -0.1 -0.04)
(1.08 -0.1 -0.04)
(1.12 -0.1 -0.04)
(1.16 -0.1 -0.04)
(1.2 -0.1 -0.04)
(1.24 -0.1 -0.04)
(1.28 -0.1 -0.04)
(1.32 -0.1 -0.04)
(1.36 -0.1 -0.04)
(1.4 -0.1 -0.04)
(1.44 -0.1 -0.04)
(1.48 -0.1 -0.04)
(1.52 -0.1 -0.04)
(1.56 -0.1 -0.04)
(1.6 -0.1 -0.04)
(1.64 -0.1 -0.04)
(1.68 -0.1 -0.04)
(1.72 -0.1 -0.04)
(1.76 -0.1 -0.04)
(1.8 -0.1 -0.04)
(1.84 -0.1 -0.04)
(1.88 -0.1 -0.04)
(1.92 -0.1 -0.04)
(1.96 -0.1 -0.04)
(2 -0.1 -0.04)
(-1 -0.06 -0.04)
(-0.96 -0.06 -0.04)
(-0.92 -0.06 -0.04)
(-0.88 -0.06 -0.04)
(-0.84 -0.06 -0.04)
(-0.8 -0.06 -0.04)
(-0.76 -0.06 -0.04)
(-0.72 -0.06 -0.04)
(-0.68 -0.06 -0.04)
(-0.64 -0.06 -0.04)
(-0.6 -0.06 -0.04)
(-0.56 -0.06 -0.04)
(-0.52 -0.06 -0.04)
(-0.48 -0.06 -0.04)
(-0.44 -0.06 -0.04)
(-0.4 -0.06 -0.04)
(-0.36 -0.06 -0.04)
(-0.32 -0.06 -0.04)
(-0.28 -0.06 -0.04)
(-0.24 -0.06 -0.04)
(-0.2 -0.06 -0.04)
(-0.16 -0.06 -0.04)
(-0.12 -0.06 -0.04)
(-0.08 -0.06 -0.04)
(-0.04 -0.06 -0.04)
(-3.70074e-17 -0.06 -0.04)
(0.04 -0.06 -0.04)
(0.08 -0.06 -0.04)
(0.12 -0.06 -0.04)
(0.16 -0.06 -0.04)
(0.2 -0.06 -0.04)
(0.24 -0.06 -0.04)
(0.28 -0.06 -0.04)
(0.32 -0.06 -0.04)
(0.36 -0.06 -0.04)
(0.4 -0.06 -0.04)
(0.44 -0.06 -0.04)
(0.48 -0.06 -0.04)
(0.52 -0.06 -0.04)
(0.56 -0.06 -0.04)
(0.6 -0.06 -0.04)
(0.64 -0.06 -0.04)
(0.68 -0.06 -0.04)
(0.72 -0.06 -0.04)
(0.76 -0.06 -0.04)
(0.8 -0.06 -0.04)
(0.84 -0.06 -0.04)
(0.88 -0.06 -0.04)
(0.92 -0.06 -0.04)
(0.96 -0.06 -0.04)
(1 -0.06 -0.04)
(1.04 -0.06 -0.04)
(1.08 -0.06 -0.04)
(1.12 -0.06 -0.04)
(1.16 -0.06 -0.04)
(1.2 -0.06 -0.04)
(1.24 -0.06 -0.04)
(1.28 -0.06 -0.04)
(1.32 -0.06 -0.04)
(1.36 -0.06 -0.04)
(1.4 -0.06 -0.04)
(1.44 -0.06 -0.04)
(1.48 -0.06 -0.04)
(1.52 -0.06 -0.04)
(1.56 -0.06 -0.04)
(1.6 -0.06 -0.04)
(1.64 -0.06 -0.04)
(1.68 -0.06 -0.04)
(1.72 -0.06 -0.04)
(1.76 -0.06 -0.04)
(1.8 -0.06 -0.04)
(1.84 -0.06 -0.04)
(1.88 -0.06 -0.04)
(1.92 -0.06 -0.04)
(1.96 -0.06 -0.04)
(2 -0.06 -0.04)
(-1 -0.02 -0.04)
(-0.96 -0.02 -0.04)
(-0.92 -0.02 -0.04)
(-0.88 -0.02 -0.04)
(-0.84 -0.02 -0.04)
(-0.8 -0.02 -0.04)
(-0.76 -0.02 -0.04)
(-0.72 -0.02 -0.04)
(-0.68 -0.02 -0.04)
(-0.64 -0.02 -0.04)
(-0.6 -0.02 -0.04)
(-0.56 -0.02 -0.04)
(-0.52 -0.02 -0.04)
(-0.48 -0.02 -0.04)
(-0.44 -0.02 -0.04)
(-0.4 -0.02 -0.04)
(-0.36 -0.02 -0.04)
(-0.32 -0.02 -0.04)
(-0.28 -0.02 -0.04)
(-0.24 -0.02 -0.04)
(-0.2 -0.02 -0.04)
(-0.16 -0.02 -0.04)
(-0.12 -0.02 -0.04)
(-0.08 -0.02 -0.04)
(-0.04 -0.02 -0.04)
(-7.40149e-17 -0.02 -0.04)
(0.04 -0.02 -0.04)
(0.08 -0.02 -0.04)
(0.12 -0.02 -0.04)
(0.16 -0.02 -0.04)
(0.2 -0.02 -0.04)
(0.24 -0.02 -0.04)
(0.28 -0.02 -0.04)
(0.32 -0.02 -0.04)
(0.36 -0.02 -0.04)
(0.4 -0.02 -0.04)
(0.44 -0.02 -0.04)
(0.48 -0.02 -0.04)
(0.52 -0.02 -0.04)
(0.56 -0.02 -0.04)
(0.6 -0.02 -0.04)
(0.64 -0.02 -0.04)
(0.68 -0.02 -0.04)
(0.72 -0.02 -0.04)
(0.76 -0.02 -0.04)
(0.8 -0.02 -0.04)
(0.84 -0.02 -0.04)
(0.88 -0.02 -0.04)
(0.92 -0.02 -0.04)
(0.96 -0.02 -0.04)
(1 -0.02 -0.04)
(1.04 -0.02 -0.04)
(1.08 -0.02 -0.04)
(1.12 -0.02 -0.04)
(1.16 -0.02 -0.04)
(1.2 -0.02 -0.04)
(1.24 -0.02 -0.04)
(1.28 -0.02 -0.04)
(1.32 -0.02 -0.04)
(1.36 -0.02 -0.04)
(1.4 -0.02 -0.04)
(1.44 -0.02 -0.04)
(1.48 -0.02 -0.04)
(1.52 -0.02 -0.04)
(1.56 -0.02 -0.04)
(1.6 -0.02 -0.04)
(1.64 -0.02 -0.04)
(1.68 -0.02 -0.04)
(1.72 -0.02 -0.04)
(1.76 -0.02 -0.04)
(1.8 -0.02 -0.04)
(1.84 -0.02 -0.04)
(1.88 -0.02 -0.04)
(1.92 -0.02 -0.04)
(1.96 -0.02 -0.04)
(2 -0.02 -0.04)
(-1 0.02 -0.04)
(-0.96 0.02 -0.04)
(-0.92 0.02 -0.04)
(-0.88 0.02 -0.04)
(-0.84 0.02 -0.04)
(-0.8 0.02 -0.04)
(-0.76 0.02 -0.04)
(-0.72 0.02 -0.04)
(-0.68 0.02 -0.04)
(-0.64 0.02 -0.04)
(-0.6 0.02 -0.04)
(-0.56 0.02 -0.04)
(-0.52 0.02 -0.04)
(-0.48 0.02 -0.04)
(-0.44 0.02 -0.04)
(-0.4 0.02 -0.04)
(-0.36 0.02 -0.04)
(-0.32 0.02 -0.04)
(-0.28 0.02 -0.04)
(-0.24 0.02 -0.04)
(-0.2 0.02 -0.04)
(-0.16 0.02 -0.04)
(-0.12 0.02 -0.04)
(-0.08 0.02 -0.04)
(-0.04 0.02 -0.04)
(-7.40149e-17 0.02 -0.04)
(0.04 0.02 -0.04)
(0.08 0.02 -0.04)
(0.12 0.02 -0.04)
(0.16 0.02 -0.04)
(0.2 0.02 -0.04)
(0.24 0.02 -0.04)
(0.28 0.02 -0.04)
(0.32 0.02 -0.04)
(0.36 0.02 -0.04)
(0.4 0.02 -0.04)
(0.44 0.02 -0.04)
(0.48 0.02 -0.04)
(0.52 0.02 -0.04)
(0.56 0.02 -0.04)
(0.6 0.02 -0.04)
(0.64 0.02 -0.04)
(0.68 0.02 -0.04)
(0.72 0.02 -0.04)
(0.76 0.02 -0.04)
(0.8 0.02 -0.04)
(0.84 0.02 -0.04)
(0.88 0.02 -0.04)
(0.92 0.02 -0.04)
(0.96 0.02 -0.04)
(1 0.02 -0.04)
(1.04 0.02 -0.04)
(1.08 0.02 -0.04)
(1.12 0.02 -0.04)
(1.16 0.02 -0.04)
(1.2 0.02 -0.04)
(1.24 0.02 -0.04)
(1.28 0.02 -0.04)
(1.32 0.02 -0.04)
(1.36 0.02 -0.04)
(1.4 0.02 -0.04)
(1.44 0.02 -0.04)
(1.48 0.02 -0.04)
(1.52 0.02 -0.04)
(1.56 0.02 -0.04)
(1.6 0.02 -0.04)
(1.64 0.02 -0.04)
(1.68 0.02 -0.04)
(1.72 0.02 -0.04)
(1.76 0.02 -0.04)
(1.8 0.02 -0.04)
(1.84 0.02 -0.04)
(1.88 0.02 -0.04)
(1.92 0.02 -0.04)
(1.96 0.02 -0.04)
(2 0.02 -0.04)
(-1 0.06 -0.04)
(-0.96 0.06 -0.04)
(-0.92 0.06 -0.04)
(-0.88 0.06 -0.04)
(-0.84 0.06 -0.04)
(-0.8 0.06 -0.04)
(-0.76 0.06 -0.04)
(-0.72 0.06 -0.04)
(-0.68 0.06 -0.04)
(-0.64 0.06 -0.04)
(-0.6 0.06 -0.04)
(-0.56 0.06 -0.04)
(-0.52 0.06 -0.04)
(-0.48 0.06 -0.04)
(-0.44 0.06 -0.04)
(-0.4 0.06 -0.04)
(-0.36 0.06 -0.04)
(-0.32 0.06 -0.04)
(-0.28 0.06 -0.04)
(-0.24 0.06 -0.04)
(-0.2 0.06 -0.04)
(-0.16 0.06 -0.04)
(-0.12 0.06 -0.04)
(-0.08 0.06 -0.04)
(-0.04 0.06 -0.04)
(-7.40149e-17 0.06 -0.04)
(0.04 0.06 -0.04)
(0.08 0.06 -0.04)
(0.12 0.06 -0.04)
(0.16 0.06 -0.04)
(0.2 0.06 -0.04)
(0.24 0.06 -0.04)
(0.28 0.06 -0.04)
(0.32 0.06 -0.04)
(0.36 0.06 -0.04)
(0.4 0.06 -0.04)
(0.44 0.06 -0.04)
(0.48 0.06 -0.04)
(0.52 0.06 -0.04)
(0.56 0.06 -0.04)
(0.6 0.06 -0.04)
(0.64 0.06 -0.04)
(0.68 0.06 -0.04)
(0.72 0.06 -0.04)
(0.76 0.06 -0.04)
(0.8 0.06 -0.04)
(0.84 0.06 -0.04)
(0.88 0.06 -0.04)
(0.92 0.06 -0.04)
(0.96 0.06 -0.04)
(1 0.06 -0.04)
(1.04 0.06 -0.04)
(1.08 0.06 -0.04)
(1.12 0.06 -0.04)
(1.16 0.06 -0.04)
(1.2 0.06 -0.04)
(1.24 0.06 -0.04)
(1.28 0.06 -0.04)
(1.32 0.06 -0.04)
(1.36 0.06 -0.04)
(1.4 0.06 -0.04)
(1.44 0.06 -0.04)
(1.48 0.06 -0.04)
(1.52 0.06 -0.04)
(1.56 0.06 -0.04)
(1.6 0.06 -0.04)
(1.64 0.06 -0.04)
(1.68 0.06 -0.04)
(1.72 0.06 -0.04)
(1.76 0.06 -0.04)
(1.8 0.06 -0.04)
(1.84 0.06 -0.04)
(1.88 0.06 -0.04)
(1.92 0.06 -0.04)
(1.96 0.06 -0.04)
(2 0.06 -0.04)
(-1 0.1 -0.04)
(-0.96 0.1 -0.04)
(-0.92 0.1 -0.04)
(-0.88 0.1 -0.04)
(-0.84 0.1 -0.04)
(-0.8 0.1 -0.04)
(-0.76 0.1 -0.04)
(-0.72 0.1 -0.04)
(-0.68 0.1 -0.04)
(-0.64 0.1 -0.04)
(-0.6 0.1 -0.04)
(-0.56 0.1 -0.04)
(-0.52 0.1 -0.04)
(-0.48 0.1 -0.04)
(-0.44 0.1 -0.04)
(-0.4 0.1 -0.04)
(-0.36 0.1 -0.04)
(-0.32 0.1 -0.04)
(-0.28 0.1 -0.04)
(-0.24 0.1 -0.04)
(-0.2 0.1 -0.04)
(-0.16 0.1 -0.04)
(-0.12 0.1 -0.04)
(-0.08 0.1 -0.04)
(-0.04 0.1 -0.04)
(-7.40149e-17 0.1 -0.04)
(0.04 0.1 -0.04)
(0.08 0.1 -0.04)
(0.12 0.1 -0.04)
(0.16 0.1 -0.04)
(0.2 0.1 -0.04)
(0.24 0.1 -0.04)
(0.28 0.1 -0.04)
(0.32 0.1 -0.04)
(0.36 0.1 -0.04)
(0.4 0.1 -0.04)
(0.44 0.1 -0.04)
(0.48 0.1 -0.04)
(0.52 0.1 -0.04)
(0.56 0.1 -0.04)
(0.6 0.1 -0.04)
(0.64 0.1 -0.04)
(0.68 0.1 -0.04)
(0.72 0.1 -0.04)
(0.76 0.1 -0.04)
(0.8 0.1 -0.04)
(0.84 0.1 -0.04)
(0.88 0.1 -0.04)
(0.92 0.1 -0.04)
(0.96 0.1 -0.04)
(1 0.1 -0.04)
(1.04 0.1 -0.04)
(1.08 0.1 -0.04)
(1.12 0.1 -0.04)
(1.16 0.1 -0.04)
(1.2 0.1 -0.04)
(1.24 0.1 -0.04)
(1.28 0.1 -0.04)
(1.32 0.1 -0.04)
(1.36 0.1 -0.04)
(1.4 0.1 -0.04)
(1.44 0.1 -0.04)
(1.48 0.1 -0.04)
(1.52 0.1 -0.04)
(1.56 0.1 -0.04)
(1.6 0.1 -0.04)
(1.64 0.1 -0.04)
(1.68 0.1 -0.04)
(1.72 0.1 -0.04)
(1.76 0.1 -0.04)
(1.8 0.1 -0.04)
(1.84 0.1 -0.04)
(1.88 0.1 -0.04)
(1.92 0.1 -0.04)
(1.96 0.1 -0.04)
(2 0.1 -0.04)
(-1 0.14 -0.04)
(-0.96 0.14 -0.04)
(-0.92 0.14 -0.04)
(-0.88 0.14 -0.04)
(-0.84 0.14 -0.04)
(-0.8 0.14 -0.04)
(-0.76 0.14 -0.04)
(-0.72 0.14 -0.04)
(-0.68 0.14 -0.04)
(-0.64 0.14 -0.04)
(-0.6 0.14 -0.04)
(-0.56 0.14 -0.04)
(-0.52 0.14 -0.04)
(-0.48 0.14 -0.04)
(-0.44 0.14 -0.04)
(-0.4 0.14 -0.04)
(-0.36 0.14 -0.04)
(-0.32 0.14 -0.04)
(-0.28 0.14 -0.04)
(-0.24 0.14 -0.04)
(-0.2 0.14 -0.04)
(-0.16 0.14 -0.04)
(-0.12 0.14 -0.04)
(-0.08 0.14 -0.04)
(-0.04 0.14 -0.04)
(-7.40149e-17 0.14 -0.04)
(0.04 0.14 -0.04)
(0.08 0.14 -0.04)
(0.12 0.14 -0.04)
(0.16 0.14 -0.04)
(0.2 0.14 -0.04)
(0.24 0.14 -0.04)
(0.28 0.14 -0.04)
(0.32 0.14 -0.04)
(0.36 0.14 -0.04)
(0.4 0.14 -0.04)
(0.44 0.14 -0.04)
(0.48 0.14 -0.04)
(0.52 0.14 -0.04)
(0.56 0.14 -0.04)
(0.6 0.14 -0.04)
(0.64 0.14 -0.04)
(0.68 0.14 -0.04)
(0.72 0.14 -0.04)
(0.76 0.14 -0.04)
(0.8 0.14 -0.04)
(0.84 0.14 -0.04)
(0.88 0.14 -0.04)
(0.92 0.14 -0.04)
(0.96 0.14 -0.04)
(1 0.14 -0.04)
(1.04 0.14 -0.04)
(1.08 0.14 -0.04)
(1.12 0.14 -0.04)
(1.16 0.14 -0.04)
(1.2 0.14 -0.04)
(1.24 0.14 -0.04)
(1.28 0.14 -0.04)
(1.32 0.14 -0.04)
(1.36 0.14 -0.04)
(1.4 0.14 -0.04)
(1.44 0.14 -0.04)
(1.48 0.14 -0.04)
(1.52 0.14 -0.04)
(1.56 0.14 -0.04)
(1.6 0.14 -0.04)
(1.64 0.14 -0.04)
(1.68 0.14 -0.04)
(1.72 0.14 -0.04)
(1.76 0.14 -0.04)
(1.8 0.14 -0.04)
(1.84 0.14 -0.04)
(1.88 0.14 -0.04)
(1.92 0.14 -0.04)
(1.96 0.14 -0.04)
(2 0.14 -0.04)
(-1 0.18 -0.04)
(-0.96 0.18 -0.04)
(-0.92 0.18 -0.04)
(-0.88 0.18 -0.04)
(-0.84 0.18 -0.04)
(-0.8 0.18 -0.04)
(-0.76 0.18 -0.04)
(-0.72 0.18 -0.04)
(-0.68 0.18 -0.04)
(-0.64 0.18 -0.04)
(-0.6 0.18 -0.04)
(-0.56 0.18 -0.04)
(-0.52 0.18 -0.04)
(-0.48 0.18 -0.04)
(-0.44 0.18 -0.04)
(-0.4 0.18 -0.04)
(-0.36 0.18 -0.04)
(-0.32 0.18 -0.04)
(-0.28 0.18 -0.04)
(-0.24 0.18 -0.04)
(-0.2 0.18 -0.04)
(-0.16 0.18 -0.04)
(-0.12 0.18 -0.04)
(-0.08 0.18 -0.04)
(-0.04 0.18 -0.04)
(-5.55112e-17 0.18 -0.04)
(0.04 0.18 -0.04)
(0.08 0.18 -0.04)
(0.12 0.18 -0.04)
(0.16 0.18 -0.04)
(0.2 0.18 -0.04)
(0.24 0.18 -0.04)
(0.28 0.18 -0.04)
(0.32 0.18 -0.04)
(0.36 0.18 -0.04)
(0.4 0.18 -0.04)
(0.44 0.18 -0.04)
(0.48 0.18 -0.04)
(0.52 0.18 -0.04)
(0.56 0.18 -0.04)
(0.6 0.18 -0.04)
(0.64 0.18 -0.04)
(0.68 0.18 -0.04)
(0.72 0.18 -0.04)
(0.76 0.18 -0.04)
(0.8 0.18 -0.04)
(0.84 0.18 -0.04)
(0.88 0.18 -0.04)
(0.92 0.18 -0.04)
(0.96 0.18 -0.04)
(1 0.18 -0.04)
(1.04 0.18 -0.04)
(1.08 0.18 -0.04)
(1.12 0.18 -0.04)
(1.16 0.18 -0.04)
(1.2 0.18 -0.04)
(1.24 0.18 -0.04)
(1.28 0.18 -0.04)
(1.32 0.18 -0.04)
(1.36 0.18 -0.04)
(1.4 0.18 -0.04)
(1.44 0.18 -0.04)
(1.48 0.18 -0.04)
(1.52 0.18 -0.04)
(1.56 0.18 -0.04)
(1.6 0.18 -0.04)
(1.64 0.18 -0.04)
(1.68 0.18 -0.04)
(1.72 0.18 -0.04)
(1.76 0.18 -0.04)
(1.8 0.18 -0.04)
(1.84 0.18 -0.04)
(1.88 0.18 -0.04)
(1.92 0.18 -0.04)
(1.96 0.18 -0.04)
(2 0.18 -0.04)
(-1 0.22 -0.04)
(-0.96 0.22 -0.04)
(-0.92 0.22 -0.04)
(-0.88 0.22 -0.04)
(-0.84 0.22 -0.04)
(-0.8 0.22 -0.04)
(-0.76 0.22 -0.04)
(-0.72 0.22 -0.04)
(-0.68 0.22 -0.04)
(-0.64 0.22 -0.04)
(-0.6 0.22 -0.04)
(-0.56 0.22 -0.04)
(-0.52 0.22 -0.04)
(-0.48 0.22 -0.04)
(-0.44 0.22 -0.04)
(-0.4 0.22 -0.04)
(-0.36 0.22 -0.04)
(-0.32 0.22 -0.04)
(-0.28 0.22 -0.04)
(-0.24 0.22 -0.04)
(-0.2 0.22 -0.04)
(-0.16 0.22 -0.04)
(-0.12 0.22 -0.04)
(-0.08 0.22 -0.04)
(-0.04 0.22 -0.04)
(-5.55112e-17 0.22 -0.04)
(0.04 0.22 -0.04)
(0.08 0.22 -0.04)
(0.12 0.22 -0.04)
(0.16 0.22 -0.04)
(0.2 0.22 -0.04)
(0.24 0.22 -0.04)
(0.28 0.22 -0.04)
(0.32 0.22 -0.04)
(0.36 0.22 -0.04)
(0.4 0.22 -0.04)
(0.44 0.22 -0.04)
(0.48 0.22 -0.04)
(0.52 0.22 -0.04)
(0.56 0.22 -0.04)
(0.6 0.22 -0.04)
(0.64 0.22 -0.04)
(0.68 0.22 -0.04)
(0.72 0.22 -0.04)
(0.76 0.22 -0.04)
(0.8 0.22 -0.04)
(0.84 0.22 -0.04)
(0.88 0.22 -0.04)
(0.92 0.22 -0.04)
(0.96 0.22 -0.04)
(1 0.22 -0.04)
(1.04 0.22 -0.04)
(1.08 0.22 -0.04)
(1.12 0.22 -0.04)
(1.16 0.22 -0.04)
(1.2 0.22 -0.04)
(1.24 0.22 -0.04)
(1.28 0.22 -0.04)
(1.32 0.22 -0.04)
(1.36 0.22 -0.04)
(1.4 0.22 -0.04)
(1.44 0.22 -0.04)
(1.48 0.22 -0.04)
(1.52 0.22 -0.04)
(1.56 0.22 -0.04)
(1.6 0.22 -0.04)
(1.64 0.22 -0.04)
(1.68 0.22 -0.04)
(1.72 0.22 -0.04)
(1.76 0.22 -0.04)
(1.8 0.22 -0.04)
(1.84 0.22 -0.04)
(1.88 0.22 -0.04)
(1.92 0.22 -0.04)
(1.96 0.22 -0.04)
(2 0.22 -0.04)
(-1 0.26 -0.04)
(-0.96 0.26 -0.04)
(-0.92 0.26 -0.04)
(-0.88 0.26 -0.04)
(-0.84 0.26 -0.04)
(-0.8 0.26 -0.04)
(-0.76 0.26 -0.04)
(-0.72 0.26 -0.04)
(-0.68 0.26 -0.04)
(-0.64 0.26 -0.04)
(-0.6 0.26 -0.04)
(-0.56 0.26 -0.04)
(-0.52 0.26 -0.04)
(-0.48 0.26 -0.04)
(-0.44 0.26 -0.04)
(-0.4 0.26 -0.04)
(-0.36 0.26 -0.04)
(-0.32 0.26 -0.04)
(-0.28 0.26 -0.04)
(-0.24 0.26 -0.04)
(-0.2 0.26 -0.04)
(-0.16 0.26 -0.04)
(-0.12 0.26 -0.04)
(-0.08 0.26 -0.04)
(-0.04 0.26 -0.04)
(-1.11022e-16 0.26 -0.04)
(0.04 0.26 -0.04)
(0.08 0.26 -0.04)
(0.12 0.26 -0.04)
(0.16 0.26 -0.04)
(0.2 0.26 -0.04)
(0.24 0.26 -0.04)
(0.28 0.26 -0.04)
(0.32 0.26 -0.04)
(0.36 0.26 -0.04)
(0.4 0.26 -0.04)
(0.44 0.26 -0.04)
(0.48 0.26 -0.04)
(0.52 0.26 -0.04)
(0.56 0.26 -0.04)
(0.6 0.26 -0.04)
(0.64 0.26 -0.04)
(0.68 0.26 -0.04)
(0.72 0.26 -0.04)
(0.76 0.26 -0.04)
(0.8 0.26 -0.04)
(0.84 0.26 -0.04)
(0.88 0.26 -0.04)
(0.92 0.26 -0.04)
(0.96 0.26 -0.04)
(1 0.26 -0.04)
(1.04 0.26 -0.04)
(1.08 0.26 -0.04)
(1.12 0.26 -0.04)
(1.16 0.26 -0.04)
(1.2 0.26 -0.04)
(1.24 0.26 -0.04)
(1.28 0.26 -0.04)
(1.32 0.26 -0.04)
(1.36 0.26 -0.04)
(1.4 0.26 -0.04)
(1.44 0.26 -0.04)
(1.48 0.26 -0.04)
(1.52 0.26 -0.04)
(1.56 0.26 -0.04)
(1.6 0.26 -0.04)
(1.64 0.26 -0.04)
(1.68 0.26 -0.04)
(1.72 0.26 -0.04)
(1.76 0.26 -0.04)
(1.8 0.26 -0.04)
(1.84 0.26 -0.04)
(1.88 0.26 -0.04)
(1.92 0.26 -0.04)
(1.96 0.26 -0.04)
(2 0.26 -0.04)
(-1 0.3 -0.04)
(-0.96 0.3 -0.04)
(-0.92 0.3 -0.04)
(-0.88 0.3 -0.04)
(-0.84 0.3 -0.04)
(-0.8 0.3 -0.04)
(-0.76 0.3 -0.04)
(-0.72 0.3 -0.04)
(-0.68 0.3 -0.04)
(-0.64 0.3 -0.04)
(-0.6 0.3 -0.04)
(-0.56 0.3 -0.04)
(-0.52 0.3 -0.04)
(-0.48 0.3 -0.04)
(-0.44 0.3 -0.04)
(-0.4 0.3 -0.04)
(-0.36 0.3 -0.04)
(-0.32 0.3 -0.04)
(-0.28 0.3 -0.04)
(-0.24 0.3 -0.04)
(-0.2 0.3 -0.04)
(-0.16 0.3 -0.04)
(-0.12 0.3 -0.04)
(-0.08 0.3 -0.04)
(-0.04 0.3 -0.04)
(-7.40149e-17 0.3 -0.04)
(0.04 0.3 -0.04)
(0.08 0.3 -0.04)
(0.12 0.3 -0.04)
(0.16 0.3 -0.04)
(0.2 0.3 -0.04)
(0.24 0.3 -0.04)
(0.28 0.3 -0.04)
(0.32 0.3 -0.04)
(0.36 0.3 -0.04)
(0.4 0.3 -0.04)
(0.44 0.3 -0.04)
(0.48 0.3 -0.04)
(0.52 0.3 -0.04)
(0.56 0.3 -0.04)
(0.6 0.3 -0.04)
(0.64 0.3 -0.04)
(0.68 0.3 -0.04)
(0.72 0.3 -0.04)
(0.76 0.3 -0.04)
(0.8 0.3 -0.04)
(0.84 0.3 -0.04)
(0.88 0.3 -0.04)
(0.92 0.3 -0.04)
(0.96 0.3 -0.04)
(1 0.3 -0.04)
(1.04 0.3 -0.04)
(1.08 0.3 -0.04)
(1.12 0.3 -0.04)
(1.16 0.3 -0.04)
(1.2 0.3 -0.04)
(1.24 0.3 -0.04)
(1.28 0.3 -0.04)
(1.32 0.3 -0.04)
(1.36 0.3 -0.04)
(1.4 0.3 -0.04)
(1.44 0.3 -0.04)
(1.48 0.3 -0.04)
(1.52 0.3 -0.04)
(1.56 0.3 -0.04)
(1.6 0.3 -0.04)
(1.64 0.3 -0.04)
(1.68 0.3 -0.04)
(1.72 0.3 -0.04)
(1.76 0.3 -0.04)
(1.8 0.3 -0.04)
(1.84 0.3 -0.04)
(1.88 0.3 -0.04)
(1.92 0.3 -0.04)
(1.96 0.3 -0.04)
(2 0.3 -0.04)
(-1 0.34 -0.04)
(-0.96 0.34 -0.04)
(-0.92 0.34 -0.04)
(-0.88 0.34 -0.04)
(-0.84 0.34 -0.04)
(-0.8 0.34 -0.04)
(-0.76 0.34 -0.04)
(-0.72 0.34 -0.04)
(-0.68 0.34 -0.04)
(-0.64 0.34 -0.04)
(-0.6 0.34 -0.04)
(-0.56 0.34 -0.04)
(-0.52 0.34 -0.04)
(-0.48 0.34 -0.04)
(-0.44 0.34 -0.04)
(-0.4 0.34 -0.04)
(-0.36 0.34 -0.04)
(-0.32 0.34 -0.04)
(-0.28 0.34 -0.04)
(-0.24 0.34 -0.04)
(-0.2 0.34 -0.04)
(-0.16 0.34 -0.04)
(-0.12 0.34 -0.04)
(-0.08 0.34 -0.04)
(-0.04 0.34 -0.04)
(-7.40149e-17 0.34 -0.04)
(0.04 0.34 -0.04)
(0.08 0.34 -0.04)
(0.12 0.34 -0.04)
(0.16 0.34 -0.04)
(0.2 0.34 -0.04)
(0.24 0.34 -0.04)
(0.28 0.34 -0.04)
(0.32 0.34 -0.04)
(0.36 0.34 -0.04)
(0.4 0.34 -0.04)
(0.44 0.34 -0.04)
(0.48 0.34 -0.04)
(0.52 0.34 -0.04)
(0.56 0.34 -0.04)
(0.6 0.34 -0.04)
(0.64 0.34 -0.04)
(0.68 0.34 -0.04)
(0.72 0.34 -0.04)
(0.76 0.34 -0.04)
(0.8 0.34 -0.04)
(0.84 0.34 -0.04)
(0.88 0.34 -0.04)
(0.92 0.34 -0.04)
(0.96 0.34 -0.04)
(1 0.34 -0.04)
(1.04 0.34 -0.04)
(1.08 0.34 -0.04)
(1.12 0.34 -0.04)
(1.16 0.34 -0.04)
(1.2 0.34 -0.04)
(1.24 0.34 -0.04)
(1.28 0.34 -0.04)
(1.32 0.34 -0.04)
(1.36 0.34 -0.04)
(1.4 0.34 -0.04)
(1.44 0.34 -0.04)
(1.48 0.34 -0.04)
(1.52 0.34 -0.04)
(1.56 0.34 -0.04)
(1.6 0.34 -0.04)
(1.64 0.34 -0.04)
(1.68 0.34 -0.04)
(1.72 0.34 -0.04)
(1.76 0.34 -0.04)
(1.8 0.34 -0.04)
(1.84 0.34 -0.04)
(1.88 0.34 -0.04)
(1.92 0.34 -0.04)
(1.96 0.34 -0.04)
(2 0.34 -0.04)
(-1 0.38 -0.04)
(-0.96 0.38 -0.04)
(-0.92 0.38 -0.04)
(-0.88 0.38 -0.04)
(-0.84 0.38 -0.04)
(-0.8 0.38 -0.04)
(-0.76 0.38 -0.04)
(-0.72 0.38 -0.04)
(-0.68 0.38 -0.04)
(-0.64 0.38 -0.04)
(-0.6 0.38 -0.04)
(-0.56 0.38 -0.04)
(-0.52 0.38 -0.04)
(-0.48 0.38 -0.04)
(-0.44 0.38 -0.04)
(-0.4 0.38 -0.04)
(-0.36 0.38 -0.04)
(-0.32 0.38 -0.04)
(-0.28 0.38 -0.04)
(-0.24 0.38 -0.04)
(-0.2 0.38 -0.04)
(-0.16 0.38 -0.04)
(-0.12 0.38 -0.04)
(-0.08 0.38 -0.04)
(-0.04 0.38 -0.04)
(-7.40149e-17 0.38 -0.04)
(0.04 0.38 -0.04)
(0.08 0.38 -0.04)
(0.12 0.38 -0.04)
(0.16 0.38 -0.04)
(0.2 0.38 -0.04)
(0.24 0.38 -0.04)
(0.28 0.38 -0.04)
(0.32 0.38 -0.04)
(0.36 0.38 -0.04)
(0.4 0.38 -0.04)
(0.44 0.38 -0.04)
(0.48 0.38 -0.04)
(0.52 0.38 -0.04)
(0.56 0.38 -0.04)
(0.6 0.38 -0.04)
(0.64 0.38 -0.04)
(0.68 0.38 -0.04)
(0.72 0.38 -0.04)
(0.76 0.38 -0.04)
(0.8 0.38 -0.04)
(0.84 0.38 -0.04)
(0.88 0.38 -0.04)
(0.92 0.38 -0.04)
(0.96 0.38 -0.04)
(1 0.38 -0.04)
(1.04 0.38 -0.04)
(1.08 0.38 -0.04)
(1.12 0.38 -0.04)
(1.16 0.38 -0.04)
(1.2 0.38 -0.04)
(1.24 0.38 -0.04)
(1.28 0.38 -0.04)
(1.32 0.38 -0.04)
(1.36 0.38 -0.04)
(1.4 0.38 -0.04)
(1.44 0.38 -0.04)
(1.48 0.38 -0.04)
(1.52 0.38 -0.04)
(1.56 0.38 -0.04)
(1.6 0.38 -0.04)
(1.64 0.38 -0.04)
(1.68 0.38 -0.04)
(1.72 0.38 -0.04)
(1.76 0.38 -0.04)
(1.8 0.38 -0.04)
(1.84 0.38 -0.04)
(1.88 0.38 -0.04)
(1.92 0.38 -0.04)
(1.96 0.38 -0.04)
(2 0.38 -0.04)
(-1 0.42 -0.04)
(-0.96 0.42 -0.04)
(-0.92 0.42 -0.04)
(-0.88 0.42 -0.04)
(-0.84 0.42 -0.04)
(-0.8 0.42 -0.04)
(-0.76 0.42 -0.04)
(-0.72 0.42 -0.04)
(-0.68 0.42 -0.04)
(-0.64 0.42 -0.04)
(-0.6 0.42 -0.04)
(-0.56 0.42 -0.04)
(-0.52 0.42 -0.04)
(-0.48 0.42 -0.04)
(-0.44 0.42 -0.04)
(-0.4 0.42 -0.04)
(-0.36 0.42 -0.04)
(-0.32 0.42 -0.04)
(-0.28 0.42 -0.04)
(-0.24 0.42 -0.04)
(-0.2 0.42 -0.04)
(-0.16 0.42 -0.04)
(-0.12 0.42 -0.04)
(-0.08 0.42 -0.04)
(-0.04 0.42 -0.04)
(-7.40149e-17 0.42 -0.04)
(0.04 0.42 -0.04)
(0.08 0.42 -0.04)
(0.12 0.42 -0.04)
(0.16 0.42 -0.04)
(0.2 0.42 -0.04)
(0.24 0.42 -0.04)
(0.28 0.42 -0.04)
(0.32 0.42 -0.04)
(0.36 0.42 -0.04)
(0.4 0.42 -0.04)
(0.44 0.42 -0.04)
(0.48 0.42 -0.04)
(0.52 0.42 -0.04)
(0.56 0.42 -0.04)
(0.6 0.42 -0.04)
(0.64 0.42 -0.04)
(0.68 0.42 -0.04)
(0.72 0.42 -0.04)
(0.76 0.42 -0.04)
(0.8 0.42 -0.04)
(0.84 0.42 -0.04)
(0.88 0.42 -0.04)
(0.92 0.42 -0.04)
(0.96 0.42 -0.04)
(1 0.42 -0.04)
(1.04 0.42 -0.04)
(1.08 0.42 -0.04)
(1.12 0.42 -0.04)
(1.16 0.42 -0.04)
(1.2 0.42 -0.04)
(1.24 0.42 -0.04)
(1.28 0.42 -0.04)
(1.32 0.42 -0.04)
(1.36 0.42 -0.04)
(1.4 0.42 -0.04)
(1.44 0.42 -0.04)
(1.48 0.42 -0.04)
(1.52 0.42 -0.04)
(1.56 0.42 -0.04)
(1.6 0.42 -0.04)
(1.64 0.42 -0.04)
(1.68 0.42 -0.04)
(1.72 0.42 -0.04)
(1.76 0.42 -0.04)
(1.8 0.42 -0.04)
(1.84 0.42 -0.04)
(1.88 0.42 -0.04)
(1.92 0.42 -0.04)
(1.96 0.42 -0.04)
(2 0.42 -0.04)
(-1 0.46 -0.04)
(-0.96 0.46 -0.04)
(-0.92 0.46 -0.04)
(-0.88 0.46 -0.04)
(-0.84 0.46 -0.04)
(-0.8 0.46 -0.04)
(-0.76 0.46 -0.04)
(-0.72 0.46 -0.04)
(-0.68 0.46 -0.04)
(-0.64 0.46 -0.04)
(-0.6 0.46 -0.04)
(-0.56 0.46 -0.04)
(-0.52 0.46 -0.04)
(-0.48 0.46 -0.04)
(-0.44 0.46 -0.04)
(-0.4 0.46 -0.04)
(-0.36 0.46 -0.04)
(-0.32 0.46 -0.04)
(-0.28 0.46 -0.04)
(-0.24 0.46 -0.04)
(-0.2 0.46 -0.04)
(-0.16 0.46 -0.04)
(-0.12 0.46 -0.04)
(-0.08 0.46 -0.04)
(-0.04 0.46 -0.04)
(-7.40149e-17 0.46 -0.04)
(0.04 0.46 -0.04)
(0.08 0.46 -0.04)
(0.12 0.46 -0.04)
(0.16 0.46 -0.04)
(0.2 0.46 -0.04)
(0.24 0.46 -0.04)
(0.28 0.46 -0.04)
(0.32 0.46 -0.04)
(0.36 0.46 -0.04)
(0.4 0.46 -0.04)
(0.44 0.46 -0.04)
(0.48 0.46 -0.04)
(0.52 0.46 -0.04)
(0.56 0.46 -0.04)
(0.6 0.46 -0.04)
(0.64 0.46 -0.04)
(0.68 0.46 -0.04)
(0.72 0.46 -0.04)
(0.76 0.46 -0.04)
(0.8 0.46 -0.04)
(0.84 0.46 -0.04)
(0.88 0.46 -0.04)
(0.92 0.46 -0.04)
(0.96 0.46 -0.04)
(1 0.46 -0.04)
(1.04 0.46 -0.04)
(1.08 0.46 -0.04)
(1.12 0.46 -0.04)
(1.16 0.46 -0.04)
(1.2 0.46 -0.04)
(1.24 0.46 -0.04)
(1.28 0.46 -0.04)
(1.32 0.46 -0.04)
(1.36 0.46 -0.04)
(1.4 0.46 -0.04)
(1.44 0.46 -0.04)
(1.48 0.46 -0.04)
(1.52 0.46 -0.04)
(1.56 0.46 -0.04)
(1.6 0.46 -0.04)
(1.64 0.46 -0.04)
(1.68 0.46 -0.04)
(1.72 0.46 -0.04)
(1.76 0.46 -0.04)
(1.8 0.46 -0.04)
(1.84 0.46 -0.04)
(1.88 0.46 -0.04)
(1.92 0.46 -0.04)
(1.96 0.46 -0.04)
(2 0.46 -0.04)
(-1 0.5 -0.04)
(-0.96 0.5 -0.04)
(-0.92 0.5 -0.04)
(-0.88 0.5 -0.04)
(-0.84 0.5 -0.04)
(-0.8 0.5 -0.04)
(-0.76 0.5 -0.04)
(-0.72 0.5 -0.04)
(-0.68 0.5 -0.04)
(-0.64 0.5 -0.04)
(-0.6 0.5 -0.04)
(-0.56 0.5 -0.04)
(-0.52 0.5 -0.04)
(-0.48 0.5 -0.04)
(-0.44 0.5 -0.04)
(-0.4 0.5 -0.04)
(-0.36 0.5 -0.04)
(-0.32 0.5 -0.04)
(-0.28 0.5 -0.04)
(-0.24 0.5 -0.04)
(-0.2 0.5 -0.04)
(-0.16 0.5 -0.04)
(-0.12 0.5 -0.04)
(-0.08 0.5 -0.04)
(-0.04 0.5 -0.04)
(-7.40149e-17 0.5 -0.04)
(0.04 0.5 -0.04)
(0.08 0.5 -0.04)
(0.12 0.5 -0.04)
(0.16 0.5 -0.04)
(0.2 0.5 -0.04)
(0.24 0.5 -0.04)
(0.28 0.5 -0.04)
(0.32 0.5 -0.04)
(0.36 0.5 -0.04)
(0.4 0.5 -0.04)
(0.44 0.5 -0.04)
(0.48 0.5 -0.04)
(0.52 0.5 -0.04)
(0.56 0.5 -0.04)
(0.6 0.5 -0.04)
(0.64 0.5 -0.04)
(0.68 0.5 -0.04)
(0.72 0.5 -0.04)
(0.76 0.5 -0.04)
(0.8 0.5 -0.04)
(0.84 0.5 -0.04)
(0.88 0.5 -0.04)
(0.92 0.5 -0.04)
(0.96 0.5 -0.04)
(1 0.5 -0.04)
(1.04 0.5 -0.04)
(1.08 0.5 -0.04)
(1.12 0.5 -0.04)
(1.16 0.5 -0.04)
(1.2 0.5 -0.04)
(1.24 0.5 -0.04)
(1.28 0.5 -0.04)
(1.32 0.5 -0.04)
(1.36 0.5 -0.04)
(1.4 0.5 -0.04)
(1.44 0.5 -0.04)
(1.48 0.5 -0.04)
(1.52 0.5 -0.04)
(1.56 0.5 -0.04)
(1.6 0.5 -0.04)
(1.64 0.5 -0.04)
(1.68 0.5 -0.04)
(1.72 0.5 -0.04)
(1.76 0.5 -0.04)
(1.8 0.5 -0.04)
(1.84 0.5 -0.04)
(1.88 0.5 -0.04)
(1.92 0.5 -0.04)
(1.96 0.5 -0.04)
(2 0.5 -0.04)
(-1 -0.5 0.04)
(-0.96 -0.5 0.04)
(-0.92 -0.5 0.04)
(-0.88 -0.5 0.04)
(-0.84 -0.5 0.04)
(-0.8 -0.5 0.04)
(-0.76 -0.5 0.04)
(-0.72 -0.5 0.04)
(-0.68 -0.5 0.04)
(-0.64 -0.5 0.04)
(-0.6 -0.5 0.04)
(-0.56 -0.5 0.04)
(-0.52 -0.5 0.04)
(-0.48 -0.5 0.04)
(-0.44 -0.5 0.04)
(-0.4 -0.5 0.04)
(-0.36 -0.5 0.04)
(-0.32 -0.5 0.04)
(-0.28 -0.5 0.04)
(-0.24 -0.5 0.04)
(-0.2 -0.5 0.04)
(-0.16 -0.5 0.04)
(-0.12 -0.5 0.04)
(-0.08 -0.5 0.04)
(-0.04 -0.5 0.04)
(-7.40149e-17 -0.5 0.04)
(0.04 -0.5 0.04)
(0.08 -0.5 0.04)
(0.12 -0.5 0.04)
(0.16 -0.5 0.04)
(0.2 -0.5 0.04)
(0.24 -0.5 0.04)
(0.28 -0.5 0.04)
(0.32 -0.5 0.04)
(0.36 -0.5 0.04)
(0.4 -0.5 0.04)
(0.44 -0.5 0.04)
(0.48 -0.5 0.04)
(0.52 -0.5 0.04)
(0.56 -0.5 0.04)
(0.6 -0.5 0.04)
(0.64 -0.5 0.04)
(0.68 -0.5 0.04)
(0.72 -0.5 0.04)
(0.76 -0.5 0.04)
(0.8 -0.5 0.04)
(0.84 -0.5 0.04)
(0.88 -0.5 0.04)
(0.92 -0.5 0.04)
(0.96 -0.5 0.04)
(1 -0.5 0.04)
(1.04 -0.5 0.04)
(1.08 -0.5 0.04)
(1.12 -0.5 0.04)
(1.16 -0.5 0.04)
(1.2 -0.5 0.04)
(1.24 -0.5 0.04)
(1.28 -0.5 0.04)
(1.32 -0.5 0.04)
(1.36 -0.5 0.04)
(1.4 -0.5 0.04)
(1.44 -0.5 0.04)
(1.48 -0.5 0.04)
(1.52 -0.5 0.04)
(1.56 -0.5 0.04)
(1.6 -0.5 0.04)
(1.64 -0.5 0.04)
(1.68 -0.5 0.04)
(1.72 -0.5 0.04)
(1.76 -0.5 0.04)
(1.8 -0.5 0.04)
(1.84 -0.5 0.04)
(1.88 -0.5 0.04)
(1.92 -0.5 0.04)
(1.96 -0.5 0.04)
(2 -0.5 0.04)
(-1 -0.46 0.04)
(-0.96 -0.46 0.04)
(-0.92 -0.46 0.04)
(-0.88 -0.46 0.04)
(-0.84 -0.46 0.04)
(-0.8 -0.46 0.04)
(-0.76 -0.46 0.04)
(-0.72 -0.46 0.04)
(-0.68 -0.46 0.04)
(-0.64 -0.46 0.04)
(-0.6 -0.46 0.04)
(-0.56 -0.46 0.04)
(-0.52 -0.46 0.04)
(-0.48 -0.46 0.04)
(-0.44 -0.46 0.04)
(-0.4 -0.46 0.04)
(-0.36 -0.46 0.04)
(-0.32 -0.46 0.04)
(-0.28 -0.46 0.04)
(-0.24 -0.46 0.04)
(-0.2 -0.46 0.04)
(-0.16 -0.46 0.04)
(-0.12 -0.46 0.04)
(-0.08 -0.46 0.04)
(-0.04 -0.46 0.04)
(-1.13335e-16 -0.46 0.04)
(0.04 -0.46 0.04)
(0.08 -0.46 0.04)
(0.12 -0.46 0.04)
(0.16 -0.46 0.04)
(0.2 -0.46 0.04)
(0.24 -0.46 0.04)
(0.28 -0.46 0.04)
(0.32 -0.46 0.04)
(0.36 -0.46 0.04)
(0.4 -0.46 0.04)
(0.44 -0.46 0.04)
(0.48 -0.46 0.04)
(0.52 -0.46 0.04)
(0.56 -0.46 0.04)
(0.6 -0.46 0.04)
(0.64 -0.46 0.04)
(0.68 -0.46 0.04)
(0.72 -0.46 0.04)
(0.76 -0.46 0.04)
(0.8 -0.46 0.04)
(0.84 -0.46 0.04)
(0.88 -0.46 0.04)
(0.92 -0.46 0.04)
(0.96 -0.46 0.04)
(1 -0.46 0.04)
(1.04 -0.46 0.04)
(1.08 -0.46 0.04)
(1.12 -0.46 0.04)
(1.16 -0.46 0.04)
(1.2 -0.46 0.04)
(1.24 -0.46 0.04)
(1.28 -0.46 0.04)
(1.32 -0.46 0.04)
(1.36 -0.46 0.04)
(1.4 -0.46 0.04)
(1.44 -0.46 0.04)
(1.48 -0.46 0.04)
(1.52 -0.46 0.04)
(1.56 -0.46 0.04)
(1.6 -0.46 0.04)
(1.64 -0.46 0.04)
(1.68 -0.46 0.04)
(1.72 -0.46 0.04)
(1.76 -0.46 0.04)
(1.8 -0.46 0.04)
(1.84 -0.46 0.04)
(1.88 -0.46 0.04)
(1.92 -0.46 0.04)
(1.96 -0.46 0.04)
(2 -0.46 0.04)
(-1 -0.42 0.04)
(-0.96 -0.42 0.04)
(-0.92 -0.42 0.04)
(-0.88 -0.42 0.04)
(-0.84 -0.42 0.04)
(-0.8 -0.42 0.04)
(-0.76 -0.42 0.04)
(-0.72 -0.42 0.04)
(-0.68 -0.42 0.04)
(-0.64 -0.42 0.04)
(-0.6 -0.42 0.04)
(-0.56 -0.42 0.04)
(-0.52 -0.42 0.04)
(-0.48 -0.42 0.04)
(-0.44 -0.42 0.04)
(-0.4 -0.42 0.04)
(-0.36 -0.42 0.04)
(-0.32 -0.42 0.04)
(-0.28 -0.42 0.04)
(-0.24 -0.42 0.04)
(-0.2 -0.42 0.04)
(-0.16 -0.42 0.04)
(-0.12 -0.42 0.04)
(-0.08 -0.42 0.04)
(-0.04 -0.42 0.04)
(-7.86408e-17 -0.42 0.04)
(0.04 -0.42 0.04)
(0.08 -0.42 0.04)
(0.12 -0.42 0.04)
(0.16 -0.42 0.04)
(0.2 -0.42 0.04)
(0.24 -0.42 0.04)
(0.28 -0.42 0.04)
(0.32 -0.42 0.04)
(0.36 -0.42 0.04)
(0.4 -0.42 0.04)
(0.44 -0.42 0.04)
(0.48 -0.42 0.04)
(0.52 -0.42 0.04)
(0.56 -0.42 0.04)
(0.6 -0.42 0.04)
(0.64 -0.42 0.04)
(0.68 -0.42 0.04)
(0.72 -0.42 0.04)
(0.76 -0.42 0.04)
(0.8 -0.42 0.04)
(0.84 -0.42 0.04)
(0.88 -0.42 0.04)
(0.92 -0.42 0.04)
(0.96 -0.42 0.04)
(1 -0.42 0.04)
(1.04 -0.42 0.04)
(1.08 -0.42 0.04)
(1.12 -0.42 0.04)
(1.16 -0.42 0.04)
(1.2 -0.42 0.04)
(1.24 -0.42 0.04)
(1.28 -0.42 0.04)
(1.32 -0.42 0.04)
(1.36 -0.42 0.04)
(1.4 -0.42 0.04)
(1.44 -0.42 0.04)
(1.48 -0.42 0.04)
(1.52 -0.42 0.04)
(1.56 -0.42 0.04)
(1.6 -0.42 0.04)
(1.64 -0.42 0.04)
(1.68 -0.42 0.04)
(1.72 -0.42 0.04)
(1.76 -0.42 0.04)
(1.8 -0.42 0.04)
(1.84 -0.42 0.04)
(1.88 -0.42 0.04)
(1.92 -0.42 0.04)
(1.96 -0.42 0.04)
(2 -0.42 0.04)
(-1 -0.38 0.04)
(-0.96 -0.38 0.04)
(-0.92 -0.38 0.04)
(-0.88 -0.38 0.04)
(-0.84 -0.38 0.04)
(-0.8 -0.38 0.04)
(-0.76 -0.38 0.04)
(-0.72 -0.38 0.04)
(-0.68 -0.38 0.04)
(-0.64 -0.38 0.04)
(-0.6 -0.38 0.04)
(-0.56 -0.38 0.04)
(-0.52 -0.38 0.04)
(-0.48 -0.38 0.04)
(-0.44 -0.38 0.04)
(-0.4 -0.38 0.04)
(-0.36 -0.38 0.04)
(-0.32 -0.38 0.04)
(-0.28 -0.38 0.04)
(-0.24 -0.38 0.04)
(-0.2 -0.38 0.04)
(-0.16 -0.38 0.04)
(-0.12 -0.38 0.04)
(-0.08 -0.38 0.04)
(-0.04 -0.38 0.04)
(-7.86408e-17 -0.38 0.04)
(0.04 -0.38 0.04)
(0.08 -0.38 0.04)
(0.12 -0.38 0.04)
(0.16 -0.38 0.04)
(0.2 -0.38 0.04)
(0.24 -0.38 0.04)
(0.28 -0.38 0.04)
(0.32 -0.38 0.04)
(0.36 -0.38 0.04)
(0.4 -0.38 0.04)
(0.44 -0.38 0.04)
(0.48 -0.38 0.04)
(0.52 -0.38 0.04)
(0.56 -0.38 0.04)
(0.6 -0.38 0.04)
(0.64 -0.38 0.04)
(0.68 -0.38 0.04)
(0.72 -0.38 0.04)
(0.76 -0.38 0.04)
(0.8 -0.38 0.04)
(0.84 -0.38 0.04)
(0.88 -0.38 0.04)
(0.92 -0.38 0.04)
(0.96 -0.38 0.04)
(1 -0.38 0.04)
(1.04 -0.38 0.04)
(1.08 -0.38 0.04)
(1.12 -0.38 0.04)
(1.16 -0.38 0.04)
(1.2 -0.38 0.04)
(1.24 -0.38 0.04)
(1.28 -0.38 0.04)
(1.32 -0.38 0.04)
(1.36 -0.38 0.04)
(1.4 -0.38 0.04)
(1.44 -0.38 0.04)
(1.48 -0.38 0.04)
(1.52 -0.38 0.04)
(1.56 -0.38 0.04)
(1.6 -0.38 0.04)
(1.64 -0.38 0.04)
(1.68 -0.38 0.04)
(1.72 -0.38 0.04)
(1.76 -0.38 0.04)
(1.8 -0.38 0.04)
(1.84 -0.38 0.04)
(1.88 -0.38 0.04)
(1.92 -0.38 0.04)
(1.96 -0.38 0.04)
(2 -0.38 0.04)
(-1 -0.34 0.04)
(-0.96 -0.34 0.04)
(-0.92 -0.34 0.04)
(-0.88 -0.34 0.04)
(-0.84 -0.34 0.04)
(-0.8 -0.34 0.04)
(-0.76 -0.34 0.04)
(-0.72 -0.34 0.04)
(-0.68 -0.34 0.04)
(-0.64 -0.34 0.04)
(-0.6 -0.34 0.04)
(-0.56 -0.34 0.04)
(-0.52 -0.34 0.04)
(-0.48 -0.34 0.04)
(-0.44 -0.34 0.04)
(-0.4 -0.34 0.04)
(-0.36 -0.34 0.04)
(-0.32 -0.34 0.04)
(-0.28 -0.34 0.04)
(-0.24 -0.34 0.04)
(-0.2 -0.34 0.04)
(-0.16 -0.34 0.04)
(-0.12 -0.34 0.04)
(-0.08 -0.34 0.04)
(-0.04 -0.34 0.04)
(-8.32667e-17 -0.34 0.04)
(0.04 -0.34 0.04)
(0.08 -0.34 0.04)
(0.12 -0.34 0.04)
(0.16 -0.34 0.04)
(0.2 -0.34 0.04)
(0.24 -0.34 0.04)
(0.28 -0.34 0.04)
(0.32 -0.34 0.04)
(0.36 -0.34 0.04)
(0.4 -0.34 0.04)
(0.44 -0.34 0.04)
(0.48 -0.34 0.04)
(0.52 -0.34 0.04)
(0.56 -0.34 0.04)
(0.6 -0.34 0.04)
(0.64 -0.34 0.04)
(0.68 -0.34 0.04)
(0.72 -0.34 0.04)
(0.76 -0.34 0.04)
(0.8 -0.34 0.04)
(0.84 -0.34 0.04)
(0.88 -0.34 0.04)
(0.92 -0.34 0.04)
(0.96 -0.34 0.04)
(1 -0.34 0.04)
(1.04 -0.34 0.04)
(1.08 -0.34 0.04)
(1.12 -0.34 0.04)
(1.16 -0.34 0.04)
(1.2 -0.34 0.04)
(1.24 -0.34 0.04)
(1.28 -0.34 0.04)
(1.32 -0.34 0.04)
(1.36 -0.34 0.04)
(1.4 -0.34 0.04)
(1.44 -0.34 0.04)
(1.48 -0.34 0.04)
(1.52 -0.34 0.04)
(1.56 -0.34 0.04)
(1.6 -0.34 0.04)
(1.64 -0.34 0.04)
(1.68 -0.34 0.04)
(1.72 -0.34 0.04)
(1.76 -0.34 0.04)
(1.8 -0.34 0.04)
(1.84 -0.34 0.04)
(1.88 -0.34 0.04)
(1.92 -0.34 0.04)
(1.96 -0.34 0.04)
(2 -0.34 0.04)
(-1 -0.3 0.04)
(-0.96 -0.3 0.04)
(-0.92 -0.3 0.04)
(-0.88 -0.3 0.04)
(-0.84 -0.3 0.04)
(-0.8 -0.3 0.04)
(-0.76 -0.3 0.04)
(-0.72 -0.3 0.04)
(-0.68 -0.3 0.04)
(-0.64 -0.3 0.04)
(-0.6 -0.3 0.04)
(-0.56 -0.3 0.04)
(-0.52 -0.3 0.04)
(-0.48 -0.3 0.04)
(-0.44 -0.3 0.04)
(-0.4 -0.3 0.04)
(-0.36 -0.3 0.04)
(-0.32 -0.3 0.04)
(-0.28 -0.3 0.04)
(-0.24 -0.3 0.04)
(-0.2 -0.3 0.04)
(-0.16 -0.3 0.04)
(-0.12 -0.3 0.04)
(-0.08 -0.3 0.04)
(-0.04 -0.3 0.04)
(-8.32667e-17 -0.3 0.04)
(0.04 -0.3 0.04)
(0.08 -0.3 0.04)
(0.12 -0.3 0.04)
(0.16 -0.3 0.04)
(0.2 -0.3 0.04)
(0.24 -0.3 0.04)
(0.28 -0.3 0.04)
(0.32 -0.3 0.04)
(0.36 -0.3 0.04)
(0.4 -0.3 0.04)
(0.44 -0.3 0.04)
(0.48 -0.3 0.04)
(0.52 -0.3 0.04)
(0.56 -0.3 0.04)
(0.6 -0.3 0.04)
(0.64 -0.3 0.04)
(0.68 -0.3 0.04)
(0.72 -0.3 0.04)
(0.76 -0.3 0.04)
(0.8 -0.3 0.04)
(0.84 -0.3 0.04)
(0.88 -0.3 0.04)
(0.92 -0.3 0.04)
(0.96 -0.3 0.04)
(1 -0.3 0.04)
(1.04 -0.3 0.04)
(1.08 -0.3 0.04)
(1.12 -0.3 0.04)
(1.16 -0.3 0.04)
(1.2 -0.3 0.04)
(1.24 -0.3 0.04)
(1.28 -0.3 0.04)
(1.32 -0.3 0.04)
(1.36 -0.3 0.04)
(1.4 -0.3 0.04)
(1.44 -0.3 0.04)
(1.48 -0.3 0.04)
(1.52 -0.3 0.04)
(1.56 -0.3 0.04)
(1.6 -0.3 0.04)
(1.64 -0.3 0.04)
(1.68 -0.3 0.04)
(1.72 -0.3 0.04)
(1.76 -0.3 0.04)
(1.8 -0.3 0.04)
(1.84 -0.3 0.04)
(1.88 -0.3 0.04)
(1.92 -0.3 0.04)
(1.96 -0.3 0.04)
(2 -0.3 0.04)
(-1 -0.26 0.04)
(-0.96 -0.26 0.04)
(-0.92 -0.26 0.04)
(-0.88 -0.26 0.04)
(-0.84 -0.26 0.04)
(-0.8 -0.26 0.04)
(-0.76 -0.26 0.04)
(-0.72 -0.26 0.04)
(-0.68 -0.26 0.04)
(-0.64 -0.26 0.04)
(-0.6 -0.26 0.04)
(-0.56 -0.26 0.04)
(-0.52 -0.26 0.04)
(-0.48 -0.26 0.04)
(-0.44 -0.26 0.04)
(-0.4 -0.26 0.04)
(-0.36 -0.26 0.04)
(-0.32 -0.26 0.04)
(-0.28 -0.26 0.04)
(-0.24 -0.26 0.04)
(-0.2 -0.26 0.04)
(-0.16 -0.26 0.04)
(-0.12 -0.26 0.04)
(-0.08 -0.26 0.04)
(-0.04 -0.26 0.04)
(-1.20274e-16 -0.26 0.04)
(0.04 -0.26 0.04)
(0.08 -0.26 0.04)
(0.12 -0.26 0.04)
(0.16 -0.26 0.04)
(0.2 -0.26 0.04)
(0.24 -0.26 0.04)
(0.28 -0.26 0.04)
(0.32 -0.26 0.04)
(0.36 -0.26 0.04)
(0.4 -0.26 0.04)
(0.44 -0.26 0.04)
(0.48 -0.26 0.04)
(0.52 -0.26 0.04)
(0.56 -0.26 0.04)
(0.6 -0.26 0.04)
(0.64 -0.26 0.04)
(0.68 -0.26 0.04)
(0.72 -0.26 0.04)
(0.76 -0.26 0.04)
(0.8 -0.26 0.04)
(0.84 -0.26 0.04)
(0.88 -0.26 0.04)
(0.92 -0.26 0.04)
(0.96 -0.26 0.04)
(1 -0.26 0.04)
(1.04 -0.26 0.04)
(1.08 -0.26 0.04)
(1.12 -0.26 0.04)
(1.16 -0.26 0.04)
(1.2 -0.26 0.04)
(1.24 -0.26 0.04)
(1.28 -0.26 0.04)
(1.32 -0.26 0.04)
(1.36 -0.26 0.04)
(1.4 -0.26 0.04)
(1.44 -0.26 0.04)
(1.48 -0.26 0.04)
(1.52 -0.26 0.04)
(1.56 -0.26 0.04)
(1.6 -0.26 0.04)
(1.64 -0.26 0.04)
(1.68 -0.26 0.04)
(1.72 -0.26 0.04)
(1.76 -0.26 0.04)
(1.8 -0.26 0.04)
(1.84 -0.26 0.04)
(1.88 -0.26 0.04)
(1.92 -0.26 0.04)
(1.96 -0.26 0.04)
(2 -0.26 0.04)
(-1 -0.22 0.04)
(-0.96 -0.22 0.04)
(-0.92 -0.22 0.04)
(-0.88 -0.22 0.04)
(-0.84 -0.22 0.04)
(-0.8 -0.22 0.04)
(-0.76 -0.22 0.04)
(-0.72 -0.22 0.04)
(-0.68 -0.22 0.04)
(-0.64 -0.22 0.04)
(-0.6 -0.22 0.04)
(-0.56 -0.22 0.04)
(-0.52 -0.22 0.04)
(-0.48 -0.22 0.04)
(-0.44 -0.22 0.04)
(-0.4 -0.22 0.04)
(-0.36 -0.22 0.04)
(-0.32 -0.22 0.04)
(-0.28 -0.22 0.04)
(-0.24 -0.22 0.04)
(-0.2 -0.22 0.04)
(-0.16 -0.22 0.04)
(-0.12 -0.22 0.04)
(-0.08 -0.22 0.04)
(-0.04 -0.22 0.04)
(-6.4763e-17 -0.22 0.04)
(0.04 -0.22 0.04)
(0.08 -0.22 0.04)
(0.12 -0.22 0.04)
(0.16 -0.22 0.04)
(0.2 -0.22 0.04)
(0.24 -0.22 0.04)
(0.28 -0.22 0.04)
(0.32 -0.22 0.04)
(0.36 -0.22 0.04)
(0.4 -0.22 0.04)
(0.44 -0.22 0.04)
(0.48 -0.22 0.04)
(0.52 -0.22 0.04)
(0.56 -0.22 0.04)
(0.6 -0.22 0.04)
(0.64 -0.22 0.04)
(0.68 -0.22 0.04)
(0.72 -0.22 0.04)
(0.76 -0.22 0.04)
(0.8 -0.22 0.04)
(0.84 -0.22 0.04)
(0.88 -0.22 0.04)
(0.92 -0.22 0.04)
(0.96 -0.22 0.04)
(1 -0.22 0.04)
(1.04 -0.22 0.04)
(1.08 -0.22 0.04)
(1.12 -0.22 0.04)
(1.16 -0.22 0.04)
(1.2 -0.22 0.04)
(1.24 -0.22 0.04)
(1.28 -0.22 0.04)
(1.32 -0.22 0.04)
(1.36 -0.22 0.04)
(1.4 -0.22 0.04)
(1.44 -0.22 0.04)
(1.48 -0.22 0.04)
(1.52 -0.22 0.04)
(1.56 -0.22 0.04)
(1.6 -0.22 0.04)
(1.64 -0.22 0.04)
(1.68 -0.22 0.04)
(1.72 -0.22 0.04)
(1.76 -0.22 0.04)
(1.8 -0.22 0.04)
(1.84 -0.22 0.04)
(1.88 -0.22 0.04)
(1.92 -0.22 0.04)
(1.96 -0.22 0.04)
(2 -0.22 0.04)
(-1 -0.18 0.04)
(-0.96 -0.18 0.04)
(-0.92 -0.18 0.04)
(-0.88 -0.18 0.04)
(-0.84 -0.18 0.04)
(-0.8 -0.18 0.04)
(-0.76 -0.18 0.04)
(-0.72 -0.18 0.04)
(-0.68 -0.18 0.04)
(-0.64 -0.18 0.04)
(-0.6 -0.18 0.04)
(-0.56 -0.18 0.04)
(-0.52 -0.18 0.04)
(-0.48 -0.18 0.04)
(-0.44 -0.18 0.04)
(-0.4 -0.18 0.04)
(-0.36 -0.18 0.04)
(-0.32 -0.18 0.04)
(-0.28 -0.18 0.04)
(-0.24 -0.18 0.04)
(-0.2 -0.18 0.04)
(-0.16 -0.18 0.04)
(-0.12 -0.18 0.04)
(-0.08 -0.18 0.04)
(-0.04 -0.18 0.04)
(-1.29526e-16 -0.18 0.04)
(0.04 -0.18 0.04)
(0.08 -0.18 0.04)
(0.12 -0.18 0.04)
(0.16 -0.18 0.04)
(0.2 -0.18 0.04)
(0.24 -0.18 0.04)
(0.28 -0.18 0.04)
(0.32 -0.18 0.04)
(0.36 -0.18 0.04)
(0.4 -0.18 0.04)
(0.44 -0.18 0.04)
(0.48 -0.18 0.04)
(0.52 -0.18 0.04)
(0.56 -0.18 0.04)
(0.6 -0.18 0.04)
(0.64 -0.18 0.04)
(0.68 -0.18 0.04)
(0.72 -0.18 0.04)
(0.76 -0.18 0.04)
(0.8 -0.18 0.04)
(0.84 -0.18 0.04)
(0.88 -0.18 0.04)
(0.92 -0.18 0.04)
(0.96 -0.18 0.04)
(1 -0.18 0.04)
(1.04 -0.18 0.04)
(1.08 -0.18 0.04)
(1.12 -0.18 0.04)
(1.16 -0.18 0.04)
(1.2 -0.18 0.04)
(1.24 -0.18 0.04)
(1.28 -0.18 0.04)
(1.32 -0.18 0.04)
(1.36 -0.18 0.04)
(1.4 -0.18 0.04)
(1.44 -0.18 0.04)
(1.48 -0.18 0.04)
(1.52 -0.18 0.04)
(1.56 -0.18 0.04)
(1.6 -0.18 0.04)
(1.64 -0.18 0.04)
(1.68 -0.18 0.04)
(1.72 -0.18 0.04)
(1.76 -0.18 0.04)
(1.8 -0.18 0.04)
(1.84 -0.18 0.04)
(1.88 -0.18 0.04)
(1.92 -0.18 0.04)
(1.96 -0.18 0.04)
(2 -0.18 0.04)
(-1 -0.14 0.04)
(-0.96 -0.14 0.04)
(-0.92 -0.14 0.04)
(-0.88 -0.14 0.04)
(-0.84 -0.14 0.04)
(-0.8 -0.14 0.04)
(-0.76 -0.14 0.04)
(-0.72 -0.14 0.04)
(-0.68 -0.14 0.04)
(-0.64 -0.14 0.04)
(-0.6 -0.14 0.04)
(-0.56 -0.14 0.04)
(-0.52 -0.14 0.04)
(-0.48 -0.14 0.04)
(-0.44 -0.14 0.04)
(-0.4 -0.14 0.04)
(-0.36 -0.14 0.04)
(-0.32 -0.14 0.04)
(-0.28 -0.14 0.04)
(-0.24 -0.14 0.04)
(-0.2 -0.14 0.04)
(-0.16 -0.14 0.04)
(-0.12 -0.14 0.04)
(-0.08 -0.14 0.04)
(-0.04 -0.14 0.04)
(-8.32667e-17 -0.14 0.04)
(0.04 -0.14 0.04)
(0.08 -0.14 0.04)
(0.12 -0.14 0.04)
(0.16 -0.14 0.04)
(0.2 -0.14 0.04)
(0.24 -0.14 0.04)
(0.28 -0.14 0.04)
(0.32 -0.14 0.04)
(0.36 -0.14 0.04)
(0.4 -0.14 0.04)
(0.44 -0.14 0.04)
(0.48 -0.14 0.04)
(0.52 -0.14 0.04)
(0.56 -0.14 0.04)
(0.6 -0.14 0.04)
(0.64 -0.14 0.04)
(0.68 -0.14 0.04)
(0.72 -0.14 0.04)
(0.76 -0.14 0.04)
(0.8 -0.14 0.04)
(0.84 -0.14 0.04)
(0.88 -0.14 0.04)
(0.92 -0.14 0.04)
(0.96 -0.14 0.04)
(1 -0.14 0.04)
(1.04 -0.14 0.04)
(1.08 -0.14 0.04)
(1.12 -0.14 0.04)
(1.16 -0.14 0.04)
(1.2 -0.14 0.04)
(1.24 -0.14 0.04)
(1.28 -0.14 0.04)
(1.32 -0.14 0.04)
(1.36 -0.14 0.04)
(1.4 -0.14 0.04)
(1.44 -0.14 0.04)
(1.48 -0.14 0.04)
(1.52 -0.14 0.04)
(1.56 -0.14 0.04)
(1.6 -0.14 0.04)
(1.64 -0.14 0.04)
(1.68 -0.14 0.04)
(1.72 -0.14 0.04)
(1.76 -0.14 0.04)
(1.8 -0.14 0.04)
(1.84 -0.14 0.04)
(1.88 -0.14 0.04)
(1.92 -0.14 0.04)
(1.96 -0.14 0.04)
(2 -0.14 0.04)
(-1 -0.1 0.04)
(-0.96 -0.1 0.04)
(-0.92 -0.1 0.04)
(-0.88 -0.1 0.04)
(-0.84 -0.1 0.04)
(-0.8 -0.1 0.04)
(-0.76 -0.1 0.04)
(-0.72 -0.1 0.04)
(-0.68 -0.1 0.04)
(-0.64 -0.1 0.04)
(-0.6 -0.1 0.04)
(-0.56 -0.1 0.04)
(-0.52 -0.1 0.04)
(-0.48 -0.1 0.04)
(-0.44 -0.1 0.04)
(-0.4 -0.1 0.04)
(-0.36 -0.1 0.04)
(-0.32 -0.1 0.04)
(-0.28 -0.1 0.04)
(-0.24 -0.1 0.04)
(-0.2 -0.1 0.04)
(-0.16 -0.1 0.04)
(-0.12 -0.1 0.04)
(-0.08 -0.1 0.04)
(-0.04 -0.1 0.04)
(-7.40149e-17 -0.1 0.04)
(0.04 -0.1 0.04)
(0.08 -0.1 0.04)
(0.12 -0.1 0.04)
(0.16 -0.1 0.04)
(0.2 -0.1 0.04)
(0.24 -0.1 0.04)
(0.28 -0.1 0.04)
(0.32 -0.1 0.04)
(0.36 -0.1 0.04)
(0.4 -0.1 0.04)
(0.44 -0.1 0.04)
(0.48 -0.1 0.04)
(0.52 -0.1 0.04)
(0.56 -0.1 0.04)
(0.6 -0.1 0.04)
(0.64 -0.1 0.04)
(0.68 -0.1 0.04)
(0.72 -0.1 0.04)
(0.76 -0.1 0.04)
(0.8 -0.1 0.04)
(0.84 -0.1 0.04)
(0.88 -0.1 0.04)
(0.92 -0.1 0.04)
(0.96 -0.1 0.04)
(1 -0.1 0.04)
(1.04 -0.1 0.04)
(1.08 -0.1 0.04)
(1.12 -0.1 0.04)
(1.16 -0.1 0.04)
(1.2 -0.1 0.04)
(1.24 -0.1 0.04)
(1.28 -0.1 0.04)
(1.32 -0.1 0.04)
(1.36 -0.1 0.04)
(1.4 -0.1 0.04)
(1.44 -0.1 0.04)
(1.48 -0.1 0.04)
(1.52 -0.1 0.04)
(1.56 -0.1 0.04)
(1.6 -0.1 0.04)
(1.64 -0.1 0.04)
(1.68 -0.1 0.04)
(1.72 -0.1 0.04)
(1.76 -0.1 0.04)
(1.8 -0.1 0.04)
(1.84 -0.1 0.04)
(1.88 -0.1 0.04)
(1.92 -0.1 0.04)
(1.96 -0.1 0.04)
(2 -0.1 0.04)
(-1 -0.06 0.04)
(-0.96 -0.06 0.04)
(-0.92 -0.06 0.04)
(-0.88 -0.06 0.04)
(-0.84 -0.06 0.04)
(-0.8 -0.06 0.04)
(-0.76 -0.06 0.04)
(-0.72 -0.06 0.04)
(-0.68 -0.06 0.04)
(-0.64 -0.06 0.04)
(-0.6 -0.06 0.04)
(-0.56 -0.06 0.04)
(-0.52 -0.06 0.04)
(-0.48 -0.06 0.04)
(-0.44 -0.06 0.04)
(-0.4 -0.06 0.04)
(-0.36 -0.06 0.04)
(-0.32 -0.06 0.04)
(-0.28 -0.06 0.04)
(-0.24 -0.06 0.04)
(-0.2 -0.06 0.04)
(-0.16 -0.06 0.04)
(-0.12 -0.06 0.04)
(-0.08 -0.06 0.04)
(-0.04 -0.06 0.04)
(-3.70074e-17 -0.06 0.04)
(0.04 -0.06 0.04)
(0.08 -0.06 0.04)
(0.12 -0.06 0.04)
(0.16 -0.06 0.04)
(0.2 -0.06 0.04)
(0.24 -0.06 0.04)
(0.28 -0.06 0.04)
(0.32 -0.06 0.04)
(0.36 -0.06 0.04)
(0.4 -0.06 0.04)
(0.44 -0.06 0.04)
(0.48 -0.06 0.04)
(0.52 -0.06 0.04)
(0.56 -0.06 0.04)
(0.6 -0.06 0.04)
(0.64 -0.06 0.04)
(0.68 -0.06 0.04)
(0.72 -0.06 0.04)
(0.76 -0.06 0.04)
(0.8 -0.06 0.04)
(0.84 -0.06 0.04)
(0.88 -0.06 0.04)
(0.92 -0.06 0.04)
(0.96 -0.06 0.04)
(1 -0.06 0.04)
(1.04 -0.06 0.04)
(1.08 -0.06 0.04)
(1.12 -0.06 0.04)
(1.16 -0.06 0.04)
(1.2 -0.06 0.04)
(1.24 -0.06 0.04)
(1.28 -0.06 0.04)
(1.32 -0.06 0.04)
(1.36 -0.06 0.04)
(1.4 -0.06 0.04)
(1.44 -0.06 0.04)
(1.48 -0.06 0.04)
(1.52 -0.06 0.04)
(1.56 -0.06 0.04)
(1.6 -0.06 0.04)
(1.64 -0.06 0.04)
(1.68 -0.06 0.04)
(1.72 -0.06 0.04)
(1.76 -0.06 0.04)
(1.8 -0.06 0.04)
(1.84 -0.06 0.04)
(1.88 -0.06 0.04)
(1.92 -0.06 0.04)
(1.96 -0.06 0.04)
(2 -0.06 0.04)
(-1 -0.02 0.04)
(-0.96 -0.02 0.04)
(-0.92 -0.02 0.04)
(-0.88 -0.02 0.04)
(-0.84 -0.02 0.04)
(-0.8 -0.02 0.04)
(-0.76 -0.02 0.04)
(-0.72 -0.02 0.04)
(-0.68 -0.02 0.04)
(-0.64 -0.02 0.04)
(-0.6 -0.02 0.04)
(-0.56 -0.02 0.04)
(-0.52 -0.02 0.04)
(-0.48 -0.02 0.04)
(-0.44 -0.02 0.04)
(-0.4 -0.02 0.04)
(-0.36 -0.02 0.04)
(-0.32 -0.02 0.04)
(-0.28 -0.02 0.04)
(-0.24 -0.02 0.04)
(-0.2 -0.02 0.04)
(-0.16 -0.02 0.04)
(-0.12 -0.02 0.04)
(-0.08 -0.02 0.04)
(-0.04 -0.02 0.04)
(-7.40149e-17 -0.02 0.04)
(0.04 -0.02 0.04)
(0.08 -0.02 0.04)
(0.12 -0.02 0.04)
(0.16 -0.02 0.04)
(0.2 -0.02 0.04)
(0.24 -0.02 0.04)
(0.28 -0.02 0.04)
(0.32 -0.02 0.04)
(0.36 -0.02 0.04)
(0.4 -0.02 0.04)
(0.44 -0.02 0.04)
(0.48 -0.02 0.04)
(0.52 -0.02 0.04)
(0.56 -0.02 0.04)
(0.6 -0.02 0.04)
(0.64 -0.02 0.04)
(0.68 -0.02 0.04)
(0.72 -0.02 0.04)
(0.76 -0.02 0.04)
(0.8 -0.02 0.04)
(0.84 -0.02 0.04)
(0.88 -0.02 0.04)
(0.92 -0.02 0.04)
(0.96 -0.02 0.04)
(1 -0.02 0.04)
(1.04 -0.02 0.04)
(1.08 -0.02 0.04)
(1.12 -0.02 0.04)
(1.16 -0.02 0.04)
(1.2 -0.02 0.04)
(1.24 -0.02 0.04)
(1.28 -0.02 0.04)
(1.32 -0.02 0.04)
(1.36 -0.02 0.04)
(1.4 -0.02 0.04)
(1.44 -0.02 0.04)
(1.48 -0.02 0.04)
(1.52 -0.02 0.04)
(1.56 -0.02 0.04)
(1.6 -0.02 0.04)
(1.64 -0.02 0.04)
(1.68 -0.02 0.04)
(1.72 -0.02 0.04)
(1.76 -0.02 0.04)
(1.8 -0.02 0.04)
(1.84 -0.02 0.04)
(1.88 -0.02 0.04)
(1.92 -0.02 0.04)
(1.96 -0.02 0.04)
(2 -0.02 0.04)
(-1 0.02 0.04)
(-0.96 0.02 0.04)
(-0.92 0.02 0.04)
(-0.88 0.02 0.04)
(-0.84 0.02 0.04)
(-0.8 0.02 0.04)
(-0.76 0.02 0.04)
(-0.72 0.02 0.04)
(-0.68 0.02 0.04)
(-0.64 0.02 0.04)
(-0.6 0.02 0.04)
(-0.56 0.02 0.04)
(-0.52 0.02 0.04)
(-0.48 0.02 0.04)
(-0.44 0.02 0.04)
(-0.4 0.02 0.04)
(-0.36 0.02 0.04)
(-0.32 0.02 0.04)
(-0.28 0.02 0.04)
(-0.24 0.02 0.04)
(-0.2 0.02 0.04)
(-0.16 0.02 0.04)
(-0.12 0.02 0.04)
(-0.08 0.02 0.04)
(-0.04 0.02 0.04)
(-7.40149e-17 0.02 0.04)
(0.04 0.02 0.04)
(0.08 0.02 0.04)
(0.12 0.02 0.04)
(0.16 0.02 0.04)
(0.2 0.02 0.04)
(0.24 0.02 0.04)
(0.28 0.02 0.04)
(0.32 0.02 0.04)
(0.36 0.02 0.04)
(0.4 0.02 0.04)
(0.44 0.02 0.04)
(0.48 0.02 0.04)
(0.52 0.02 0.04)
(0.56 0.02 0.04)
(0.6 0.02 0.04)
(0.64 0.02 0.04)
(0.68 0.02 0.04)
(0.72 0.02 0.04)
(0.76 0.02 0.04)
(0.8 0.02 0.04)
(0.84 0.02 0.04)
(0.88 0.02 0.04)
(0.92 0.02 0.04)
(0.96 0.02 0.04)
(1 0.02 0.04)
(1.04 0.02 0.04)
(1.08 0.02 0.04)
(1.12 0.02 0.04)
(1.16 0.02 0.04)
(1.2 0.02 0.04)
(1.24 0.02 0.04)
(1.28 0.02 0.04)
(1.32 0.02 0.04)
(1.36 0.02 0.04)
(1.4 0.02 0.04)
(1.44 0.02 0.04)
(1.48 0.02 0.04)
(1.52 0.02 0.04)
(1.56 0.02 0.04)
(1.6 0.02 0.04)
(1.64 0.02 0.04)
(1.68 0.02 0.04)
(1.72 0.02 0.04)
(1.76 0.02 0.04)
(1.8 0.02 0.04)
(1.84 0.02 0.04)
(1.88 0.02 0.04)
(1.92 0.02 0.04)
(1.96 0.02 0.04)
(2 0.02 0.04)
(-1 0.06 0.04)
(-0.96 0.06 0.04)
(-0.92 0.06 0.04)
(-0.88 0.06 0.04)
(-0.84 0.06 0.04)
(-0.8 0.06 0.04)
(-0.76 0.06 0.04)
(-0.72 0.06 0.04)
(-0.68 0.06 0.04)
(-0.64 0.06 0.04)
(-0.6 0.06 0.04)
(-0.56 0.06 0.04)
(-0.52 0.06 0.04)
(-0.48 0.06 0.04)
(-0.44 0.06 0.04)
(-0.4 0.06 0.04)
(-0.36 0.06 0.04)
(-0.32 0.06 0.04)
(-0.28 0.06 0.04)
(-0.24 0.06 0.04)
(-0.2 0.06 0.04)
(-0.16 0.06 0.04)
(-0.12 0.06 0.04)
(-0.08 0.06 0.04)
(-0.04 0.06 0.04)
(-7.40149e-17 0.06 0.04)
(0.04 0.06 0.04)
(0.08 0.06 0.04)
(0.12 0.06 0.04)
(0.16 0.06 0.04)
(0.2 0.06 0.04)
(0.24 0.06 0.04)
(0.28 0.06 0.04)
(0.32 0.06 0.04)
(0.36 0.06 0.04)
(0.4 0.06 0.04)
(0.44 0.06 0.04)
(0.48 0.06 0.04)
(0.52 0.06 0.04)
(0.56 0.06 0.04)
(0.6 0.06 0.04)
(0.64 0.06 0.04)
(0.68 0.06 0.04)
(0.72 0.06 0.04)
(0.76 0.06 0.04)
(0.8 0.06 0.04)
(0.84 0.06 0.04)
(0.88 0.06 0.04)
(0.92 0.06 0.04)
(0.96 0.06 0.04)
(1 0.06 0.04)
(1.04 0.06 0.04)
(1.08 0.06 0.04)
(1.12 0.06 0.04)
(1.16 0.06 0.04)
(1.2 0.06 0.04)
(1.24 0.06 0.04)
(1.28 0.06 0.04)
(1.32 0.06 0.04)
(1.36 0.06 0.04)
(1.4 0.06 0.04)
(1.44 0.06 0.04)
(1.48 0.06 0.04)
(1.52 0.06 0.04)
(1.56 0.06 0.04)
(1.6 0.06 0.04)
(1.64 0.06 0.04)
(1.68 0.06 0.04)
(1.72 0.06 0.04)
(1.76 0.06 0.04)
(1.8 0.06 0.04)
(1.84 0.06 0.04)
(1.88 0.06 0.04)
(1.92 0.06 0.04)
(1.96 0.06 0.04)
(2 0.06 0.04)
(-1 0.1 0.04)
(-0.96 0.1 0.04)
(-0.92 0.1 0.04)
(-0.88 0.1 0.04)
(-0.84 0.1 0.04)
(-0.8 0.1 0.04)
(-0.76 0.1 0.04)
(-0.72 0.1 0.04)
(-0.68 0.1 0.04)
(-0.64 0.1 0.04)
(-0.6 0.1 0.04)
(-0.56 0.1 0.04)
(-0.52 0.1 0.04)
(-0.48 0.1 0.04)
(-0.44 0.1 0.04)
(-0.4 0.1 0.04)
(-0.36 0.1 0.04)
(-0.32 0.1 0.04)
(-0.28 0.1 0.04)
(-0.24 0.1 0.04)
(-0.2 0.1 0.04)
(-0.16 0.1 0.04)
(-0.12 0.1 0.04)
(-0.08 0.1 0.04)
(-0.04 0.1 0.04)
(-7.40149e-17 0.1 0.04)
(0.04 0.1 0.04)
(0.08 0.1 0.04)
(0.12 0.1 0.04)
(0.16 0.1 0.04)
(0.2 0.1 0.04)
(0.24 0.1 0.04)
(0.28 0.1 0.04)
(0.32 0.1 0.04)
(0.36 0.1 0.04)
(0.4 0.1 0.04)
(0.44 0.1 0.04)
(0.48 0.1 0.04)
(0.52 0.1 0.04)
(0.56 0.1 0.04)
(0.6 0.1 0.04)
(0.64 0.1 0.04)
(0.68 0.1 0.04)
(0.72 0.1 0.04)
(0.76 0.1 0.04)
(0.8 0.1 0.04)
(0.84 0.1 0.04)
(0.88 0.1 0.04)
(0.92 0.1 0.04)
(0.96 0.1 0.04)
(1 0.1 0.04)
(1.04 0.1 0.04)
(1.08 0.1 0.04)
(1.12 0.1 0.04)
(1.16 0.1 0.04)
(1.2 0.1 0.04)
(1.24 0.1 0.04)
(1.28 0.1 0.04)
(1.32 0.1 0.04)
(1.36 0.1 0.04)
(1.4 0.1 0.04)
(1.44 0.1 0.04)
(1.48 0.1 0.04)
(1.52 0.1 0.04)
(1.56 0.1 0.04)
(1.6 0.1 0.04)
(1.64 0.1 0.04)
(1.68 0.1 0.04)
(1.72 0.1 0.04)
(1.76 0.1 0.04)
(1.8 0.1 0.04)
(1.84 0.1 0.04)
(1.88 0.1 0.04)
(1.92 0.1 0.04)
(1.96 0.1 0.04)
(2 0.1 0.04)
(-1 0.14 0.04)
(-0.96 0.14 0.04)
(-0.92 0.14 0.04)
(-0.88 0.14 0.04)
(-0.84 0.14 0.04)
(-0.8 0.14 0.04)
(-0.76 0.14 0.04)
(-0.72 0.14 0.04)
(-0.68 0.14 0.04)
(-0.64 0.14 0.04)
(-0.6 0.14 0.04)
(-0.56 0.14 0.04)
(-0.52 0.14 0.04)
(-0.48 0.14 0.04)
(-0.44 0.14 0.04)
(-0.4 0.14 0.04)
(-0.36 0.14 0.04)
(-0.32 0.14 0.04)
(-0.28 0.14 0.04)
(-0.24 0.14 0.04)
(-0.2 0.14 0.04)
(-0.16 0.14 0.04)
(-0.12 0.14 0.04)
(-0.08 0.14 0.04)
(-0.04 0.14 0.04)
(-7.40149e-17 0.14 0.04)
(0.04 0.14 0.04)
(0.08 0.14 0.04)
(0.12 0.14 0.04)
(0.16 0.14 0.04)
(0.2 0.14 0.04)
(0.24 0.14 0.04)
(0.28 0.14 0.04)
(0.32 0.14 0.04)
(0.36 0.14 0.04)
(0.4 0.14 0.04)
(0.44 0.14 0.04)
(0.48 0.14 0.04)
(0.52 0.14 0.04)
(0.56 0.14 0.04)
(0.6 0.14 0.04)
(0.64 0.14 0.04)
(0.68 0.14 0.04)
(0.72 0.14 0.04)
(0.76 0.14 0.04)
(0.8 0.14 0.04)
(0.84 0.14 0.04)
(0.88 0.14 0.04)
(0.92 0.14 0.04)
(0.96 0.14 0.04)
(1 0.14 0.04)
(1.04 0.14 0.04)
(1.08 0.14 0.04)
(1.12 0.14 0.04)
(1.16 0.14 0.04)
(1.2 0.14 0.04)
(1.24 0.14 0.04)
(1.28 0.14 0.04)
(1.32 0.14 0.04)
(1.36 0.14 0.04)
(1.4 0.14 0.04)
(1.44 0.14 0.04)
(1.48 0.14 0.04)
(1.52 0.14 0.04)
(1.56 0.14 0.04)
(1.6 0.14 0.04)
(1.64 0.14 0.04)
(1.68 0.14 0.04)
(1.72 0.14 0.04)
(1.76 0.14 0.04)
(1.8 0.14 0.04)
(1.84 0.14 0.04)
(1.88 0.14 0.04)
(1.92 0.14 0.04)
(1.96 0.14 0.04)
(2 0.14 0.04)
(-1 0.18 0.04)
(-0.96 0.18 0.04)
(-0.92 0.18 0.04)
(-0.88 0.18 0.04)
(-0.84 0.18 0.04)
(-0.8 0.18 0.04)
(-0.76 0.18 0.04)
(-0.72 0.18 0.04)
(-0.68 0.18 0.04)
(-0.64 0.18 0.04)
(-0.6 0.18 0.04)
(-0.56 0.18 0.04)
(-0.52 0.18 0.04)
(-0.48 0.18 0.04)
(-0.44 0.18 0.04)
(-0.4 0.18 0.04)
(-0.36 0.18 0.04)
(-0.32 0.18 0.04)
(-0.28 0.18 0.04)
(-0.24 0.18 0.04)
(-0.2 0.18 0.04)
(-0.16 0.18 0.04)
(-0.12 0.18 0.04)
(-0.08 0.18 0.04)
(-0.04 0.18 0.04)
(-5.55112e-17 0.18 0.04)
(0.04 0.18 0.04)
(0.08 0.18 0.04)
(0.12 0.18 0.04)
(0.16 0.18 0.04)
(0.2 0.18 0.04)
(0.24 0.18 0.04)
(0.28 0.18 0.04)
(0.32 0.18 0.04)
(0.36 0.18 0.04)
(0.4 0.18 0.04)
(0.44 0.18 0.04)
(0.48 0.18 0.04)
(0.52 0.18 0.04)
(0.56 0.18 0.04)
(0.6 0.18 0.04)
(0.64 0.18 0.04)
(0.68 0.18 0.04)
(0.72 0.18 0.04)
(0.76 0.18 0.04)
(0.8 0.18 0.04)
(0.84 0.18 0.04)
(0.88 0.18 0.04)
(0.92 0.18 0.04)
(0.96 0.18 0.04)
(1 0.18 0.04)
(1.04 0.18 0.04)
(1.08 0.18 0.04)
(1.12 0.18 0.04)
(1.16 0.18 0.04)
(1.2 0.18 0.04)
(1.24 0.18 0.04)
(1.28 0.18 0.04)
(1.32 0.18 0.04)
(1.36 0.18 0.04)
(1.4 0.18 0.04)
(1.44 0.18 0.04)
(1.48 0.18 0.04)
(1.52 0.18 0.04)
(1.56 0.18 0.04)
(1.6 0.18 0.04)
(1.64 0.18 0.04)
(1.68 0.18 0.04)
(1.72 0.18 0.04)
(1.76 0.18 0.04)
(1.8 0.18 0.04)
(1.84 0.18 0.04)
(1.88 0.18 0.04)
(1.92 0.18 0.04)
(1.96 0.18 0.04)
(2 0.18 0.04)
(-1 0.22 0.04)
(-0.96 0.22 0.04)
(-0.92 0.22 0.04)
(-0.88 0.22 0.04)
(-0.84 0.22 0.04)
(-0.8 0.22 0.04)
(-0.76 0.22 0.04)
(-0.72 0.22 0.04)
(-0.68 0.22 0.04)
(-0.64 0.22 0.04)
(-0.6 0.22 0.04)
(-0.56 0.22 0.04)
(-0.52 0.22 0.04)
(-0.48 0.22 0.04)
(-0.44 0.22 0.04)
(-0.4 0.22 0.04)
(-0.36 0.22 0.04)
(-0.32 0.22 0.04)
(-0.28 0.22 0.04)
(-0.24 0.22 0.04)
(-0.2 0.22 0.04)
(-0.16 0.22 0.04)
(-0.12 0.22 0.04)
(-0.08 0.22 0.04)
(-0.04 0.22 0.04)
(-5.55112e-17 0.22 0.04)
(0.04 0.22 0.04)
(0.08 0.22 0.04)
(0.12 0.22 0.04)
(0.16 0.22 0.04)
(0.2 0.22 0.04)
(0.24 0.22 0.04)
(0.28 0.22 0.04)
(0.32 0.22 0.04)
(0.36 0.22 0.04)
(0.4 0.22 0.04)
(0.44 0.22 0.04)
(0.48 0.22 0.04)
(0.52 0.22 0.04)
(0.56 0.22 0.04)
(0.6 0.22 0.04)
(0.64 0.22 0.04)
(0.68 0.22 0.04)
(0.72 0.22 0.04)
(0.76 0.22 0.04)
(0.8 0.22 0.04)
(0.84 0.22 0.04)
(0.88 0.22 0.04)
(0.92 0.22 0.04)
(0.96 0.22 0.04)
(1 0.22 0.04)
(1.04 0.22 0.04)
(1.08 0.22 0.04)
(1.12 0.22 0.04)
(1.16 0.22 0.04)
(1.2 0.22 0.04)
(1.24 0.22 0.04)
(1.28 0.22 0.04)
(1.32 0.22 0.04)
(1.36 0.22 0.04)
(1.4 0.22 0.04)
(1.44 0.22 0.04)
(1.48 0.22 0.04)
(1.52 0.22 0.04)
(1.56 0.22 0.04)
(1.6 0.22 0.04)
(1.64 0.22 0.04)
(1.68 0.22 0.04)
(1.72 0.22 0.04)
(1.76 0.22 0.04)
(1.8 0.22 0.04)
(1.84 0.22 0.04)
(1.88 0.22 0.04)
(1.92 0.22 0.04)
(1.96 0.22 0.04)
(2 0.22 0.04)
(-1 0.26 0.04)
(-0.96 0.26 0.04)
(-0.92 0.26 0.04)
(-0.88 0.26 0.04)
(-0.84 0.26 0.04)
(-0.8 0.26 0.04)
(-0.76 0.26 0.04)
(-0.72 0.26 0.04)
(-0.68 0.26 0.04)
(-0.64 0.26 0.04)
(-0.6 0.26 0.04)
(-0.56 0.26 0.04)
(-0.52 0.26 0.04)
(-0.48 0.26 0.04)
(-0.44 0.26 0.04)
(-0.4 0.26 0.04)
(-0.36 0.26 0.04)
(-0.32 0.26 0.04)
(-0.28 0.26 0.04)
(-0.24 0.26 0.04)
(-0.2 0.26 0.04)
(-0.16 0.26 0.04)
(-0.12 0.26 0.04)
(-0.08 0.26 0.04)
(-0.04 0.26 0.04)
(-1.11022e-16 0.26 0.04)
(0.04 0.26 0.04)
(0.08 0.26 0.04)
(0.12 0.26 0.04)
(0.16 0.26 0.04)
(0.2 0.26 0.04)
(0.24 0.26 0.04)
(0.28 0.26 0.04)
(0.32 0.26 0.04)
(0.36 0.26 0.04)
(0.4 0.26 0.04)
(0.44 0.26 0.04)
(0.48 0.26 0.04)
(0.52 0.26 0.04)
(0.56 0.26 0.04)
(0.6 0.26 0.04)
(0.64 0.26 0.04)
(0.68 0.26 0.04)
(0.72 0.26 0.04)
(0.76 0.26 0.04)
(0.8 0.26 0.04)
(0.84 0.26 0.04)
(0.88 0.26 0.04)
(0.92 0.26 0.04)
(0.96 0.26 0.04)
(1 0.26 0.04)
(1.04 0.26 0.04)
(1.08 0.26 0.04)
(1.12 0.26 0.04)
(1.16 0.26 0.04)
(1.2 0.26 0.04)
(1.24 0.26 0.04)
(1.28 0.26 0.04)
(1.32 0.26 0.04)
(1.36 0.26 0.04)
(1.4 0.26 0.04)
(1.44 0.26 0.04)
(1.48 0.26 0.04)
(1.52 0.26 0.04)
(1.56 0.26 0.04)
(1.6 0.26 0.04)
(1.64 0.26 0.04)
(1.68 0.26 0.04)
(1.72 0.26 0.04)
(1.76 0.26 0.04)
(1.8 0.26 0.04)
(1.84 0.26 0.04)
(1.88 0.26 0.04)
(1.92 0.26 0.04)
(1.96 0.26 0.04)
(2 0.26 0.04)
(-1 0.3 0.04)
(-0.96 0.3 0.04)
(-0.92 0.3 0.04)
(-0.88 0.3 0.04)
(-0.84 0.3 0.04)
(-0.8 0.3 0.04)
(-0.76 0.3 0.04)
(-0.72 0.3 0.04)
(-0.68 0.3 0.04)
(-0.64 0.3 0.04)
(-0.6 0.3 0.04)
(-0.56 0.3 0.04)
(-0.52 0.3 0.04)
(-0.48 0.3 0.04)
(-0.44 0.3 0.04)
(-0.4 0.3 0.04)
(-0.36 0.3 0.04)
(-0.32 0.3 0.04)
(-0.28 0.3 0.04)
(-0.24 0.3 0.04)
(-0.2 0.3 0.04)
(-0.16 0.3 0.04)
(-0.12 0.3 0.04)
(-0.08 0.3 0.04)
(-0.04 0.3 0.04)
(-7.40149e-17 0.3 0.04)
(0.04 0.3 0.04)
(0.08 0.3 0.04)
(0.12 0.3 0.04)
(0.16 0.3 0.04)
(0.2 0.3 0.04)
(0.24 0.3 0.04)
(0.28 0.3 0.04)
(0.32 0.3 0.04)
(0.36 0.3 0.04)
(0.4 0.3 0.04)
(0.44 0.3 0.04)
(0.48 0.3 0.04)
(0.52 0.3 0.04)
(0.56 0.3 0.04)
(0.6 0.3 0.04)
(0.64 0.3 0.04)
(0.68 0.3 0.04)
(0.72 0.3 0.04)
(0.76 0.3 0.04)
(0.8 0.3 0.04)
(0.84 0.3 0.04)
(0.88 0.3 0.04)
(0.92 0.3 0.04)
(0.96 0.3 0.04)
(1 0.3 0.04)
(1.04 0.3 0.04)
(1.08 0.3 0.04)
(1.12 0.3 0.04)
(1.16 0.3 0.04)
(1.2 0.3 0.04)
(1.24 0.3 0.04)
(1.28 0.3 0.04)
(1.32 0.3 0.04)
(1.36 0.3 0.04)
(1.4 0.3 0.04)
(1.44 0.3 0.04)
(1.48 0.3 0.04)
(1.52 0.3 0.04)
(1.56 0.3 0.04)
(1.6 0.3 0.04)
(1.64 0.3 0.04)
(1.68 0.3 0.04)
(1.72 0.3 0.04)
(1.76 0.3 0.04)
(1.8 0.3 0.04)
(1.84 0.3 0.04)
(1.88 0.3 0.04)
(1.92 0.3 0.04)
(1.96 0.3 0.04)
(2 0.3 0.04)
(-1 0.34 0.04)
(-0.96 0.34 0.04)
(-0.92 0.34 0.04)
(-0.88 0.34 0.04)
(-0.84 0.34 0.04)
(-0.8 0.34 0.04)
(-0.76 0.34 0.04)
(-0.72 0.34 0.04)
(-0.68 0.34 0.04)
(-0.64 0.34 0.04)
(-0.6 0.34 0.04)
(-0.56 0.34 0.04)
(-0.52 0.34 0.04)
(-0.48 0.34 0.04)
(-0.44 0.34 0.04)
(-0.4 0.34 0.04)
(-0.36 0.34 0.04)
(-0.32 0.34 0.04)
(-0.28 0.34 0.04)
(-0.24 0.34 0.04)
(-0.2 0.34 0.04)
(-0.16 0.34 0.04)
(-0.12 0.34 0.04)
(-0.08 0.34 0.04)
(-0.04 0.34 0.04)
(-7.40149e-17 0.34 0.04)
(0.04 0.34 0.04)
(0.08 0.34 0.04)
(0.12 0.34 0.04)
(0.16 0.34 0.04)
(0.2 0.34 0.04)
(0.24 0.34 0.04)
(0.28 0.34 0.04)
(0.32 0.34 0.04)
(0.36 0.34 0.04)
(0.4 0.34 0.04)
(0.44 0.34 0.04)
(0.48 0.34 0.04)
(0.52 0.34 0.04)
(0.56 0.34 0.04)
(0.6 0.34 0.04)
(0.64 0.34 0.04)
(0.68 0.34 0.04)
(0.72 0.34 0.04)
(0.76 0.34 0.04)
(0.8 0.34 0.04)
(0.84 0.34 0.04)
(0.88 0.34 0.04)
(0.92 0.34 0.04)
(0.96 0.34 0.04)
(1 0.34 0.04)
(1.04 0.34 0.04)
(1.08 0.34 0.04)
(1.12 0.34 0.04)
(1.16 0.34 0.04)
(1.2 0.34 0.04)
(1.24 0.34 0.04)
(1.28 0.34 0.04)
(1.32 0.34 0.04)
(1.36 0.34 0.04)
(1.4 0.34 0.04)
(1.44 0.34 0.04)
(1.48 0.34 0.04)
(1.52 0.34 0.04)
(1.56 0.34 0.04)
(1.6 0.34 0.04)
(1.64 0.34 0.04)
(1.68 0.34 0.04)
(1.72 0.34 0.04)
(1.76 0.34 0.04)
(1.8 0.34 0.04)
(1.84 0.34 0.04)
(1.88 0.34 0.04)
(1.92 0.34 0.04)
(1.96 0.34 0.04)
(2 0.34 0.04)
(-1 0.38 0.04)
(-0.96 0.38 0.04)
(-0.92 0.38 0.04)
(-0.88 0.38 0.04)
(-0.84 0.38 0.04)
(-0.8 0.38 0.04)
(-0.76 0.38 0.04)
(-0.72 0.38 0.04)
(-0.68 0.38 0.04)
(-0.64 0.38 0.04)
(-0.6 0.38 0.04)
(-0.56 0.38 0.04)
(-0.52 0.38 0.04)
(-0.48 0.38 0.04)
(-0.44 0.38 0.04)
(-0.4 0.38 0.04)
(-0.36 0.38 0.04)
(-0.32 0.38 0.04)
(-0.28 0.38 0.04)
(-0.24 0.38 0.04)
(-0.2 0.38 0.04)
(-0.16 0.38 0.04)
(-0.12 0.38 0.04)
(-0.08 0.38 0.04)
(-0.04 0.38 0.04)
(-7.40149e-17 0.38 0.04)
(0.04 0.38 0.04)
(0.08 0.38 0.04)
(0.12 0.38 0.04)
(0.16 0.38 0.04)
(0.2 0.38 0.04)
(0.24 0.38 0.04)
(0.28 0.38 0.04)
(0.32 0.38 0.04)
(0.36 0.38 0.04)
(0.4 0.38 0.04)
(0.44 0.38 0.04)
(0.48 0.38 0.04)
(0.52 0.38 0.04)
(0.56 0.38 0.04)
(0.6 0.38 0.04)
(0.64 0.38 0.04)
(0.68 0.38 0.04)
(0.72 0.38 0.04)
(0.76 0.38 0.04)
(0.8 0.38 0.04)
(0.84 0.38 0.04)
(0.88 0.38 0.04)
(0.92 0.38 0.04)
(0.96 0.38 0.04)
(1 0.38 0.04)
(1.04 0.38 0.04)
(1.08 0.38 0.04)
(1.12 0.38 0.04)
(1.16 0.38 0.04)
(1.2 0.38 0.04)
(1.24 0.38 0.04)
(1.28 0.38 0.04)
(1.32 0.38 0.04)
(1.36 0.38 0.04)
(1.4 0.38 0.04)
(1.44 0.38 0.04)
(1.48 0.38 0.04)
(1.52 0.38 0.04)
(1.56 0.38 0.04)
(1.6 0.38 0.04)
(1.64 0.38 0.04)
(1.68 0.38 0.04)
(1.72 0.38 0.04)
(1.76 0.38 0.04)
(1.8 0.38 0.04)
(1.84 0.38 0.04)
(1.88 0.38 0.04)
(1.92 0.38 0.04)
(1.96 0.38 0.04)
(2 0.38 0.04)
(-1 0.42 0.04)
(-0.96 0.42 0.04)
(-0.92 0.42 0.04)
(-0.88 0.42 0.04)
(-0.84 0.42 0.04)
(-0.8 0.42 0.04)
(-0.76 0.42 0.04)
(-0.72 0.42 0.04)
(-0.68 0.42 0.04)
(-0.64 0.42 0.04)
(-0.6 0.42 0.04)
(-0.56 0.42 0.04)
(-0.52 0.42 0.04)
(-0.48 0.42 0.04)
(-0.44 0.42 0.04)
(-0.4 0.42 0.04)
(-0.36 0.42 0.04)
(-0.32 0.42 0.04)
(-0.28 0.42 0.04)
(-0.24 0.42 0.04)
(-0.2 0.42 0.04)
(-0.16 0.42 0.04)
(-0.12 0.42 0.04)
(-0.08 0.42 0.04)
(-0.04 0.42 0.04)
(-7.40149e-17 0.42 0.04)
(0.04 0.42 0.04)
(0.08 0.42 0.04)
(0.12 0.42 0.04)
(0.16 0.42 0.04)
(0.2 0.42 0.04)
(0.24 0.42 0.04)
(0.28 0.42 0.04)
(0.32 0.42 0.04)
(0.36 0.42 0.04)
(0.4 0.42 0.04)
(0.44 0.42 0.04)
(0.48 0.42 0.04)
(0.52 0.42 0.04)
(0.56 0.42 0.04)
(0.6 0.42 0.04)
(0.64 0.42 0.04)
(0.68 0.42 0.04)
(0.72 0.42 0.04)
(0.76 0.42 0.04)
(0.8 0.42 0.04)
(0.84 0.42 0.04)
(0.88 0.42 0.04)
(0.92 0.42 0.04)
(0.96 0.42 0.04)
(1 0.42 0.04)
(1.04 0.42 0.04)
(1.08 0.42 0.04)
(1.12 0.42 0.04)
(1.16 0.42 0.04)
(1.2 0.42 0.04)
(1.24 0.42 0.04)
(1.28 0.42 0.04)
(1.32 0.42 0.04)
(1.36 0.42 0.04)
(1.4 0.42 0.04)
(1.44 0.42 0.04)
(1.48 0.42 0.04)
(1.52 0.42 0.04)
(1.56 0.42 0.04)
(1.6 0.42 0.04)
(1.64 0.42 0.04)
(1.68 0.42 0.04)
(1.72 0.42 0.04)
(1.76 0.42 0.04)
(1.8 0.42 0.04)
(1.84 0.42 0.04)
(1.88 0.42 0.04)
(1.92 0.42 0.04)
(1.96 0.42 0.04)
(2 0.42 0.04)
(-1 0.46 0.04)
(-0.96 0.46 0.04)
(-0.92 0.46 0.04)
(-0.88 0.46 0.04)
(-0.84 0.46 0.04)
(-0.8 0.46 0.04)
(-0.76 0.46 0.04)
(-0.72 0.46 0.04)
(-0.68 0.46 0.04)
(-0.64 0.46 0.04)
(-0.6 0.46 0.04)
(-0.56 0.46 0.04)
(-0.52 0.46 0.04)
(-0.48 0.46 0.04)
(-0.44 0.46 0.04)
(-0.4 0.46 0.04)
(-0.36 0.46 0.04)
(-0.32 0.46 0.04)
(-0.28 0.46 0.04)
(-0.24 0.46 0.04)
(-0.2 0.46 0.04)
(-0.16 0.46 0.04)
(-0.12 0.46 0.04)
(-0.08 0.46 0.04)
(-0.04 0.46 0.04)
(-7.40149e-17 0.46 0.04)
(0.04 0.46 0.04)
(0.08 0.46 0.04)
(0.12 0.46 0.04)
(0.16 0.46 0.04)
(0.2 0.46 0.04)
(0.24 0.46 0.04)
(0.28 0.46 0.04)
(0.32 0.46 0.04)
(0.36 0.46 0.04)
(0.4 0.46 0.04)
(0.44 0.46 0.04)
(0.48 0.46 0.04)
(0.52 0.46 0.04)
(0.56 0.46 0.04)
(0.6 0.46 0.04)
(0.64 0.46 0.04)
(0.68 0.46 0.04)
(0.72 0.46 0.04)
(0.76 0.46 0.04)
(0.8 0.46 0.04)
(0.84 0.46 0.04)
(0.88 0.46 0.04)
(0.92 0.46 0.04)
(0.96 0.46 0.04)
(1 0.46 0.04)
(1.04 0.46 0.04)
(1.08 0.46 0.04)
(1.12 0.46 0.04)
(1.16 0.46 0.04)
(1.2 0.46 0.04)
(1.24 0.46 0.04)
(1.28 0.46 0.04)
(1.32 0.46 0.04)
(1.36 0.46 0.04)
(1.4 0.46 0.04)
(1.44 0.46 0.04)
(1.48 0.46 0.04)
(1.52 0.46 0.04)
(1.56 0.46 0.04)
(1.6 0.46 0.04)
(1.64 0.46 0.04)
(1.68 0.46 0.04)
(1.72 0.46 0.04)
(1.76 0.46 0.04)
(1.8 0.46 0.04)
(1.84 0.46 0.04)
(1.88 0.46 0.04)
(1.92 0.46 0.04)
(1.96 0.46 0.04)
(2 0.46 0.04)
(-1 0.5 0.04)
(-0.96 0.5 0.04)
(-0.92 0.5 0.04)
(-0.88 0.5 0.04)
(-0.84 0.5 0.04)
(-0.8 0.5 0.04)
(-0.76 0.5 0.04)
(-0.72 0.5 0.04)
(-0.68 0.5 0.04)
(-0.64 0.5 0.04)
(-0.6 0.5 0.04)
(-0.56 0.5 0.04)
(-0.52 0.5 0.04)
(-0.48 0.5 0.04)
(-0.44 0.5 0.04)
(-0.4 0.5 0.04)
(-0.36 0.5 0.04)
(-0.32 0.5 0.04)
(-0.28 0.5 0.04)
(-0.24 0.5 0.04)
(-0.2 0.5 0.04)
(-0.16 0.5 0.04)
(-0.12 0.5 0.04)
(-0.08 0.5 0.04)
(-0.04 0.5 0.04)
(-7.40149e-17 0.5 0.04)
(0.04 0.5 0.04)
(0.08 0.5 0.04)
(0.12 0.5 0.04)
(0.16 0.5 0.04)
(0.2 0.5 0.04)
(0.24 0.5 0.04)
(0.28 0.5 0.04)
(0.32 0.5 0.04)
(0.36 0.5 0.04)
(0.4 0.5 0.04)
(0.44 0.5 0.04)
(0.48 0.5 0.04)
(0.52 0.5 0.04)
(0.56 0.5 0.04)
(0.6 0.5 0.04)
(0.64 0.5 0.04)
(0.68 0.5 0.04)
(0.72 0.5 0.04)
(0.76 0.5 0.04)
(0.8 0.5 0.04)
(0.84 0.5 0.04)
(0.88 0.5 0.04)
(0.92 0.5 0.04)
(0.96 0.5 0.04)
(1 0.5 0.04)
(1.04 0.5 0.04)
(1.08 0.5 0.04)
(1.12 0.5 0.04)
(1.16 0.5 0.04)
(1.2 0.5 0.04)
(1.24 0.5 0.04)
(1.28 0.5 0.04)
(1.32 0.5 0.04)
(1.36 0.5 0.04)
(1.4 0.5 0.04)
(1.44 0.5 0.04)
(1.48 0.5 0.04)
(1.52 0.5 0.04)
(1.56 0.5 0.04)
(1.6 0.5 0.04)
(1.64 0.5 0.04)
(1.68 0.5 0.04)
(1.72 0.5 0.04)
(1.76 0.5 0.04)
(1.8 0.5 0.04)
(1.84 0.5 0.04)
(1.88 0.5 0.04)
(1.92 0.5 0.04)
(1.96 0.5 0.04)
(2 0.5 0.04)
)


// ************************************************************************* //
